0.00012207
0.00018311
-0.00015259
-0.00033569
-0.00033569
-0.00079346
-0.00064087
-0.00015259
-3.0518e-05
-3.0518e-05
-6.1035e-05
-6.1035e-05
-0.00033569
-0.00021362
9.1553e-05
0.00036621
0.00091553
0.00067139
0.00030518
0.00024414
6.1035e-05
-0.00018311
-0.00012207
6.1035e-05
0.0005188
0.00082397
0.00076294
0.00042725
-0.00030518
-0.00094604
-0.0011292
-0.00064087
-3.0518e-05
0.00048828
0.00064087
-0.00024414
-0.0014038
-0.0013733
-0.0013428
-0.00076294
0.00024414
-0.00012207
-0.00036621
-0.00042725
-0.00057983
-0.00015259
0.0005188
0.00088501
0.0010071
0.0010376
0.0007019
-0.00021362
-9.1553e-05
0.00024414
0.00033569
0.00033569
-0.00057983
-0.0012512
-0.0010376
-0.00085449
-0.00030518
-0.00027466
-0.00021362
0.00076294
0.00094604
0.0005188
0.00042725
0.0010681
0.001709
0.0016785
0.0013733
0.0010376
0.00042725
-0.00015259
-0.0007019
-0.00042725
-9.1553e-05
-0.00082397
-0.0021362
-0.0033569
-0.0041809
-0.0039062
-0.0023193
-0.00094604
-3.0518e-05
0.00057983
0.0015564
0.0039368
0.0076294
0.012299
0.016205
0.017303
0.015594
0.010681
0.004364
-0.0020752
-0.0090332
-0.0177
-0.029388
-0.04187
-0.052155
-0.05722
-0.054657
-0.044647
-0.029022
-0.0112
0.006897
0.024872
0.04245
0.059021
0.073822
0.085724
0.090759
0.086456
0.073334
0.054749
0.0336
0.011169
-0.011047
-0.031464
-0.049194
-0.063599
-0.074036
-0.077942
-0.073792
-0.062805
-0.045868
-0.02652
-0.0071411
0.010834
0.025604
0.036011
0.042236
0.04364
0.039551
0.030548
0.016327
-0.00079346
-0.018433
-0.033356
-0.043976
-0.049957
-0.051117
-0.047302
-0.038361
-0.02594
-0.010498
0.0066528
0.022949
0.03598
0.045563
0.0513
0.051544
0.047119
0.038696
0.026978
0.013062
-0.0010071
-0.01355
-0.024292
-0.032257
-0.036896
-0.038666
-0.036255
-0.029541
-0.019135
-0.0069275
0.0046692
0.015015
0.024414
0.031586
0.035187
0.036072
0.034088
0.029785
0.024109
0.017761
0.011292
0.0053711
0.00048828
-0.0034485
-0.0075073
-0.010345
-0.011475
-0.0112
-0.0099182
-0.0098267
-0.0098572
-0.0096436
-0.0099792
-0.011078
-0.012756
-0.012268
-0.0082092
-0.0028076
-0.0010071
-0.0033264
-0.0061951
-0.006012
-0.0032959
-0.0020447
-0.00082397
0.00079346
-0.00067139
-0.0048218
-0.007019
-0.0018005
0.0066833
0.0047302
-0.0091858
-0.023743
-0.029694
-0.027283
-0.024017
-0.016937
-0.0021057
0.00354
-0.024872
-0.083221
-0.12457
-0.10959
-0.049591
0.014099
0.051483
0.067749
0.080872
0.09494
0.10822
0.12991
0.16562
0.19617
0.18564
0.12262
0.043091
-0.0074768
-0.023224
-0.034149
-0.060455
-0.091949
-0.11206
-0.12039
-0.12262
-0.11469
-0.085876
-0.040375
-0.0022583
0.015594
0.021729
0.031464
0.043762
0.043457
0.027618
0.0079651
-0.0073547
-0.023468
-0.046295
-0.067993
-0.076996
-0.069275
-0.056641
-0.045319
-0.030579
-0.007782
0.018768
0.036957
0.048187
0.056671
0.063385
0.064026
0.052948
0.034821
0.014954
-0.0029907
-0.019348
-0.031677
-0.034424
-0.028259
-0.018494
-0.011383
-0.0054932
0.0050964
0.01886
0.031891
0.039673
0.040985
0.039032
0.032135
0.019836
0.0041504
-0.0089417
-0.017883
-0.025055
-0.031982
-0.036835
-0.034027
-0.024872
-0.015778
-0.011841
-0.010925
-0.0045166
0.0059814
0.01358
0.015625
0.012451
0.0083923
0.0018005
-0.0050659
-0.0023499
0.0095215
0.023743
0.033936
0.038544
0.040802
0.042664
0.041473
0.036224
0.029358
0.019135
0.0057678
-0.0092468
-0.024139
-0.034576
-0.040466
-0.044586
-0.049683
-0.055573
-0.056091
-0.050568
-0.041016
-0.029541
-0.018921
-0.010315
-0.0031433
0.0049438
0.0112
0.013397
0.013824
0.014313
0.013519
0.0073853
-0.0019531
-0.0072021
-0.0027161
0.0077209
0.013184
0.013916
0.014221
0.016541
0.021454
0.025482
0.031555
0.040771
0.043671
0.034027
0.019623
0.0099792
0.0033264
-0.0064392
-0.024384
-0.044647
-0.059509
-0.078339
-0.11264
-0.14032
-0.13165
-0.088593
-0.028748
0.029816
0.08017
0.12189
0.14417
0.14468
0.14078
0.14325
0.13785
0.1073
0.050842
-0.012482
-0.059998
-0.084717
-0.090851
-0.083008
-0.066223
-0.047516
-0.030151
-0.011658
0.0091858
0.028046
0.032959
0.021698
0.0043335
-0.011169
-0.024597
-0.040039
-0.056335
-0.06839
-0.070984
-0.063934
-0.049072
-0.025696
-0.00091553
0.016968
0.026245
0.03067
0.033569
0.034546
0.031067
0.02063
0.0066833
-0.0072937
-0.018616
-0.026367
-0.031433
-0.032684
-0.026642
-0.012054
0.0039978
0.016113
0.023804
0.030548
0.0383
0.039978
0.032257
0.022308
0.016052
0.012421
0.0085754
0.0072327
0.013153
0.024414
0.034393
0.036163
0.030853
0.024689
0.017395
0.0078125
-0.0054321
-0.019287
-0.028168
-0.033752
-0.041443
-0.048645
-0.045868
-0.032471
-0.02243
-0.022858
-0.026855
-0.031525
-0.031464
-0.022217
-0.014526
-0.0053711
0.0047607
0.00097656
-0.0016785
0.01123
0.02124
0.021301
0.021393
0.02356
0.022491
0.022614
0.030975
0.033478
0.024139
0.0064087
-0.02066
-0.029236
-0.040375
-0.10654
-0.14578
-0.11292
-0.06601
-0.0036316
0.056671
0.10605
0.15494
0.1535
0.13083
0.14374
0.14957
0.11636
0.056458
-0.012268
-0.06311
-0.09964
-0.11487
-0.09021
-0.045197
-0.014069
-0.0018311
0.01532
0.041199
0.046906
0.029877
0.0057983
-0.021027
-0.051819
-0.084747
-0.10349
-0.097351
-0.085907
-0.07843
-0.054596
-0.011658
0.030579
0.05835
0.070465
0.071045
0.058655
0.028961
-0.0057068
-0.027771
-0.040741
-0.054169
-0.059265
-0.050079
-0.030426
-0.0056458
0.017151
0.036621
0.05191
0.054535
0.040924
0.016602
-0.0062256
-0.026184
-0.042267
-0.048676
-0.048553
-0.034973
-0.0096436
0.012115
0.03421
0.053101
0.063568
0.07132
0.066803
0.055664
0.052063
0.044067
0.034943
0.025848
0.012695
0.0047913
-0.0058289
-0.0074463
0.0013733
0.0021667
0.00067139
-0.012054
-0.032288
-0.038452
-0.034882
-0.030823
-0.030151
-0.04126
-0.057373
-0.057678
-0.046844
-0.030945
-0.014374
-0.012329
-0.008728
-0.00354
0.0029907
0.010986
0.0093994
0.014221
0.012756
-0.0029602
-0.0056763
0.0035095
-0.005188
-0.011505
-0.0336
-0.16183
-0.21387
-0.14066
-0.067352
0.053345
0.15311
0.1965
0.22253
0.16422
0.14728
0.18219
0.15604
0.10263
0.034271
-0.048279
-0.11148
-0.15262
-0.1109
-0.033203
0.01355
0.04303
0.070129
0.090607
0.083344
0.037079
0.0073547
-0.039307
-0.11285
-0.15561
-0.1557
-0.12946
-0.097473
-0.075287
-0.028137
0.022552
0.052826
0.078888
0.097015
0.083649
0.028839
-0.036865
-0.077454
-0.097351
-0.10242
-0.091034
-0.063843
-0.027496
0.004303
0.040894
0.088165
0.11414
0.10626
0.077911
0.038208
-0.0037537
-0.043884
-0.067535
-0.066315
-0.072052
-0.076721
-0.044861
-0.0034485
0.02948
0.055054
0.075592
0.087677
0.054901
0.018158
0.013885
-0.0033875
-0.020447
-0.01593
0.002533
0.033295
0.052002
0.074219
0.099487
0.087128
0.058472
0.035553
0.0062256
-0.025146
-0.047424
-0.053101
-0.061462
-0.059296
-0.042358
-0.030579
-0.020325
-0.026062
-0.034485
-0.035156
-0.041443
-0.035675
-0.030975
-0.043976
-0.050446
-0.047913
-0.045258
-0.017944
0.010284
0.013702
0.008728
0.016174
0.014221
-0.0071411
-0.0098877
-0.14664
-0.25711
-0.17392
-0.10406
0.032776
0.20438
0.26337
0.29578
0.20731
0.15283
0.1904
0.14178
0.09787
0.052338
-0.044952
-0.13092
-0.18198
-0.10648
0.0029297
0.060944
0.11453
0.12732
0.10349
0.05246
-0.017151
-0.037659
-0.098785
-0.17441
-0.18402
-0.16806
-0.13327
-0.080566
-0.025116
0.039948
0.058502
0.064697
0.076355
0.05896
0.010498
-0.056335
-0.1022
-0.12421
-0.1416
-0.10669
-0.047516
0.0024719
0.051147
0.085297
0.1149
0.1199
0.090607
0.067657
0.030945
-0.020477
-0.061005
-0.082397
-0.073212
-0.054718
-0.010254
0.016876
0.0018616
0.038757
0.055756
0.033356
0.04422
0.013306
-0.018066
-0.034302
-0.048492
-0.002655
0.026825
0.042664
0.084625
0.099792
0.095093
0.086914
0.078278
0.057739
0.0069885
-0.02533
-0.040039
-0.04776
-0.041351
-0.028046
-0.010559
-0.010834
-0.017303
-0.018433
-0.018768
-0.024872
-0.052643
-0.051575
-0.054657
-0.093536
-0.086639
-0.05658
-0.031769
-0.01004
-0.0031128
0.013977
0.0099182
-0.03241
-0.024078
-0.034943
-0.29327
-0.36646
-0.20712
-0.10406
0.11438
0.32178
0.42862
0.40637
0.20792
0.18634
0.17209
0.067078
0.049164
0.015045
-0.079559
-0.20316
-0.20447
-0.030853
0.07251
0.14789
0.2149
0.20673
0.1163
-0.0065308
-0.055328
-0.10681
-0.22787
-0.25488
-0.22235
-0.16617
-0.089661
0.012512
0.10983
0.11401
0.084625
0.085388
0.045837
-0.017212
-0.083466
-0.13031
-0.16821
-0.19583
-0.14023
-0.042419
0.030029
0.09491
0.1387
0.14362
0.10382
0.050964
0.022491
-0.026062
-0.080475
-0.096893
-0.09137
-0.067657
-0.025269
0.044861
0.11011
0.12509
0.12381
0.056946
-0.01535
-0.044006
-0.090179
-0.10507
-0.099579
-0.077301
-0.015015
0.030975
0.11591
0.17642
0.16092
0.13251
0.088867
0.046143
0.0011292
-0.024963
-0.018311
-0.03772
-0.041168
-0.01712
0.021118
0.045166
0.042999
0.037994
0.0040283
-0.056641
-0.07605
-0.067139
-0.067047
-0.09848
-0.11032
-0.090454
-0.061249
-0.016052
0.025635
0.04248
0.020813
-0.011078
-0.026886
-0.053864
-0.062134
-0.30649
-0.47946
-0.31226
-0.20084
0.049622
0.37735
0.51331
0.49951
0.26865
0.18073
0.1347
0.0068665
0.040619
0.039856
-0.056641
-0.18683
-0.18945
-0.014008
0.096161
0.2261
0.3327
0.27771
0.12988
-0.035736
-0.11105
-0.19925
-0.297
-0.25415
-0.20776
-0.14716
-0.049225
0.065521
0.14133
0.1192
0.098511
0.074768
-0.016174
-0.087463
-0.14056
-0.18201
-0.21555
-0.18912
-0.086243
0.0080566
0.092621
0.16666
0.18051
0.13428
0.058075
0.0029297
-0.054199
-0.11069
-0.11853
-0.099426
-0.084686
-0.047607
0.027527
0.10223
0.14398
0.15793
0.14386
0.044342
-0.07547
-0.11026
-0.13965
-0.14069
-0.10672
-0.074707
0.0041199
0.059662
0.14142
0.22134
0.19409
0.14944
0.082184
0.01651
-0.023865
-0.050873
-0.025177
-0.01358
-0.009552
0.019104
0.057678
0.081635
0.076172
0.070251
0.028717
-0.047852
-0.094391
-0.10202
-0.092529
-0.10837
-0.091461
-0.063721
-0.077667
-0.054901
-0.02832
-0.034912
-0.034241
-0.070099
-0.093811
-0.051727
-0.2832
-0.47095
-0.29321
-0.18744
0.04068
0.35898
0.54333
0.5401
0.28995
0.2074
0.12814
-0.030579
0.012726
0.04837
-0.01004
-0.14651
-0.12967
0.028961
0.086426
0.20459
0.30066
0.25128
0.088654
-0.063324
-0.1051
-0.22644
-0.29431
-0.21912
-0.18063
-0.11838
-0.024536
0.096405
0.12534
0.067749
0.062988
0.01767
-0.07074
-0.11212
-0.12363
-0.14938
-0.1882
-0.12317
-0.026337
0.038879
0.11404
0.16483
0.15845
0.082306
0.016296
-0.022461
-0.084167
-0.11011
-0.092773
-0.064423
-0.041473
0.0016785
0.072693
0.10583
0.11945
0.12128
0.092407
0.016754
-0.10287
-0.1322
-0.14755
-0.14008
-0.09375
-0.056091
0.033081
0.073395
0.12738
0.20868
0.17197
0.12796
0.061279
0.011475
-0.020996
-0.049286
-0.012695
0.0084534
0.013306
0.042877
0.069763
0.092987
0.077515
0.065063
0.021851
-0.037109
-0.076508
-0.082855
-0.073242
-0.10364
-0.11316
-0.098602
-0.091614
-0.057556
-0.042908
-0.0071411
0.0025024
-0.043396
-0.1087
-0.10129
-0.30493
-0.51459
-0.32596
-0.17035
0.057404
0.38074
0.54807
0.52939
0.26511
0.17538
0.11243
-0.026886
0.026825
0.046143
-0.026337
-0.16751
-0.13739
0.022705
0.11493
0.28622
0.38531
0.31729
0.11072
-0.07724
-0.16504
-0.31238
-0.34488
-0.25195
-0.18301
-0.086517
0.026306
0.15887
0.16312
0.10861
0.093536
0.0080872
-0.10001
-0.16913
-0.19492
-0.23523
-0.24927
-0.14023
-0.024078
0.085815
0.18933
0.23798
0.20828
0.1059
0.02182
-0.06366
-0.13644
-0.14014
-0.11414
-0.068573
-0.017853
0.05777
0.12735
0.1514
0.16522
0.14468
0.064789
-0.027069
-0.14389
-0.20966
-0.21494
-0.16983
-0.086487
-0.034668
0.044891
0.1058
0.11786
0.14709
0.12408
0.084595
0.031616
-0.0067444
-0.011963
-0.025787
0.0067444
0.047089
0.060425
0.081024
0.088806
0.10278
0.082642
0.054108
0.027405
-0.024902
-0.082611
-0.083405
-0.054901
-0.060547
-0.062897
-0.040863
-0.042145
-0.053955
-0.050018
-0.051239
-0.10446
-0.11319
-0.13235
-0.11652
-0.11826
-0.3306
-0.3259
-0.22644
-0.13159
0.14078
0.35745
0.48181
0.38174
0.24069
0.18613
0.031616
0.014893
0.06189
0.055756
-0.015594
-0.069855
-0.01236
0.017242
0.1069
0.22275
0.2377
0.16519
0.050781
-0.020355
-0.13684
-0.21448
-0.20569
-0.21136
-0.18256
-0.10666
-0.00045776
0.057159
0.067291
0.089569
0.047974
-0.017334
-0.056427
-0.084595
-0.12329
-0.15967
-0.13049
-0.089172
-0.043304
0.033783
0.099457
0.12405
0.10632
0.083618
0.036011
-0.027161
-0.052704
-0.06369
-0.063904
-0.052338
-0.019592
0.017944
0.04245
0.080383
0.10223
0.084595
0.036469
-0.0068054
-0.082825
-0.15634
-0.13101
-0.098053
-0.050171
-0.0052795
-0.0047302
0.020325
0.030792
0.082062
0.12686
0.11456
0.1044
0.063721
0.040955
0.024597
0.032654
0.058502
0.044495
0.042084
0.047272
0.056946
0.062317
0.065216
0.059204
0.015381
-0.035126
-0.063263
-0.090454
-0.1174
-0.10123
-0.074188
-0.085144
-0.072388
-0.0354
-0.02887
-0.052795
-0.051239
-0.072601
-0.083954
-0.34222
-0.48563
-0.33838
-0.26913
0.00042725
0.328
0.49954
0.46878
0.29352
0.27551
0.12271
0.018921
0.079407
0.038269
-0.062042
-0.17007
-0.10342
-0.018433
0.095734
0.30408
0.35858
0.28223
0.12051
-0.0036011
-0.14792
-0.28732
-0.28394
-0.26489
-0.24127
-0.1456
0.0055237
0.12341
0.14136
0.17316
0.1315
0.019989
-0.065735
-0.12094
-0.18091
-0.24008
-0.21246
-0.14825
-0.074493
0.052094
0.16763
0.21585
0.19116
0.13632
0.049835
-0.060486
-0.11334
-0.12579
-0.12289
-0.092529
-0.034912
0.032959
0.087158
0.14685
0.18045
0.15369
0.0849
-0.012756
-0.1098
-0.1777
-0.18802
-0.13495
-0.082825
-0.067688
0.0082703
0.067078
0.0849
0.10077
0.059906
-0.0010681
-0.059021
-0.079926
-0.041962
-0.0066528
0.062592
0.12137
0.15244
0.16541
0.15582
0.13568
0.094971
0.046997
0.0091858
-0.027954
-0.023865
-0.0039062
0.021637
0.020721
-0.00048828
-0.010834
-0.042725
-0.064819
-0.066681
-0.09906
-0.12894
-0.14948
-0.14908
-0.14478
-0.1283
-0.095612
-0.10071
-0.051086
-0.24869
-0.36108
-0.2052
-0.15182
0.057556
0.31158
0.41916
0.36514
0.21078
0.20975
0.10721
0.047577
0.12158
0.095276
-0.0025024
-0.1062
-0.066925
-0.011047
0.083344
0.26956
0.31384
0.23807
0.087616
-0.037903
-0.17322
-0.2709
-0.24341
-0.2164
-0.19592
-0.10855
-0.0029907
0.084839
0.11923
0.15335
0.10831
0.0012817
-0.080658
-0.13361
-0.1785
-0.20694
-0.16748
-0.10233
-0.03894
0.07193
0.17035
0.20309
0.17758
0.11639
0.017822
-0.095428
-0.13843
-0.14105
-0.13089
-0.086029
-0.024261
0.038361
0.090118
0.14407
0.16632
0.12216
0.045868
-0.041412
-0.12045
-0.17294
-0.16397
-0.11472
-0.063385
0.0021667
0.070953
0.11438
0.083344
0.083405
0.065796
-0.0068054
-0.045319
-0.069916
-0.086029
-0.084167
-0.033905
0.063751
0.10608
0.15787
0.19397
0.18127
0.14218
0.093842
0.052856
0.0030823
-0.034088
-0.021851
-0.0050659
0.0098572
0.031647
0.044006
0.0096436
-0.028076
-0.056854
-0.094177
-0.11209
-0.092316
-0.085236
-0.13541
-0.16141
-0.17511
-0.16824
-0.11139
-0.11841
-0.03537
-0.13263
-0.38187
-0.22815
-0.134
0.016205
0.27396
0.4046
0.397
0.19629
0.168
0.16318
0.063538
0.1268
0.11612
0.02301
-0.12241
-0.090393
0.036163
0.12247
0.27658
0.3157
0.21243
0.041809
-0.079315
-0.12994
-0.22614
-0.23007
-0.21863
-0.20959
-0.12024
0.0083618
0.12988
0.15491
0.13376
0.067383
-0.041016
-0.099213
-0.12161
-0.13901
-0.17896
-0.18216
-0.12119
-0.045898
0.081879
0.19186
0.21713
0.15015
0.046478
-0.041351
-0.12537
-0.15115
-0.13394
-0.12845
-0.091187
-0.029358
0.048431
0.11694
0.16122
0.16077
0.091522
-0.00015259
-0.075623
-0.12524
-0.14954
-0.13589
-0.077118
-0.01239
0.063141
0.14581
0.18912
0.17276
0.13226
0.044739
-0.089752
-0.1059
-0.11533
-0.12073
-0.041473
0.025787
0.081909
0.10101
0.13223
0.15274
0.090424
0.072693
0.048706
0.0022583
-0.028137
-0.033173
-0.025085
-0.016754
0.02417
0.063293
0.072266
0.070251
0.017242
-0.033234
-0.080048
-0.10663
-0.10504
-0.10098
-0.086456
-0.11627
-0.13297
-0.10345
-0.10706
-0.088043
-0.015991
-0.036987
-0.043854
-0.25656
-0.46274
-0.28796
-0.19574
0.037537
0.35342
0.44241
0.40454
0.24557
0.23993
0.21069
0.11691
0.14917
0.050842
-0.089752
-0.20547
-0.14304
0.019012
0.13928
0.31714
0.33698
0.22369
0.095428
-0.014343
-0.096313
-0.22614
-0.27917
-0.29892
-0.3074
-0.17255
0.0015869
0.14941
0.19943
0.19214
0.13791
0.024689
-0.043274
-0.098663
-0.17984
-0.25903
-0.27957
-0.20636
-0.098083
0.062927
0.20352
0.22748
0.17828
0.093445
0.014832
-0.064697
-0.12433
-0.15878
-0.19843
-0.1947
-0.12604
-0.010651
0.11316
0.20523
0.24503
0.19391
0.10614
0.026855
-0.044952
-0.10413
-0.13547
-0.12607
-0.093475
-0.022797
0.087524
0.16791
0.21115
0.19113
0.085999
0.025635
-0.037018
-0.11536
-0.11707
-0.11935
-0.13092
-0.076965
0.01355
0.098297
0.14301
0.17407
0.15546
0.088043
0.02594
-0.013611
-0.062683
-0.092163
-0.067963
-0.017944
0.02533
0.070526
0.08078
0.049561
-0.00045776
-0.044556
-0.037537
-0.056885
-0.087463
-0.10248
-0.15857
-0.19525
-0.16315
-0.11984
-0.049561
0.037598
0.019135
0.027313
-0.21472
-0.42642
-0.21222
-0.1608
0.012543
0.27383
0.30185
0.30414
0.21576
0.29706
0.32629
0.19629
0.17661
0.042328
-0.09729
-0.18039
-0.10825
0.013336
0.03891
0.1619
0.21393
0.17929
0.16339
0.10773
0.015747
-0.1524
-0.2627
-0.28183
-0.29297
-0.18961
-0.06601
0.014587
0.048645
0.082703
0.1301
0.10858
0.0625
-0.010498
-0.14255
-0.25174
-0.27493
-0.20337
-0.11755
-0.026794
0.067139
0.099243
0.11966
0.14218
0.13626
0.074799
-0.020172
-0.091034
-0.1442
-0.15329
-0.10706
-0.03775
0.030212
0.085175
0.14496
0.17755
0.16751
0.13632
0.070251
-0.013092
-0.0802
-0.10248
-0.097504
-0.067657
-0.025635
-0.029419
0.033569
0.10794
0.10654
0.1286
0.075348
-0.013458
-0.05661
-0.086151
-0.054779
-0.022949
-0.0082703
0.039581
0.067871
0.086884
0.091553
0.086975
0.050476
-0.0090027
-0.01767
-0.020966
-0.02005
-0.020538
-0.036224
-0.033508
-0.039856
-0.025208
-0.0068359
-0.027618
-0.062317
-0.1153
-0.11163
-0.13651
-0.17575
-0.11282
-0.04892
-0.050201
0.019775
-0.11087
-0.38165
-0.19742
-0.096649
0.015167
0.27591
0.25507
0.25247
0.20145
0.21564
0.32544
0.24023
0.18655
0.059509
-0.043274
-0.11041
-0.12302
0.017212
0.033875
0.046814
0.13153
0.13177
0.15204
0.12677
0.062073
-0.064514
-0.21237
-0.24155
-0.24112
-0.18616
-0.1098
-0.07254
-0.016571
0.014252
0.074493
0.13672
0.10114
0.03009
-0.066467
-0.15125
-0.19666
-0.18808
-0.1405
-0.11081
-0.063385
0.014252
0.085968
0.14932
0.16449
0.13202
0.064056
-0.01236
-0.059326
-0.087311
-0.10129
-0.095001
-0.064087
-0.009613
0.059509
0.1283
0.16003
0.14474
0.10367
0.055847
0.0099792
-0.031525
-0.065399
-0.088776
-0.14337
-0.11313
-0.017548
0.023193
0.070068
0.092468
0.083527
0.08374
0.070343
0.062439
0.017365
-0.02124
-0.019867
-0.0055237
0.030945
0.043091
0.055786
0.052216
0.029602
0.052826
0.050812
0.023041
-0.030151
-0.061249
-0.070496
-0.10806
-0.067535
-0.038422
-0.057007
-0.075653
-0.1138
-0.1131
-0.1398
-0.1445
-0.063965
-0.091034
-0.048218
-0.19424
-0.4238
-0.11188
-0.039551
0.03714
0.32181
0.24042
0.25946
0.26599
0.29129
0.34964
0.18369
0.12753
0.0061951
-0.054321
-0.039581
-0.087555
0.0022278
0.0075378
-0.0063782
0.11328
0.15161
0.15643
0.091675
0.019775
-0.063751
-0.18762
-0.17935
-0.19348
-0.2215
-0.16849
-0.12708
-0.044678
0.033569
0.083008
0.11957
0.080109
0.041351
-0.0029602
-0.057678
-0.10199
-0.15274
-0.16278
-0.14407
-0.10812
-0.023621
0.051697
0.10526
0.13483
0.14526
0.13306
0.083099
0.026611
-0.031128
-0.097076
-0.12335
-0.10785
-0.075073
-0.027832
0.022339
0.074402
0.10818
0.12677
0.12656
0.087494
0.029053
-0.040924
-0.086395
-0.10062
-0.15494
-0.10837
-0.026062
-0.032257
0.0068665
0.065369
0.09906
0.13281
0.14835
0.12286
0.058014
0.024292
0.0098877
0.010406
0.018188
0.0056763
0.020844
0.043823
0.066498
0.086914
0.071655
0.030945
-0.033508
-0.034607
-0.041748
-0.090363
-0.082428
-0.10342
-0.16931
-0.16763
-0.12234
-0.15146
-0.1488
-0.054901
-0.090118
-0.059998
-0.3143
-0.4252
-0.041687
-0.12863
0.03891
0.28864
0.13373
0.26932
0.31665
0.39987
0.38483
0.21179
0.19547
0.032379
0.010345
-0.00042725
-0.14423
-0.071289
-0.053925
-0.014374
0.12366
0.15405
0.14896
0.074371
0.044647
0.014893
-0.11392
-0.13464
-0.21292
-0.26764
-0.20291
-0.16208
-0.097565
-0.036163
0.016266
0.081635
0.095795
0.11758
0.072266
-0.0099792
-0.042145
-0.10065
-0.13403
-0.13141
-0.13892
-0.108
-0.040863
0.03949
0.095947
0.12286
0.14734
0.13028
0.11102
0.084198
0.0061646
-0.05896
-0.089966
-0.10046
-0.079742
-0.054504
-0.027069
-0.0005188
0.041748
0.095093
0.10764
0.095001
0.050323
-0.00045776
-0.030365
-0.049225
-0.073822
-0.15173
-0.13858
-0.067749
-0.078674
-0.0020752
0.096832
0.086304
0.11069
0.16702
0.13571
0.10019
0.10608
0.062256
0.014343
0.023743
0.017944
-0.009491
0.020569
0.050598
0.039215
0.05011
0.052765
0.002655
-0.031525
-0.036224
-0.06839
-0.10645
-0.11682
-0.1517
-0.19067
-0.19989
-0.20569
-0.12305
-0.12665
-0.087952
-0.24655
-0.41708
0.002594
-0.069183
-0.038513
0.29593
0.08371
0.20349
0.34705
0.36075
0.33841
0.19952
0.2482
0.088318
0.036377
0.096375
-0.12192
-0.10855
-0.010651
-0.035461
0.050079
0.086578
0.099213
0.060974
0.06958
0.087006
-0.07196
-0.10486
-0.13589
-0.21732
-0.17032
-0.15948
-0.16959
-0.12662
-0.054626
0.033508
0.051239
0.084503
0.082275
0.021637
0.03656
0.015503
-0.065613
-0.093628
-0.11768
-0.12091
-0.077057
-0.019806
0.0072937
0.020264
0.079681
0.11365
0.1105
0.11865
0.068878
0.01001
-0.0038147
-0.031403
-0.060974
-0.082275
-0.077789
-0.061066
-0.022461
0.030396
0.037323
0.038391
0.059937
0.065948
0.067017
0.045074
0.0081482
-0.032806
-0.048676
-0.069336
-0.11755
-0.047791
-0.013031
-0.061829
-0.0016174
0.075836
0.062683
0.072784
0.13409
0.091278
0.060211
0.10995
0.082611
0.046539
0.0401
0.025238
0.020569
0.034485
0.04303
0.0070801
0.010956
0.013336
-0.042664
-0.035187
-0.049652
-0.087616
-0.097565
-0.14453
-0.1492
-0.17331
-0.16119
-0.13565
-0.13467
-0.24695
-0.47348
-0.091522
-0.060181
-0.20551
0.21808
0.084869
0.12656
0.3873
0.35431
0.34811
0.25558
0.30566
0.19626
0.069275
0.13107
-0.088623
-0.16895
-0.024139
-0.09549
-0.058929
0.018585
0.046326
0.075256
0.10815
0.15164
0.019226
-0.031647
-0.003479
-0.12613
-0.14285
-0.14075
-0.22528
-0.20334
-0.12006
-0.055939
-0.031921
0.026062
0.075043
0.049042
0.092712
0.11166
0.0079346
-0.023773
-0.042358
-0.099213
-0.098419
-0.087097
-0.097321
-0.081329
-0.011078
0.032623
0.039215
0.093933
0.1004
0.066956
0.081696
0.056671
0.0066833
-0.013397
-0.032318
-0.05069
-0.056885
-0.044983
-0.047546
-0.028503
0.027161
0.042328
0.052002
0.072235
0.066376
0.059418
0.049835
0.028168
0.0047913
-0.013092
-0.0076294
-0.040222
-0.058197
-0.02771
-0.042816
-0.033386
-0.033661
-0.018646
0.033478
0.007019
0.049194
0.07132
0.033447
0.077637
0.077393
0.057129
0.06424
0.059906
0.044556
0.035217
0.055389
-0.004425
-0.024414
0.023926
-0.033386
-0.055634
-0.027985
-0.065247
-0.088501
-0.062378
-0.084412
-0.14932
-0.13181
-0.10205
-0.17523
-0.12744
-0.35986
-0.36719
0.032715
-0.27274
-0.057068
0.20352
0.0033264
0.28302
0.33743
0.35162
0.3381
0.30658
0.3472
0.14105
0.14105
0.082794
-0.16714
-0.068726
-0.076477
-0.16412
-0.070374
-0.054565
-0.011566
0.023682
0.099243
0.094208
0.011993
0.090698
0.026642
-0.066528
-0.034149
-0.12418
-0.17606
-0.14642
-0.14368
-0.12756
-0.1069
-0.037933
-0.01825
0.0052795
0.085297
0.05722
0.046783
0.086182
0.02887
-0.0089111
-0.014282
-0.049316
-0.086884
-0.08194
-0.061432
-0.083954
-0.055298
-0.00082397
-0.0084839
0.037018
0.09201
0.080597
0.092346
0.10028
0.072937
0.044983
0.036652
0.005127
-0.034729
-0.031464
-0.041046
-0.054504
-0.021698
0.00045776
0.012878
0.04361
0.060974
0.059204
0.071381
0.055908
-0.024628
0.0064087
-0.014648
-0.10632
-0.074188
-0.096924
-0.09436
-0.055328
-0.04007
0.0089111
0.032501
0.085876
0.1095
0.11288
0.13962
0.095612
0.08783
0.087708
0.046143
0.026611
0.0021667
-0.012665
-0.031769
-0.037354
-0.060089
-0.088135
-0.064117
-0.10184
-0.099976
-0.087952
-0.11639
-0.088654
-0.13043
-0.15433
-0.43289
-0.20477
0.026978
-0.42886
0.035675
0.1174
-0.078369
0.29785
0.27008
0.29907
0.34518
0.3927
0.36328
0.18149
0.27921
0.11777
-0.11188
0.032104
-0.10385
-0.19226
-0.10541
-0.1427
-0.10562
-0.059875
0.018585
0.0054321
0.015808
0.14426
0.056671
0.032623
0.077057
-0.057617
-0.0867
-0.07843
-0.14496
-0.17896
-0.17676
-0.14896
-0.15662
-0.097137
-0.006012
-0.02774
0.033112
0.10547
0.074463
0.10538
0.10782
0.050293
0.017273
0.0021057
-0.033356
-0.083893
-0.073517
-0.075043
-0.10474
-0.039703
-0.0097351
-0.0068054
0.069305
0.090546
0.096802
0.12335
0.12469
0.10129
0.075623
0.061188
0.012543
-0.022186
-0.029114
-0.069366
-0.070038
-0.049866
-0.052704
-0.0336
-0.044189
-0.0066833
0.023834
-0.004425
0.045807
0.021973
-0.031189
0.027405
0.0016479
-0.024261
0.0036926
-0.026886
-0.01709
0.012177
0.024872
0.036774
0.051147
0.076324
0.076843
0.085419
0.098083
0.080688
0.056061
0.045502
0.032074
-0.022308
-0.041809
-0.06662
-0.12247
-0.10699
-0.15045
-0.18005
-0.10144
-0.17441
-0.14359
-0.20883
-0.42532
0.065674
-0.14874
-0.32068
0.24741
-0.040741
0.067932
0.27621
0.18347
0.30786
0.2868
0.34979
0.24591
0.19037
0.2981
0.030914
0.0046692
0.08728
-0.11826
-0.086029
-0.089691
-0.14334
-0.098511
-0.08786
-0.056641
-0.085968
0.0061951
0.063263
-0.020935
0.063904
0.055725
-0.028107
0.015228
-0.030487
-0.077209
-0.095551
-0.12543
-0.13632
-0.15588
-0.10245
-0.083954
-0.10446
-0.014557
0.01297
0.027252
0.099854
0.092896
0.083984
0.095947
0.085114
0.050537
0.016937
0.0065613
-0.052246
-0.082886
-0.052094
-0.081085
-0.070587
-0.030701
-0.028717
0.010986
0.05777
0.079163
0.084961
0.1019
0.10547
0.074768
0.073822
0.051025
-0.0025024
-0.010162
-0.04541
-0.10556
-0.071136
-0.068054
-0.10596
-0.055298
-0.040649
-0.030243
0.026001
0.043121
0.056183
0.074036
0.071686
0.084503
0.11383
0.059753
0.03421
0.07251
0.026611
-0.013489
0.035248
0.0099182
-0.040649
0.029938
0.024597
-0.045685
-0.0055237
0.015015
-0.072174
-0.060272
-0.020416
-0.12973
-0.14563
-0.080322
-0.19177
-0.17877
-0.32156
-0.35611
0.035339
-0.33847
-0.16992
0.17758
-0.10159
0.19293
0.23642
0.25003
0.39801
0.33725
0.38992
0.29651
0.28378
0.25964
0.01886
0.061584
-0.012604
-0.16132
-0.10446
-0.20215
-0.20175
-0.1561
-0.15994
-0.1152
-0.096619
0.015167
0.036194
0.026062
0.12003
0.080231
0.071198
0.086304
0.012878
0.0010376
-0.041229
-0.099457
-0.12601
-0.16251
-0.14548
-0.15515
-0.14542
-0.074249
-0.056122
-0.00048828
0.057068
0.077148
0.12051
0.13297
0.13031
0.11349
0.079376
0.057495
-0.0018921
-0.040009
-0.060852
-0.10867
-0.11093
-0.11679
-0.10245
-0.061462
-0.035034
0.0070801
0.043335
0.082092
0.10684
0.11087
0.12695
0.11029
0.089722
0.069763
-0.0098572
-0.022308
-0.026703
-0.1041
-0.097595
-0.1279
-0.12003
-0.049133
-0.080322
-0.0079346
0.059814
0.050995
0.10703
0.13086
0.15173
0.13849
0.1196
0.12009
0.074249
0.060791
0.021729
-0.017487
-0.013367
-0.045807
-0.066986
-0.087799
-0.083191
-0.081207
-0.090424
-0.10754
-0.12833
-0.065338
-0.13257
-0.15305
-0.12762
-0.41071
-0.04126
-0.0961
-0.44724
0.14038
-0.049652
-0.062408
0.21573
0.13638
0.29959
0.30798
0.35168
0.37662
0.29788
0.40002
0.2041
0.10773
0.17572
-0.049225
-0.088074
-0.11865
-0.22974
-0.21002
-0.24112
-0.22678
-0.20978
-0.14612
-0.058716
-0.059631
0.0354
0.10541
0.080811
0.13535
0.12021
0.094604
0.084106
0.011688
-0.0242
-0.078827
-0.11951
-0.12964
-0.18317
-0.15964
-0.13721
-0.13943
-0.076202
-0.027313
0.022919
0.073425
0.10458
0.13965
0.1424
0.14993
0.12454
0.073456
0.067444
0.01413
-0.036102
-0.053528
-0.096741
-0.10968
-0.11386
-0.11484
-0.085968
-0.056885
-0.026917
0.0014343
0.042297
0.078918
0.09024
0.11359
0.11209
0.097748
0.099915
0.024689
0.043976
0.04129
-0.077209
-0.028809
-0.075439
-0.12741
-0.050842
-0.084259
-0.063141
-0.0054016
0.015167
0.048126
0.07016
0.1189
0.11975
0.11975
0.13449
0.10855
0.095062
0.073364
0.037781
0.0098877
-0.032501
-0.051025
-0.086884
-0.11658
-0.11661
-0.14328
-0.15338
-0.15332
-0.13062
-0.16656
-0.14417
-0.20599
-0.32248
0.044556
-0.22565
-0.24954
0.15637
-0.10596
0.050446
0.15057
0.14035
0.2851
0.25333
0.32996
0.32895
0.30585
0.37161
0.18961
0.2056
0.19553
0.0053406
0.00082397
-0.06958
-0.16364
-0.18167
-0.24088
-0.24231
-0.25217
-0.19095
-0.15369
-0.14508
-0.029114
0.012146
0.019409
0.10983
0.12012
0.13107
0.13141
0.094208
0.072205
0.023376
-0.016449
-0.063232
-0.12305
-0.12473
-0.15494
-0.16098
-0.12665
-0.10913
-0.075104
-0.031311
0.0078735
0.054169
0.079651
0.11652
0.11722
0.11118
0.12308
0.084473
0.062256
0.042542
-0.0052795
-0.028473
-0.055481
-0.081573
-0.0896
-0.095428
-0.090546
-0.075165
-0.04953
-0.027618
-0.0053406
0.026337
0.05014
0.067993
0.099091
0.089264
0.057037
0.13004
0.058777
0.0054626
0.068573
-0.054077
-0.025543
-0.014648
-0.11041
-0.028595
-0.043365
-0.058807
-0.0090027
0.0092468
0.054901
0.037781
0.086792
0.12186
0.083588
0.12595
0.1019
0.08786
0.080383
0.035065
0.0087585
-0.049896
-0.064056
-0.09848
-0.14624
-0.15643
-0.19193
-0.16443
-0.21042
-0.19125
-0.25262
-0.31393
0.043304
-0.30936
-0.21268
0.18005
-0.15359
0.059662
0.15982
0.11841
0.28903
0.23932
0.30002
0.34958
0.31924
0.35513
0.22107
0.26624
0.23395
0.04538
0.056091
-0.01239
-0.11697
-0.14581
-0.23456
-0.24057
-0.24921
-0.25043
-0.22937
-0.19629
-0.10876
-0.075562
-0.051117
0.057281
0.077484
0.103
0.13058
0.11926
0.1264
0.09256
0.041718
0.022552
-0.0401
-0.060791
-0.10236
-0.1312
-0.11716
-0.13208
-0.13165
-0.096191
-0.081451
-0.041351
-0.013428
0.02243
0.05188
0.073456
0.096161
0.097321
0.1058
0.10477
0.078491
0.070435
0.050446
0.023956
0.0092773
-0.015167
-0.035065
-0.038635
-0.049866
-0.054138
-0.04837
-0.038055
-0.032532
-0.019073
0.012451
-0.0065308
0.011627
0.075348
0.002594
0.045074
0.064697
-0.0068359
0.055969
0.014893
-0.010956
0.025665
-0.015686
-0.0040894
-0.0011597
-0.0074158
0.012573
0.005249
0.038666
0.039337
0.04007
0.069153
0.064148
0.066467
0.059082
0.06424
0.025146
-0.0094604
0.0082703
-0.052155
-0.083588
-0.089691
-0.14819
-0.12518
-0.18118
-0.19437
-0.24393
-0.3031
-0.015503
-0.33813
-0.24582
0.11526
-0.22495
0.0026245
0.11206
0.020264
0.25558
0.21625
0.22177
0.38666
0.32303
0.34003
0.31403
0.32169
0.2951
0.1488
0.14563
0.081451
-0.044739
-0.069
-0.19278
-0.21912
-0.22665
-0.30292
-0.28232
-0.24533
-0.22733
-0.17587
-0.14679
-0.056335
-0.0062256
0.023926
0.080627
0.10049
0.13242
0.1329
0.097198
0.11533
0.078003
0.039185
0.010864
-0.031647
-0.042755
-0.073334
-0.10748
-0.095154
-0.10886
-0.10428
-0.091553
-0.078827
-0.049316
-0.031128
-0.0067444
0.016388
0.047668
0.070374
0.077576
0.09491
0.10712
0.10358
0.104
0.091187
0.074219
0.063202
0.040314
0.011993
-0.00082397
-0.01889
-0.041809
-0.072906
-0.082916
-0.055847
-0.095245
-0.088104
-0.041748
-0.06308
-0.032928
-0.0094299
-0.0055237
0.036682
0.04248
0.048126
0.09079
0.085205
0.079895
0.096954
0.093933
0.079651
0.08017
0.059601
0.046875
0.045105
0.014282
-0.004364
-0.014221
-0.041534
-0.061829
-0.070892
-0.089844
-0.10208
-0.12927
-0.11691
-0.13254
-0.14294
-0.17566
-0.23218
-0.030762
-0.20627
-0.22415
0.035736
-0.15521
-0.036926
0.037659
-0.046997
0.15924
0.15378
0.085114
0.29517
0.254
0.24808
0.32535
0.26773
0.30173
0.27985
0.17447
0.18088
0.11536
0.024719
-0.01944
-0.097198
-0.14304
-0.173
-0.22812
-0.24039
-0.23007
-0.23071
-0.21613
-0.18961
-0.14893
-0.1123
-0.077972
-0.051331
-0.014709
0.023468
0.040161
0.057159
0.076599
0.086914
0.092407
0.080994
0.075195
0.077698
0.060852
0.040039
0.025818
0.0089111
-0.0043945
-0.02063
-0.04248
-0.051331
-0.057007
-0.069153
-0.069031
-0.062866
-0.052094
-0.040436
-0.029114
-0.0098572
0.012695
0.029236
0.040802
0.056091
0.069733
0.076416
0.073608
0.067719
0.064331
0.057373
0.038147
0.028595
0.01593
0.002594
-0.005127
-0.021057
-0.027893
-0.029724
-0.033356
-0.03241
-0.032135
-0.022797
-0.010498
-0.019318
0.0048828
0.0098572
0.0013733
0.031433
0.015625
0.023376
0.039917
0.011505
0.025116
0.017303
0.0010681
0.015137
-0.018158
-0.017334
-0.012299
-0.044128
-0.032349
-0.037476
-0.054504
-0.039032
-0.047455
-0.055481
-0.039246
-0.043518
-0.062469
-0.018616
-0.028656
-0.054108
0.0097046
-0.023834
-0.027893
0.022156
-0.023804
-0.0055847
0.03421
-0.0088501
0.030853
0.060394
0.034668
0.086853
0.093628
0.080872
0.12183
0.1055
0.097443
0.11441
0.075073
0.072632
0.072235
0.023285
0.022186
0.0072937
-0.027069
-0.02475
-0.046234
-0.065155
-0.057495
-0.078522
-0.085632
-0.076935
-0.089386
-0.079803
-0.07312
-0.077789
-0.063049
-0.050323
-0.044037
-0.028564
-0.021729
-0.010406
0.0036621
0.0056152
0.0098267
0.020447
0.02066
0.019623
0.022186
0.016449
0.012726
0.0074463
3.0518e-05
0.0005188
-0.0018311
-0.0052795
-0.0022583
0.00085449
0.0092163
0.0031738
0.014496
0.030029
0.018311
0.040039
0.03949
0.036041
0.055908
0.041443
0.039825
0.044006
0.028687
0.026459
0.019897
0.0068359
0.0010071
-0.0071716
-0.015594
-0.022125
-0.029907
-0.035858
-0.037872
-0.04129
-0.044891
-0.041199
-0.040039
-0.036377
-0.032654
-0.031708
-0.019073
-0.01593
-0.012146
-0.00067139
0.0059204
0.012482
0.019714
0.024902
0.03241
0.035919
0.036743
0.040985
0.038757
0.039093
0.038635
0.030579
0.027893
0.023895
0.015259
0.0083313
0.0014343
-0.0041809
-0.0093384
-0.018524
-0.024078
-0.02243
-0.030945
-0.037598
-0.036011
-0.038483
-0.041077
-0.038849
-0.037842
-0.034607
-0.029388
-0.027863
-0.020599
-0.010468
-0.00354
0.0021973
0.0079651
0.016144
0.022736
0.025909
0.026459
0.030365
0.029816
0.025604
0.020233
0.014587
0.010315
0.0028076
-0.0082703
-0.011688
-0.015106
-0.016632
-0.016327
-0.014984
-0.0037537
0.0059509
0.013184
0.024078
0.035187
0.042084
0.044342
0.045593
0.044525
0.040009
0.030548
0.021149
0.011169
0
-0.012909
-0.024506
-0.024811
-0.033051
-0.040741
-0.036011
-0.037476
-0.039429
-0.032715
-0.029388
-0.027527
-0.018158
-0.011871
-0.007019
0.00097656
0.0053101
0.013123
0.016235
0.015289
0.018005
0.016266
0.011841
0.007843
0.0055542
0.0028687
-0.0051575
-0.0099182
-0.012573
-0.014191
-0.018219
-0.020569
-0.020477
-0.018066
-0.016937
-0.0159
-0.010773
-0.0053406
-0.0019226
0.0028687
0.0084229
0.011475
0.013153
0.014526
0.017242
0.019348
0.019775
0.019409
0.01767
0.018097
0.020721
0.018616
0.016724
0.018646
0.018036
0.014801
0.012451
0.012207
0.0099182
0.0046387
0.00045776
-0.0015869
-0.0042114
-0.010223
-0.015076
-0.016998
-0.020569
-0.025055
-0.027039
-0.029938
-0.028839
-0.026642
-0.02774
-0.026184
-0.016693
-0.011292
-0.0088806
-0.00057983
0.0045471
0.012787
0.018463
0.016815
0.023346
0.027924
0.024872
0.024475
0.02417
0.022552
0.020416
0.014526
0.010559
0.0059814
0.00082397
-0.0029602
-0.0067749
