-0.00177
-0.0015564
-0.0015564
-0.0024719
-0.0036011
-0.0029297
-0.0019836
-0.001709
0.00082397
0.0016479
0.00061035
-0.00045776
-0.00027466
-0.00082397
-0.00054932
-0.00079346
3.0518e-05
0.0030212
0.0021057
0.0010376
0.0014038
0.0011597
0.0011902
0.0016174
0.0011292
0.0005188
0.0010071
0.0016479
0
-0.00073242
0.0013123
0.00057983
-0.0012817
0.00085449
0.00094604
0.0013428
-0.0044861
0.0096436
-0.0045776
-0.022675
0.022888
-0.0040894
-0.010712
0.0022583
0.0052185
0.0023193
-0.0042725
0.0018005
0.0005188
0.0023804
0.0005188
0.00030518
-0.0012512
0.00024414
-0.0015869
-0.0022278
-0.0027161
0.0014038
-0.0015564
-0.00045776
0.0022583
-0.0025635
-0.0044861
0.00036621
0.0019531
-0.0014038
0.00039673
-0.0010071
0.0028381
0.0016479
-0.0007019
-9.1553e-05
0.00076294
0.00036621
0.00030518
-0.00073242
0.009552
-0.0054016
-0.03656
0.031494
0.014679
-0.011353
-0.0072632
0.0081177
0.012512
-0.0012817
0.0022278
0.0028076
0.0019531
-0.0068359
-0.0058594
0.0020752
0.0023499
-0.0015564
0.00033569
-0.024536
-0.031677
0.041168
0.010986
0.0075378
-0.06308
0.015289
0.050751
0.0021362
0.00079346
-0.027893
0.018768
0.0033875
-0.032166
-0.017792
0.016571
-0.0044861
0.0021667
0.022278
0.038452
0.045563
0.033234
0.0054932
-0.0026245
0.0015259
-0.015045
-0.021301
-0.046082
-0.04245
-0.042603
-0.02713
-0.028625
-0.014832
-0.014893
-0.012512
0.00042725
0.0049744
0.019928
0.016968
0.01416
0.021667
0.021362
0.022217
0.030792
0.024292
0.023407
0.024658
0.025848
0.032532
0.034393
0.03244
0.030273
0.023926
0.022308
0.0074768
0.0016479
-0.015106
-0.042908
-0.064972
-0.053925
-0.093475
-0.15936
-0.15945
-0.16989
-0.16299
-0.10052
-0.066589
-0.039001
0.037292
0.082336
0.13736
0.20392
0.20657
0.19733
0.19681
0.14828
0.1236
0.09903
0.03418
-0.019104
-0.052063
-0.088745
-0.086884
-0.067749
-0.087646
-0.070374
-0.049744
-0.033112
0.011383
0.039337
0.030334
0.028351
0.012939
-0.0085449
-0.0018005
-0.023193
-0.053741
-0.064667
-0.075684
-0.071686
-0.049927
-0.036438
-0.029602
-0.016815
-0.0074463
-0.0007019
0.016541
0.024506
0.016968
0.017212
0.0039978
-0.0056458
0.0046692
-0.0026855
-0.012451
-0.015045
-0.021393
0.00354
0.053741
0.086823
0.11075
0.12436
0.12003
0.13602
0.14798
0.12845
0.11057
0.08371
0.047882
0.01239
-0.048523
-0.12415
-0.25861
-0.34891
-0.46155
-0.56509
-0.50131
-0.42828
-0.31549
-0.13312
0.040405
0.20963
0.39905
0.51761
0.55414
0.56268
0.47162
0.33826
0.20197
0.032318
-0.10681
-0.19528
-0.26547
-0.26202
-0.16165
-0.05542
0.066437
0.17792
0.2142
0.2374
0.2471
0.18314
0.10541
-0.0024109
-0.14984
-0.27527
-0.34335
-0.37427
-0.34109
-0.26752
-0.19351
-0.087524
0.038422
0.1394
0.22491
0.24594
0.18295
0.12262
0.045105
-0.044678
-0.093414
-0.15225
-0.19672
-0.19159
-0.15811
-0.095001
-0.010132
0.063965
0.11517
0.13889
0.16034
0.18173
0.17798
0.14465
0.095551
0.043213
0.01358
0.021606
0.029968
0.029541
0.040649
0.028778
0.02536
0.02829
-0.0058899
-0.032867
-0.16049
-0.27014
-0.39001
-0.60037
-0.56186
-0.44125
-0.32092
-0.13855
0.081635
0.22964
0.40363
0.55768
0.58411
0.56461
0.48511
0.27722
0.0979
-0.035645
-0.15408
-0.22812
-0.21317
-0.17377
-0.050934
0.10785
0.20801
0.27731
0.28458
0.23831
0.16129
0.048645
-0.078278
-0.20743
-0.32947
-0.40723
-0.41992
-0.35138
-0.24268
-0.11118
0.0159
0.11963
0.20117
0.24927
0.23669
0.18253
0.074097
-0.050079
-0.16
-0.21371
-0.22241
-0.20633
-0.17593
-0.13086
-0.041229
0.064056
0.1445
0.22119
0.24005
0.20197
0.16739
0.13483
0.10294
0.080292
0.040527
-0.0029297
-0.022247
-0.048676
-0.053467
-0.074402
-0.078613
-0.13644
-0.24258
-0.29352
-0.4725
-0.53653
-0.40137
-0.302
-0.14096
0.11105
0.28531
0.38336
0.52802
0.5545
0.47751
0.42151
0.24738
0.02301
-0.10263
-0.19507
-0.25418
-0.20068
-0.070465
0.046539
0.21704
0.33664
0.36542
0.36411
0.30328
0.15594
-0.0086975
-0.17014
-0.34753
-0.44687
-0.45721
-0.43387
-0.32581
-0.17712
-0.053925
0.078827
0.18677
0.22525
0.22488
0.18402
0.082275
-0.025818
-0.11124
-0.19101
-0.23438
-0.2218
-0.18134
-0.10693
-0.025299
0.049347
0.10995
0.14941
0.17096
0.17508
0.16687
0.14334
0.11221
0.098022
0.089539
0.071472
0.05603
0.035278
0.012665
-0.045349
-0.063995
-0.10498
-0.27188
-0.33136
-0.48291
-0.66452
-0.53763
-0.35544
-0.19675
0.098328
0.35672
0.43582
0.55099
0.62704
0.50528
0.39648
0.25339
-0.034729
-0.22354
-0.30112
-0.34741
-0.28839
-0.083435
0.082031
0.24219
0.41138
0.47778
0.45758
0.37488
0.20673
-0.0045471
-0.20001
-0.37198
-0.47437
-0.48837
-0.42841
-0.29837
-0.1178
0.040253
0.17218
0.2561
0.27136
0.22397
0.13092
0.010773
-0.10724
-0.21191
-0.27463
-0.28271
-0.24603
-0.15536
-0.046814
0.0354
0.11447
0.16779
0.17542
0.17993
0.1694
0.12958
0.10831
0.082977
0.042053
0.042694
0.052551
0.033417
0.035522
0.023834
-0.059845
-0.054199
-0.14462
-0.33432
-0.41556
-0.63867
-0.70343
-0.50592
-0.29495
-0.044952
0.28885
0.48489
0.56873
0.67911
0.66122
0.50253
0.3588
0.094177
-0.18527
-0.34766
-0.39026
-0.33279
-0.18484
0.043274
0.21667
0.38571
0.49103
0.49628
0.39835
0.22797
0.0039368
-0.21896
-0.38406
-0.48804
-0.53122
-0.457
-0.33621
-0.16705
0.024597
0.17902
0.27441
0.28299
0.24173
0.14792
0.032349
-0.080597
-0.17175
-0.22284
-0.2468
-0.23535
-0.16672
-0.085571
0.019409
0.11923
0.15756
0.1597
0.18954
0.19174
0.16663
0.177
0.14822
0.071198
0.022369
0.0048218
0.019745
0.0085449
-0.030304
-0.061951
-0.088135
-0.28079
-0.40143
-0.53342
-0.75781
-0.65491
-0.41656
-0.24149
0.086884
0.41922
0.51135
0.58231
0.66095
0.57666
0.414
0.27539
-0.012695
-0.25775
-0.35803
-0.32278
-0.21255
0.0015869
0.23114
0.35574
0.46909
0.51685
0.44443
0.30905
0.14352
-0.097046
-0.31708
-0.42966
-0.50079
-0.49869
-0.36087
-0.2265
-0.088409
0.066406
0.17303
0.20514
0.18356
0.11984
-0.00061035
-0.095459
-0.1427
-0.1994
-0.23959
-0.23398
-0.21216
-0.14575
-0.018463
0.10367
0.18542
0.24313
0.25391
0.23169
0.23825
0.25061
0.20099
0.11832
0.036957
-0.025024
-0.050751
-0.055847
-0.060059
-0.067596
-0.18036
-0.31351
-0.57681
-0.82187
-0.65659
-0.45135
-0.29794
0.055481
0.38272
0.46072
0.56561
0.65292
0.57095
0.41119
0.26779
-0.030457
-0.28943
-0.3277
-0.36035
-0.27597
-0.0060425
0.2395
0.36438
0.50378
0.53015
0.42474
0.27649
0.12378
-0.091034
-0.24982
-0.31946
-0.39282
-0.36621
-0.24625
-0.14371
-0.070709
0.040924
0.09198
0.09848
0.094604
0.061859
-0.019684
-0.078705
-0.091278
-0.11313
-0.14886
-0.19711
-0.2366
-0.23315
-0.17102
-0.075134
0.04007
0.13489
0.21307
0.26804
0.31525
0.32867
0.29361
0.21298
0.098328
0.0063477
-0.07193
-0.11035
-0.11203
-0.15991
-0.31573
-0.46683
-0.73074
-0.73288
-0.45517
-0.22644
0.032806
0.37729
0.50168
0.49789
0.52472
0.46979
0.3472
0.19214
-0.013885
-0.25861
-0.34494
-0.30807
-0.13873
0.067291
0.24966
0.35736
0.39508
0.35614
0.28088
0.18109
0.040344
-0.10574
-0.21115
-0.24271
-0.22342
-0.1489
-0.044159
0.018494
0.017639
0.021729
0.010254
-0.0021057
-0.0061646
-0.015717
-0.041931
-0.055359
-0.048187
-0.019775
-0.017334
-0.10016
-0.18564
-0.20389
-0.20645
-0.15781
-0.030487
0.032928
0.056915
0.13776
0.21262
0.23508
0.25827
0.23651
0.13828
0.042572
-0.018066
-0.083344
-0.14746
-0.21866
-0.34613
-0.49884
-0.73547
-0.71304
-0.3801
-0.10751
0.16959
0.49844
0.59915
0.55008
0.53021
0.44308
0.30432
0.14197
-0.05722
-0.29135
-0.38025
-0.32846
-0.12003
0.10098
0.27695
0.37314
0.38135
0.31332
0.21579
0.10611
-0.026794
-0.15814
-0.2627
-0.27252
-0.23868
-0.14624
-0.031677
0.045593
0.049774
0.045898
0.021912
-0.0042114
-0.012146
-0.023895
-0.049042
-0.056061
-0.035522
-0.014069
-0.0058289
-0.055389
-0.10522
-0.11664
-0.11313
-0.070892
0.0094299
0.044434
0.070129
0.097931
0.13812
0.17587
0.19424
0.18045
0.12799
0.076874
0.031311
-0.051025
-0.12369
-0.26715
-0.4733
-0.72397
-0.90933
-0.70081
-0.35019
-0.033691
0.33871
0.64182
0.66623
0.63251
0.57477
0.44794
0.26227
0.056854
-0.19626
-0.39725
-0.39453
-0.29272
-0.036102
0.21884
0.36646
0.40991
0.38782
0.25702
0.13708
0.024231
-0.0961
-0.22202
-0.29221
-0.26321
-0.21628
-0.09549
0.032166
0.090302
0.080688
0.064911
0.014709
-0.032104
-0.042908
-0.032806
-0.042297
-0.047699
-0.039337
-0.055878
-0.065399
-0.079193
-0.091766
-0.072083
-0.03064
0.0071411
0.052063
0.079803
0.10309
0.12753
0.15308
0.15326
0.12817
0.11597
0.080566
0.033356
-0.011292
-0.077606
-0.24359
-0.44299
-0.63126
-0.91528
-0.83255
-0.43991
-0.11639
0.20496
0.58179
0.70773
0.67941
0.63773
0.53079
0.33868
0.099152
-0.11136
-0.36871
-0.43079
-0.32556
-0.13205
0.13742
0.34412
0.4014
0.3996
0.33521
0.17908
0.058258
-0.069977
-0.18762
-0.31152
-0.31754
-0.26019
-0.16769
-0.032684
0.080444
0.11786
0.097168
0.059906
0.014069
-0.016907
-0.040192
-0.028046
-0.053925
-0.069489
-0.07135
-0.077087
-0.092804
-0.09729
-0.07196
-0.025665
0.0085754
0.061066
0.10599
0.12967
0.16672
0.17599
0.16547
0.13824
0.10461
0.054199
0.021606
0.015228
-0.046936
-0.20532
-0.40286
-0.65485
-0.99756
-0.92645
-0.54807
-0.19952
0.16577
0.57138
0.71097
0.68674
0.68289
0.59872
0.40802
0.16983
-0.054779
-0.35181
-0.45328
-0.3349
-0.16904
0.059723
0.36621
0.4751
0.41937
0.3551
0.21548
0.032227
-0.11966
-0.21292
-0.32953
-0.37601
-0.30972
-0.1969
-0.06778
0.071014
0.14368
0.13516
0.085602
0.039551
0.019653
-0.0085449
-0.025116
-0.034058
-0.060913
-0.11887
-0.12933
-0.10056
-0.09024
-0.054169
0.014374
0.048004
0.072144
0.12259
0.15106
0.15536
0.16861
0.18652
0.16483
0.11362
0.060303
0.037018
-0.00012207
-0.095581
-0.27979
-0.45581
-0.81003
-1
-0.80133
-0.45911
-0.13287
0.3186
0.64447
0.68683
0.69818
0.66467
0.55209
0.31741
0.11584
-0.1478
-0.4339
-0.44632
-0.28995
-0.11612
0.12979
0.41434
0.48544
0.43039
0.33249
0.20184
-0.0086365
-0.16119
-0.24911
-0.34445
-0.39142
-0.33215
-0.19284
-0.070282
0.056122
0.15228
0.16422
0.091217
0.053223
0.038635
0.012848
-0.010071
-0.014893
-0.059387
-0.13321
-0.12979
-0.12637
-0.11462
-0.043121
0.034515
0.059448
0.10208
0.14719
0.17447
0.18271
0.20026
0.19833
0.15326
0.092865
0.036621
-0.0065613
-0.07254
-0.22263
-0.44052
-0.75549
-1
-0.81091
-0.47205
-0.16498
0.23492
0.5686
0.63342
0.64645
0.65475
0.56946
0.36551
0.1463
-0.10013
-0.37949
-0.43466
-0.31717
-0.18683
0.047333
0.35373
0.46634
0.44446
0.39304
0.25439
0.035614
-0.12619
-0.22211
-0.32117
-0.38763
-0.34518
-0.2478
-0.1564
-0.026611
0.09729
0.13974
0.11462
0.084015
0.061096
0.046967
0.037018
0.032196
-0.017029
-0.097229
-0.14389
-0.16531
-0.15433
-0.074402
0.032013
0.088654
0.12686
0.15384
0.17819
0.19067
0.19852
0.18268
0.14041
0.081024
0.019043
-0.039429
-0.10739
-0.23914
-0.4957
-0.85013
-0.93848
-0.6593
-0.36841
-0.05069
0.33881
0.56305
0.58841
0.61929
0.63431
0.53369
0.30548
0.099854
-0.15097
-0.38467
-0.38348
-0.25839
-0.16336
0.037872
0.32666
0.43311
0.41403
0.39972
0.30524
0.040344
-0.15308
-0.23785
-0.33887
-0.41623
-0.35352
-0.24759
-0.18597
-0.093414
0.042603
0.11554
0.1304
0.15839
0.14963
0.099274
0.050842
0.04715
-0.0097656
-0.13171
-0.19156
-0.20151
-0.20486
-0.10818
0.042389
0.12262
0.16373
0.19623
0.21759
0.21021
0.20624
0.19397
0.12436
0.029449
-0.022156
-0.076477
-0.16385
-0.28125
-0.57599
-0.90829
-0.82126
-0.49936
-0.25735
0.064117
0.42902
0.55447
0.56348
0.62006
0.6218
0.45331
0.24118
0.06955
-0.18152
-0.37915
-0.33279
-0.25546
-0.20532
0.04306
0.30005
0.37515
0.4053
0.4241
0.28336
0.048248
-0.09787
-0.19278
-0.33261
-0.39999
-0.33279
-0.27844
-0.23087
-0.12054
0.0079041
0.072327
0.12289
0.17105
0.15442
0.098358
0.093231
0.063904
-0.056793
-0.13419
-0.1572
-0.19986
-0.18665
-0.075775
0.014923
0.069824
0.13419
0.19666
0.22144
0.23618
0.24353
0.20145
0.12897
0.058472
-0.0271
-0.14352
-0.29346
-0.57382
-0.91113
-0.85263
-0.5108
-0.29211
-0.030975
0.37332
0.54044
0.56464
0.65341
0.68918
0.51907
0.28201
0.11334
-0.098389
-0.30396
-0.33078
-0.28131
-0.25055
-0.083099
0.11316
0.24506
0.34738
0.3999
0.33755
0.20694
0.050934
-0.095367
-0.22144
-0.32272
-0.36426
-0.36121
-0.30627
-0.20721
-0.094086
0.00030518
0.095062
0.14771
0.14981
0.14758
0.15381
0.094635
0.0063477
-0.045349
-0.12311
-0.19977
-0.172
-0.093597
-0.050964
0.010834
0.088135
0.14407
0.17758
0.23111
0.26523
0.23608
0.1665
0.079163
-0.040436
-0.18533
-0.34308
-0.68414
-0.93585
-0.72647
-0.44427
-0.3252
-0.0012207
0.37991
0.51437
0.60925
0.73782
0.71002
0.48657
0.27301
0.12759
-0.061676
-0.24185
-0.24942
-0.2493
-0.29184
-0.18591
0.038513
0.19431
0.27774
0.33417
0.31351
0.21063
0.096375
0.017334
-0.12173
-0.28891
-0.34528
-0.33319
-0.33759
-0.26617
-0.12698
-0.038025
0.0065308
0.075287
0.13736
0.15369
0.13025
0.11771
0.09845
0.012482
-0.0867
-0.095184
-0.066864
-0.075409
-0.056946
-0.0039062
0.019806
0.036316
0.12518
0.21802
0.2395
0.22351
0.16757
0.058563
-0.062805
-0.27362
-0.70175
-0.90475
-0.64938
-0.45743
-0.4519
-0.16428
0.21512
0.37863
0.53653
0.74817
0.7608
0.55154
0.34018
0.23056
0.13443
-0.027771
-0.13556
-0.17422
-0.24295
-0.2724
-0.12054
0.062988
0.11282
0.10464
0.14417
0.18042
0.15738
0.096619
0.020874
-0.064758
-0.17679
-0.25217
-0.23355
-0.18967
-0.20096
-0.20532
-0.15723
-0.087555
-0.020508
0.061829
0.13727
0.16656
0.13437
0.08017
0.05191
0.043823
0.021912
-0.014923
-0.045044
-0.074799
-0.10089
-0.091522
-0.01358
0.052155
0.072845
0.046265
0.0079956
0.0012817
-0.011749
-0.021179
-0.050934
-0.22159
-0.39731
-0.31357
-0.09317
-0.019989
-0.033051
0.009613
0.085022
0.17172
0.25092
0.24622
0.17993
0.13229
0.11093
0.11053
0.15359
0.1731
0.12317
0.058655
0.039154
0.045044
0.041962
0.017273
-0.019623
-0.04007
-0.034088
-0.023621
-0.03299
-0.051514
-0.064606
-0.070587
-0.069183
-0.05954
-0.04953
-0.061462
-0.084839
-0.10464
-0.10492
-0.078278
-0.044067
-0.020233
-0.004364
0.0054626
0.0028076
0.0060425
0.015442
0.020203
0.014862
0.0041199
-0.011475
-0.028046
-0.03479
-0.013763
0.0043945
0.00048828
-0.0098267
-0.034607
-0.058075
-0.041901
-0.0041504
0.021179
0.020538
0.025299
0.064697
0.10754
0.12921
0.13327
0.11212
0.076935
0.044586
0.0092773
-0.027496
-0.054443
-0.074829
-0.098755
-0.10699
-0.088501
-0.063385
-0.050018
-0.049286
-0.047485
-0.034393
-0.0224
-0.0064392
0.012848
0.020081
0.031189
0.052979
0.072632
0.082855
0.090973
0.094147
0.088593
0.077271
0.074158
0.075256
0.063812
0.042236
0.019318
0.0028381
0.00018311
-0.00030518
-0.014374
-0.039337
-0.063782
-0.081024
-0.084259
-0.072327
-0.061127
-0.061707
-0.067444
-0.06604
-0.048401
-0.031311
-0.022247
-0.015839
-0.019958
-0.032745
-0.032684
-0.018982
-0.0068665
0.0010986
0.015625
0.029053
0.035492
0.039276
0.046783
0.045563
0.028625
0.0056763
-0.0054321
-0.017883
-0.029633
-0.025787
-0.022125
-0.02356
-0.012085
0.0063782
0.017212
0.019226
0.021057
0.030365
0.026581
0.025177
0.028931
0.027771
0.025482
0.026031
0.029999
0.035004
0.03717
0.031403
0.029083
0.024689
0.021362
0.016937
0.0045166
-0.010925
-0.025024
-0.037476
-0.047607
-0.044128
-0.032471
-0.022614
-0.026337
-0.031219
-0.023926
-0.016846
-0.010864
-0.0023193
-0.0005188
-0.0046387
-0.0036011
-0.00079346
0.0021057
0.00054932
-0.0074768
-0.013947
-0.017212
-0.013275
-0.0054321
0.00024414
-0.00048828
-0.002594
0.00033569
0.005127
0.013184
0.015717
0.012177
0.011078
0.0083313
-0.0014648
-0.0091858
-0.0072021
-0.0030823
-0.00027466
0.0042114
0.015839
0.027527
0.031128
0.030762
0.033447
0.028748
0.021332
0.015564
0.0039368
-0.011414
-0.022125
-0.024475
-0.020966
-0.019501
-0.023468
-0.020386
-0.012054
-0.005188
-0.00088501
-0.00054932
-0.0061646
-0.01297
-0.020935
-0.02298
-0.017731
-0.013672
-0.014221
-0.0084229
0.0049133
0.013184
0.015808
0.022156
0.0271
0.027313
0.022369
0.018646
0.019714
0.021179
0.016235
0.0083008
-0.0030212
-0.013214
-0.01535
-0.0086975
-0.00079346
-0.0019531
-0.008667
-0.0097046
-0.0069275
-0.0059814
0.00088501
0.0087891
0.0074463
0.0016785
-0.0031738
-0.009613
-0.02182
-0.027527
-0.02417
-0.019897
-0.0083923
0.0112
0.02005
0.019531
