-0.0055542
-0.0069275
-0.0035706
-0.00036621
-0.0019226
0.0020752
0.0049744
0.0037231
0.0068359
0.0092773
0.0057678
0.0064697
0.0087585
0.0055237
0.0065918
0.0083008
0.0050049
0.0039062
0.0057983
0.0032043
0.00064087
0.0016174
0.00036621
-0.003418
-0.0028076
-0.004425
-0.0093384
-0.0088196
-0.0087891
-0.01123
-0.010559
-0.010773
-0.011139
-0.0082703
-0.0071716
-0.0058289
-0.0036621
-0.0022888
-0.00094604
0.0014343
0.002533
0.003418
0.0057373
0.0061951
0.0082397
0.011902
0.010315
0.0086365
0.012726
0.012726
0.010742
0.013611
0.012024
0.0083923
0.0084839
0.0052795
0.00085449
0
-0.0031128
-0.0075378
-0.0097046
-0.011627
-0.014587
-0.01593
-0.01474
-0.016785
-0.017609
-0.016388
-0.01709
-0.016541
-0.015167
-0.012878
-0.011292
-0.0093384
-0.0040283
0.00061035
0.0024719
0.0090942
0.01532
0.016724
0.022308
0.02771
0.027008
0.029816
0.033081
0.029907
0.029388
0.029663
0.024048
0.02005
0.016846
0.0088806
0.0032654
-0.0028687
-0.01181
-0.017151
-0.024292
-0.034454
-0.038055
-0.043762
-0.051392
-0.04953
-0.05072
-0.052185
-0.042877
-0.035919
-0.031311
-0.016205
-0.004425
0.0030823
0.01886
0.030548
0.035675
0.04599
0.0513
0.050568
0.054688
0.054138
0.048706
0.049194
0.046875
0.039093
0.038086
0.036377
0.025696
0.020111
0.016296
0.0026855
-0.0056763
-0.013062
-0.032776
-0.047668
-0.061523
-0.083282
-0.097198
-0.10867
-0.12451
-0.12692
-0.11887
-0.11353
-0.098114
-0.072021
-0.048309
-0.016144
0.025574
0.059479
0.0896
0.12598
0.15121
0.16876
0.18622
0.18478
0.17474
0.16727
0.14474
0.11475
0.092255
0.060211
0.023499
0.0024109
-0.020844
-0.053314
-0.080658
-0.098267
-0.13062
-0.17938
-0.18893
-0.20346
-0.24774
-0.23083
-0.21399
-0.24152
-0.1933
-0.13071
-0.13651
-0.061523
0.033783
0.042175
0.11377
0.21863
0.21814
0.25244
0.33066
0.298
0.28455
0.31247
0.24686
0.18192
0.16464
0.088989
0.0041504
-0.023468
-0.079651
-0.13635
-0.14993
-0.16101
-0.17795
-0.18384
-0.17133
-0.16
-0.17822
-0.159
-0.13367
-0.16623
-0.13849
-0.095306
-0.12488
-0.090118
-0.035339
-0.053925
-0.01416
0.05777
0.052826
0.086578
0.15369
0.15503
0.16919
0.22064
0.20731
0.18411
0.20395
0.17645
0.12042
0.1098
0.075745
0.0070801
-0.0062256
-0.028656
-0.08371
-0.086456
-0.082794
-0.11243
-0.099274
-0.075073
-0.092346
-0.078918
-0.053009
-0.070435
-0.070343
-0.059753
-0.080811
-0.0802
-0.075836
-0.092682
-0.079498
-0.077881
-0.076324
-0.049896
-0.042633
-0.029602
0.013855
0.028381
0.047943
0.087128
0.10919
0.11584
0.14917
0.1586
0.14505
0.15341
0.15668
0.12201
0.11508
0.1062
0.06546
0.051697
0.051422
0.0079041
-0.0082703
-0.0079041
-0.045471
-0.071869
-0.072876
-0.12466
-0.16412
-0.16446
-0.22034
-0.23758
-0.22742
-0.24649
-0.23636
-0.19647
-0.18134
-0.13272
-0.055664
-0.014221
0.049744
0.12854
0.18362
0.2356
0.29276
0.31445
0.31982
0.33334
0.31503
0.27554
0.22089
0.17233
0.099884
0.031219
-0.010681
-0.080475
-0.1322
-0.14001
-0.16263
-0.18277
-0.16257
-0.17291
-0.17535
-0.15491
-0.16495
-0.15509
-0.16602
-0.16086
-0.13504
-0.14557
-0.12619
-0.093384
-0.099457
-0.066803
0.0017395
0.0015869
0.04129
0.11716
0.12784
0.16458
0.22888
0.2308
0.22702
0.26315
0.24454
0.21024
0.19864
0.15723
0.094177
0.055481
0.025757
-0.038696
-0.070038
-0.070923
-0.1015
-0.1076
-0.096741
-0.11557
-0.12732
-0.12268
-0.14957
-0.16266
-0.17902
-0.18674
-0.1817
-0.1828
-0.16824
-0.14648
-0.138
-0.097076
-0.044464
-0.013489
0.038208
0.10406
0.14166
0.19278
0.24417
0.26181
0.27084
0.29062
0.27396
0.24927
0.21832
0.16748
0.11469
0.063965
0.0089111
-0.04071
-0.080658
-0.10437
-0.11844
-0.12561
-0.13403
-0.13992
-0.14264
-0.15894
-0.16501
-0.15381
-0.1954
-0.18295
-0.15363
-0.17587
-0.15433
-0.11789
-0.13345
-0.0896
-0.021118
-0.017029
0.0289
0.098969
0.12537
0.17374
0.23056
0.24088
0.24176
0.27737
0.26743
0.23621
0.21252
0.17221
0.11786
0.079254
0.044342
-0.021454
-0.049774
-0.058929
-0.086761
-0.10312
-0.11023
-0.13257
-0.1528
-0.16171
-0.17859
-0.21982
-0.2222
-0.21121
-0.21841
-0.20593
-0.18201
-0.17419
-0.13153
-0.066681
-0.032318
0.016998
0.084351
0.13974
0.20172
0.25565
0.2803
0.29175
0.3121
0.31152
0.28085
0.24295
0.19315
0.13333
0.076233
0.036224
-0.036133
-0.07608
-0.090851
-0.11356
-0.13123
-0.13956
-0.14758
-0.17249
-0.18143
-0.18839
-0.21564
-0.21939
-0.20224
-0.18854
-0.19974
-0.17578
-0.14529
-0.12708
-0.075256
-0.0057678
0.02121
0.073425
0.17386
0.20975
0.23825
0.30295
0.30344
0.29172
0.31937
0.28976
0.21063
0.19473
0.13715
0.044556
0.012756
-0.037415
-0.10995
-0.11844
-0.11581
-0.15344
-0.15424
-0.13425
-0.17282
-0.18671
-0.16821
-0.19998
-0.21167
-0.17328
-0.17197
-0.19153
-0.14948
-0.12595
-0.12747
-0.065277
-0.0041504
0.0089417
0.076324
0.16919
0.18674
0.22943
0.29419
0.27945
0.28937
0.31424
0.27161
0.21124
0.19409
0.1308
0.059021
0.022369
-0.027618
-0.079407
-0.089478
-0.093048
-0.13464
-0.13736
-0.12881
-0.18451
-0.19348
-0.18842
-0.22369
-0.23306
-0.18021
-0.21463
-0.22964
-0.14767
-0.1539
-0.15024
-0.041779
-0.011261
-0.00064087
0.13849
0.19589
0.19284
0.29907
0.32745
0.30042
0.34167
0.33917
0.25647
0.23285
0.20221
0.10226
0.040955
0.0036926
-0.066681
-0.10843
-0.098694
-0.13669
-0.16956
-0.14465
-0.18298
-0.22842
-0.2077
-0.23212
-0.25311
-0.21661
-0.20105
-0.24005
-0.18085
-0.14389
-0.15408
-0.079193
-0.0043945
-0.002533
0.095062
0.20047
0.20184
0.26596
0.34036
0.31766
0.34262
0.36322
0.30264
0.2468
0.22525
0.14468
0.062683
0.019012
-0.040955
-0.096741
-0.10773
-0.12466
-0.16724
-0.16397
-0.18781
-0.23184
-0.2309
-0.24698
-0.26151
-0.2486
-0.21954
-0.24573
-0.21353
-0.15903
-0.16257
-0.11035
-0.017181
-0.0013123
0.063721
0.19632
0.21399
0.24902
0.35199
0.35406
0.35007
0.39899
0.36081
0.26874
0.2623
0.20911
0.080383
0.044891
-0.0047913
-0.10144
-0.11627
-0.11383
-0.18811
-0.18491
-0.20401
-0.26804
-0.25989
-0.28177
-0.29996
-0.27112
-0.26221
-0.28912
-0.21841
-0.19016
-0.1835
-0.09314
-0.032745
-0.014404
0.10468
0.20096
0.2088
0.28833
0.37531
0.36435
0.39661
0.42822
0.36765
0.30011
0.2948
0.21353
0.095215
0.065308
-0.0083008
-0.094879
-0.1012
-0.12927
-0.19693
-0.19962
-0.24414
-0.27441
-0.28955
-0.31497
-0.30075
-0.28629
-0.30414
-0.28027
-0.23135
-0.23331
-0.17496
-0.092529
-0.069092
-0.0057068
0.12433
0.18332
0.22049
0.32224
0.375
0.36737
0.42847
0.43405
0.36511
0.33398
0.32596
0.20886
0.13013
0.099274
-0.01297
-0.071289
-0.074646
-0.1442
-0.18219
-0.19031
-0.26788
-0.2717
-0.30453
-0.32831
-0.31146
-0.3075
-0.34009
-0.284
-0.26175
-0.25995
-0.1799
-0.11569
-0.091248
0.0033264
0.12155
0.16144
0.22635
0.33975
0.36743
0.38281
0.45685
0.43283
0.36993
0.36063
0.32867
0.20361
0.16083
0.097931
-0.0081482
-0.046173
-0.063385
-0.14114
-0.15973
-0.21759
-0.27399
-0.2702
-0.32724
-0.33878
-0.29788
-0.33945
-0.35565
-0.25189
-0.29559
-0.27371
-0.14661
-0.13147
-0.11481
0.042175
0.11191
0.11624
0.12723
0.31137
0.43973
0.4325
0.46927
0.47433
0.4245
0.42667
0.32324
0.22205
0.20557
0.11346
0.062347
0.0036621
-0.096405
-0.11334
-0.15244
-0.37155
-0.44495
-0.49258
-0.59375
-0.54877
-0.44757
-0.51398
-0.39722
-0.16034
-0.05545
0.055328
0.20694
0.27066
0.34225
0.41647
0.34457
0.2309
0.22391
0.21759
0.1286
0.060333
0.036804
0.037323
0.08078
0.1347
0.083679
0.097382
0.19397
0.19608
0.15833
0.17548
0.15094
0.11908
-0.066071
-0.40134
-0.45511
-0.47083
-0.66443
-0.6647
-0.49191
-0.46512
-0.24252
0.043976
0.094025
0.21732
0.47238
0.46777
0.3494
0.30637
0.19193
0.10413
0.073792
-0.10199
-0.17386
-0.017456
0.056396
0.10382
0.23096
0.31415
0.34518
0.38702
0.31345
0.25122
0.22952
0.15295
-0.2413
-0.61737
-0.48532
-0.55713
-0.8454
-0.66049
-0.38947
-0.38675
-0.042725
0.21204
0.13538
0.32651
0.53238
0.31711
0.17676
0.14368
-0.040558
-0.061737
-0.036743
-0.24374
-0.13812
0.17648
0.18134
0.21698
0.418
0.42386
0.42151
0.42297
0.27383
0.16995
0.20676
-0.13538
-0.70413
-0.62067
-0.51172
-0.8129
-0.73691
-0.38687
-0.34122
0.012787
0.3504
0.24466
0.35577
0.56934
0.35437
0.15762
0.083099
-0.14545
-0.17581
-0.06958
-0.22534
-0.20834
0.14139
0.25281
0.25281
0.39136
0.40533
0.37292
0.35114
0.20374
0.06427
0.089111
-0.01712
-0.54385
-0.77466
-0.5592
-0.61948
-0.68246
-0.22391
-0.07196
-0.060577
0.35785
0.46436
0.21442
0.28296
0.3299
0.11469
-0.0069275
-0.10159
-0.15582
-0.083954
-0.061646
-0.10666
0.076569
0.29007
0.33606
0.37845
0.39673
0.30771
0.23163
0.17682
0.018707
-0.11359
-0.35638
-0.63553
-0.58411
-0.58575
-0.65991
-0.36572
-0.14154
-0.15939
0.18509
0.47733
0.35214
0.34073
0.35901
0.18561
0.080292
-0.052032
-0.18665
-0.089325
-0.033325
-0.089905
0.045502
0.22095
0.28262
0.36957
0.38629
0.29144
0.24976
0.17795
0.034698
-0.087311
-0.16476
-0.52365
-0.7937
-0.59561
-0.52472
-0.55219
-0.23471
-0.074188
0.015442
0.37341
0.41125
0.23947
0.32919
0.31012
0.10907
0.0081482
-0.086456
-0.091675
0.017487
0.029602
0.041321
0.20343
0.33664
0.36014
0.37842
0.30228
0.19022
0.16391
0.037292
-0.13379
-0.16708
-0.50659
-0.85193
-0.6344
-0.57162
-0.70865
-0.28033
-0.023224
-0.13318
0.29477
0.53192
0.27786
0.31705
0.38559
0.13141
0.049957
0.036957
-0.079987
0.020538
0.098145
0.052979
0.21152
0.38251
0.35379
0.41296
0.43854
0.23355
0.11575
0.088196
-0.081146
-0.20837
-0.47083
-1
-0.93365
-0.53928
-0.63516
-0.58582
-0.11053
0.036713
0.24884
0.49097
0.33521
0.29013
0.42358
0.24167
-0.0056152
-0.029846
-0.023712
0.021301
0.11237
0.1474
0.2066
0.4137
0.53439
0.48428
0.42038
0.33945
0.19406
0.028442
-0.14261
-0.25247
-0.45056
-0.95441
-0.90167
-0.61832
-0.76221
-0.64563
-0.15674
-0.082092
0.11218
0.45532
0.32944
0.30063
0.4166
0.20779
0.0017395
0.047394
-0.018127
-0.014679
0.14383
0.16849
0.20969
0.45142
0.54868
0.48267
0.51895
0.41824
0.22961
0.14276
-0.044464
-0.22495
-0.41644
-0.92801
-0.9274
-0.70889
-0.89725
-0.66098
-0.1582
-0.24213
0.014069
0.53748
0.35623
0.2868
0.43875
0.19604
0.0068359
0.071686
-0.086029
-0.084991
0.15643
0.16415
0.19769
0.46759
0.54471
0.5137
0.58322
0.45975
0.26828
0.18762
0.034393
-0.1713
-0.46078
-1
-0.97284
-0.54535
-0.79648
-0.77982
-0.19092
-0.094269
0.062592
0.43536
0.25754
0.2229
0.44336
0.17447
-0.090179
0.012085
-0.046814
-0.08548
0.15497
0.16354
0.16846
0.45966
0.59039
0.48373
0.53006
0.46362
0.28372
0.21933
0.051086
-0.1788
-0.35162
-0.82156
-0.93387
-0.7334
-0.77921
-0.62775
-0.20547
-0.22986
-0.014801
0.45761
0.3194
0.23849
0.38266
0.16977
-0.055206
0.026703
-0.10562
-0.13922
0.1149
0.17416
0.1806
0.4353
0.56406
0.51855
0.57257
0.45206
0.26514
0.2131
0.070587
-0.16977
-0.54602
-1
-0.82529
-0.55524
-0.78448
-0.62924
-0.21735
-0.10031
0.19113
0.39929
0.21561
0.33572
0.4299
0.11606
-0.054169
0.011597
-0.082703
-0.068085
0.10849
0.1037
0.18533
0.45905
0.5304
0.49176
0.52676
0.38501
0.23434
0.19821
0.0047607
-0.16989
-0.38803
-0.91928
-0.91525
-0.68765
-0.7807
-0.58044
-0.19208
-0.19763
0.10547
0.48282
0.29123
0.29605
0.43396
0.16849
-0.017975
0.056152
-0.090149
-0.10684
0.14832
0.16031
0.16492
0.42401
0.53674
0.51132
0.52249
0.40286
0.23962
0.17664
-0.0097656
-0.18283
-0.61456
-1
-0.90344
-0.71478
-0.74017
-0.49304
-0.173
-0.048004
0.33502
0.42953
0.29276
0.38986
0.35406
0.097473
0.028015
-0.012054
-0.14078
-0.010101
0.13232
0.12311
0.25317
0.44803
0.51239
0.58823
0.55353
0.31314
0.21725
0.12082
-0.10876
-0.29456
-0.71356
-0.9556
-0.70325
-0.75677
-0.82584
-0.37219
-0.2352
-0.13376
0.34631
0.34805
0.21671
0.48151
0.35947
0.046814
0.12708
0.047729
-0.12036
0.072998
0.17642
0.098114
0.32507
0.4967
0.47632
0.55746
0.49982
0.29184
0.25742
0.11432
-0.13785
-0.38562
-0.95462
-1
-0.77713
-0.91684
-0.73108
-0.30246
-0.1958
0.12
0.51184
0.31802
0.39294
0.52563
0.24988
0.058441
0.072754
-0.090668
-0.10355
0.12149
0.094818
0.15125
0.41815
0.50162
0.51126
0.58649
0.45108
0.26282
0.20657
-0.0045776
-0.20813
-0.45212
-0.93558
-0.9649
-0.74716
-0.78885
-0.67181
-0.28668
-0.21344
0.10959
0.43069
0.30267
0.30484
0.46942
0.26733
0.080261
0.094604
-0.043274
-0.03598
0.16232
0.13998
0.16455
0.41962
0.51321
0.52182
0.54678
0.39035
0.24051
0.20453
0.0007019
-0.20435
-0.60959
-1
-0.85474
-0.72449
-0.83783
-0.58661
-0.24915
-0.13919
0.22382
0.36481
0.23465
0.39487
0.40424
0.15186
0.10052
0.089508
-0.072571
0.04483
0.18515
0.11804
0.25671
0.46127
0.48828
0.54327
0.53363
0.34006
0.23706
0.15173
-0.037872
-0.20767
-0.67392
-1
-0.80722
-0.76569
-0.8345
-0.54559
-0.30087
-0.1062
0.2666
0.29483
0.26776
0.46591
0.39481
0.1853
0.16364
0.072998
-0.040222
0.096344
0.1431
0.10513
0.26648
0.42368
0.49466
0.53183
0.44794
0.31708
0.25912
0.12234
-0.049866
-0.29282
-0.90454
-1
-0.82214
-0.79825
-0.75467
-0.44473
-0.24329
0.11755
0.45847
0.30606
0.31287
0.48932
0.34445
0.13828
0.094757
-0.05957
-0.050079
0.13098
0.08197
0.10031
0.323
0.42996
0.50226
0.55933
0.41354
0.27176
0.24203
0.07309
-0.14764
-0.32999
-0.80951
-0.92712
-0.74493
-0.8465
-0.70212
-0.35077
-0.31247
-0.0073547
0.43613
0.2706
0.32465
0.50436
0.29034
0.15997
0.19937
-0.020508
-0.03717
0.18121
0.092316
0.090759
0.33554
0.41
0.46085
0.53186
0.39005
0.26746
0.26523
0.06601
-0.08078
-0.3844
-1
-0.97223
-0.65695
-0.85983
-0.74066
-0.34467
-0.21805
0.15793
0.41751
0.21277
0.37646
0.53763
0.26413
0.14932
0.13348
-0.028076
0.017548
0.16025
0.047913
0.14771
0.38092
0.42435
0.50815
0.51999
0.34634
0.29398
0.24738
-0.034546
-0.1033
-0.35617
-0.96115
-0.92841
-0.77423
-0.90677
-0.70093
-0.40732
-0.27261
0.19202
0.39014
0.26352
0.50769
0.52603
0.25769
0.20074
0.13565
-0.044952
0.028534
0.099731
0.04538
0.20297
0.35794
0.41434
0.53864
0.50833
0.33765
0.31125
0.23288
-0.0027771
-0.084747
-0.57584
-1
-0.85596
-0.88495
-1
-0.55313
-0.33051
-0.23218
0.43143
0.47092
0.24149
0.57193
0.51523
0.15247
0.19336
0.078888
-0.14325
0.053192
0.12042
0.0014954
0.25189
0.42023
0.42258
0.55637
0.51431
0.31787
0.29959
0.16928
-0.070129
-0.19611
-0.72858
-1
-0.70956
-0.81754
-0.9469
-0.53827
-0.28989
-0.1412
0.30646
0.311
0.32462
0.57556
0.45016
0.15097
0.19302
0.10849
-0.042542
0.073914
0.087097
0.077026
0.29346
0.39832
0.40167
0.51373
0.45099
0.31522
0.30569
0.13776
-0.057587
-0.18555
-0.80392
-1
-0.74744
-0.80942
-0.9126
-0.54181
-0.29819
-0.0085754
0.38849
0.25009
0.34335
0.60513
0.39001
0.16943
0.19986
0.029968
-0.0099182
0.13522
0.041046
0.081543
0.33759
0.39175
0.44629
0.5397
0.39032
0.28748
0.2887
0.073151
-0.081085
-0.20148
-0.81345
-0.94717
-0.74072
-0.89774
-0.79837
-0.48019
-0.40762
-0.0079346
0.38782
0.19626
0.41229
0.60736
0.33215
0.22705
0.25531
0.012939
0.025024
0.13699
0.012329
0.13089
0.34421
0.32565
0.43573
0.55066
0.35605
0.28354
0.29456
0.063965
-0.032654
-0.27695
-0.97208
-0.92288
-0.7403
-0.9426
-0.77133
-0.41916
-0.39297
0.10309
0.40781
0.20383
0.45459
0.60269
0.29221
0.21759
0.22568
-0.0011902
0.043304
0.14005
0.020508
0.16019
0.33069
0.33093
0.46774
0.52371
0.32858
0.27722
0.23444
0.044739
0.021057
-0.33527
-1
-0.86545
-0.728
-0.9397
-0.75833
-0.48727
-0.34778
0.1889
0.34814
0.17346
0.55252
0.59698
0.30484
0.2659
0.21628
-0.008606
0.080139
0.11911
0.0088806
0.18558
0.30118
0.32349
0.4852
0.4783
0.28641
0.2771
0.22205
0.034454
-0.024811
-0.54199
-0.96558
-0.76758
-0.79648
-0.94836
-0.59546
-0.38678
-0.28165
0.24225
0.29871
0.23285
0.48758
0.50052
0.2417
0.27768
0.16443
-0.0055847
0.13123
0.1524
0.039093
0.18457
0.33276
0.37741
0.47147
0.39984
0.26312
0.25256
0.16541
-0.011322
-0.045471
-0.50848
-0.91431
-0.72174
-0.71542
-0.84744
-0.67358
-0.4501
-0.26199
0.12756
0.14438
0.22754
0.45703
0.46664
0.3248
0.31223
0.22775
0.13956
0.18155
0.14987
0.12384
0.22433
0.28766
0.35403
0.43051
0.36322
0.25668
0.22952
0.16324
0.051147
-0.085388
-0.63351
-0.84799
-0.70688
-0.81201
-0.86407
-0.65594
-0.57187
-0.22009
0.1843
0.12036
0.26807
0.54947
0.45789
0.3381
0.35031
0.21307
0.16348
0.22885
0.1279
0.11963
0.25394
0.29272
0.36975
0.41788
0.2991
0.21396
0.24417
0.13922
0.035309
-0.22214
-0.76434
-0.81976
-0.70447
-0.8399
-0.83682
-0.56995
-0.42908
-0.089569
0.15576
0.12344
0.33408
0.51813
0.41519
0.32477
0.32944
0.19299
0.19778
0.2403
0.13852
0.16251
0.26566
0.30341
0.37497
0.37534
0.24902
0.2132
0.17822
0.060455
-0.018036
-0.24866
-0.75116
-0.77328
-0.67169
-0.81937
-0.75827
-0.47476
-0.41913
-0.15298
0.11972
0.10712
0.29013
0.46283
0.36365
0.32462
0.35269
0.21594
0.2417
0.271
0.16211
0.1756
0.27673
0.30978
0.36447
0.33533
0.22699
0.19345
0.1434
0.032257
0.014587
-0.16565
-0.65689
-0.75577
-0.63641
-0.77698
-0.79181
-0.47531
-0.41327
-0.27127
0.054871
0.12939
0.21402
0.41901
0.39047
0.29681
0.36566
0.27225
0.21075
0.29749
0.23849
0.16971
0.27899
0.32443
0.30484
0.31729
0.24289
0.15134
0.12924
0.038696
-0.028534
-0.084259
-0.49875
-0.72897
-0.63983
-0.63794
-0.70764
-0.50085
-0.44965
-0.36719
-0.027069
0.071716
0.090179
0.28226
0.36526
0.27197
0.36008
0.31412
0.2529
0.33807
0.31244
0.20767
0.26599
0.34
0.28665
0.2908
0.22525
0.11926
0.08078
0.059113
-0.057495
-0.09964
-0.27081
-0.56729
-0.65326
-0.61261
-0.57278
-0.52194
-0.40479
-0.39874
-0.15823
-0.0054321
0.042358
0.12784
0.27118
0.2529
0.28415
0.32416
0.26685
0.32748
0.3515
0.29395
0.26028
0.31982
0.29907
0.28461
0.22836
0.12524
0.075043
0.016327
-0.055206
-0.0961
-0.1203
-0.38416
-0.48926
-0.49881
-0.5423
-0.4913
-0.36478
-0.35104
-0.32748
-0.085358
-0.02887
0.041077
0.095673
0.16528
0.17026
0.25659
0.25644
0.24548
0.32138
0.30856
0.28693
0.26929
0.29474
0.25751
0.2261
0.15448
0.061157
0.012543
-0.036774
-0.082764
-0.11456
-0.11758
-0.22125
-0.32135
-0.31296
-0.2912
-0.32523
-0.3063
-0.23706
-0.20621
-0.12521
-0.044281
-0.043091
-0.020081
0.041077
0.069946
0.08255
0.12915
0.14819
0.17523
0.23285
0.23453
0.2244
0.24188
0.24802
0.21057
0.1463
0.10712
0.074432
0.01593
-0.02948
-0.039551
-0.055237
-0.099884
-0.12381
-0.13828
-0.17184
-0.24191
-0.2337
-0.14767
-0.12149
-0.14468
-0.11624
-0.11014
-0.11987
-0.091949
-0.074005
-0.017853
0.013885
0.038788
0.068512
0.11957
0.14999
0.17068
0.17834
0.16519
0.20709
0.20615
0.14313
0.11716
0.082733
0.044495
0.024384
-0.050049
-0.066162
-0.020721
-0.081207
-0.078918
-0.050598
-0.10806
-0.040405
-0.059326
-0.078247
-0.06778
-0.12448
-0.12527
-0.11447
-0.11356
-0.10477
-0.074707
-0.056702
0.00054932
0.005127
0.053131
0.063873
0.10162
0.10712
0.090729
0.13919
0.078186
0.11798
0.10245
0.0737
0.051086
0.074677
-0.013519
-0.0038147
0.0054321
-0.028351
0.013916
-0.039551
0.034393
-0.02771
-0.022552
-0.050751
-0.094635
-0.089111
-0.070374
-0.099518
-0.079803
-0.046997
-0.075623
-0.035248
-0.02887
-0.010925
0.0061951
0.057739
0.069061
0.033051
0.031372
0.027618
0.050293
0.04068
-0.00064087
0.032684
0.018921
-0.0079041
0.0030518
0.02066
0.019714
0.022858
0.039673
0.0067749
0.011841
0.027466
0.01239
-0.0021362
-0.02774
-0.054626
-0.012421
-0.035004
-0.058228
-0.023682
0.0021667
-0.0047607
-0.038422
0.06781
-0.0024414
-0.01532
0.062531
0.00027466
-0.0074768
0.018158
-0.0032349
-0.019836
0.0057678
-0.032043
-0.061646
0.0097351
-0.019043
0.0010681
0.028168
-0.020355
-0.026276
0.041016
-0.010529
-0.036774
0.066772
-0.042847
0.012482
0.010071
-0.015503
0.049225
-0.028229
0.036011
0.073578
0.0099182
0.027039
0.048828
0.041992
0.031769
0.020294
-0.012024
0.011963
-0.040985
-0.050537
-0.028076
-0.045807
-0.055756
-0.02655
-0.0070496
-0.04599
-0.037445
-0.00030518
-0.051636
-0.0010376
0.018372
-0.026215
-0.050812
0.053314
-0.013031
-0.04068
0.069366
0.026367
0.015686
0.053192
0.06781
0.01297
0.10864
0.0067139
0.024139
0.077209
-0.0091553
0.0083923
0.014526
-0.039642
-0.070679
0.011688
-0.087738
-0.039551
-0.029968
-0.023743
-0.025116
-0.048859
-0.047089
0.0026245
-0.024353
-0.076141
0.056122
-0.042816
-0.031036
0.028229
0.02243
0.016052
0.022461
0.046875
0.057831
0.063538
0.027161
0.073151
0.036499
0.058014
0.0012207
0.030365
0.041351
-0.031219
-0.0032654
-0.017212
-0.03244
-0.013275
-0.032959
-0.038818
-0.048584
-0.02948
-0.048981
-0.065979
-0.02652
-0.069672
-0.020233
-0.053772
-0.024475
0.025574
0.0091248
0.0012207
0.033966
0.088135
0.036194
0.023651
0.072784
0.086365
0.01947
0.044678
0.02948
0.034851
0.044952
-0.027496
0.0020447
-0.040955
0.0055237
-0.040802
-0.040588
-0.019806
-0.030029
-0.0079346
-0.069519
-0.015106
-0.060181
-0.022003
-0.032562
-0.053406
-0.03952
0.028198
0.0061646
-0.013977
0.051422
-0.043121
0.054993
0.0012817
0.057312
0.049774
0.0495
0.041107
0.013123
0.025635
-0.0057983
0.039703
0.00042725
0.084381
-0.039612
0.03537
0.0074463
-0.059235
0.055847
-0.072174
0.0054626
-0.040375
-0.021851
-0.087372
-0.017242
-0.064362
-0.099609
-0.039673
-0.030396
-0.0049133
-0.0242
0.092285
-0.045288
0.077789
0.0099792
0.039825
0.084625
-0.002594
0.072968
0.048065
-0.0019531
0.02063
0.059509
-0.081573
0.091614
-0.0091858
-0.056732
0.049103
-0.028229
-0.02887
-0.0023804
-0.017365
-0.026184
0.027008
-0.042419
-0.045319
-0.024567
-0.0066833
-0.048004
-0.012817
0.012299
-0.011414
-0.0030212
-0.035248
0.039307
-0.018097
-0.041016
0.039215
0.0018311
-0.0038147
-0.0013123
0.044189
0.010254
0.015289
0.051514
-0.0090332
0.048523
0.05542
-0.020233
0.089447
-0.018585
-0.019836
0.077759
-0.07254
-0.0046082
0.01355
-0.073212
-0.013184
-0.0080872
-0.03421
-0.037506
-0.030518
-0.020844
-0.032837
-0.026917
-0.0097961
0.044434
-0.027191
-0.024139
0.04541
-0.017609
0.037872
0.040527
0.0054016
0.058441
0.018433
-0.0011902
0.031433
0.022736
0.00048828
-0.0089417
-0.018494
0.01828
-0.022614
-0.044495
0.0075684
0.0041199
-0.032837
-0.015594
0.025055
0.018463
-0.016754
0.0032654
0.017426
0.0053711
-0.048676
0.016357
0.022064
-0.029846
-0.013031
0.029907
-0.059601
-0.0019531
0.002533
-0.02243
0.016785
-0.00097656
0.02066
-0.04068
0.019623
0.033813
-0.027802
-0.0071411
0.046509
-0.022064
0.0037537
0.048523
-0.027863
0.015869
0.020721
0.0065308
0.01767
-0.010956
-0.0022278
0.043457
-0.035492
0.0012817
0.0061035
-0.027679
0.018158
-0.060699
-0.0081787
0.005127
-0.029114
0.033844
0.0069885
-0.026917
0.00091553
0.0028687
0.018768
0.020538
-0.065308
0.062683
-0.00048828
-0.026093
0.057251
-0.034546
0.0039368
0.033234
-0.0092468
-0.046631
0.010132
0.0038452
0.014801
-0.0029907
-0.055023
0.0075073
0.040985
-0.042297
-0.020142
0.083496
-0.040802
0.041687
0.010895
-0.014282
0.05954
-0.017792
-0.023926
0.012543
0.015747
-0.042358
-0.0041504
0.0050354
-0.038147
-0.022034
0.0092773
-0.036316
0.018219
-0.0072632
-0.018372
0.0056458
0.0018616
0.016113
-0.0084534
0.0061646
0.0052795
0.027496
0.0046692
-0.012177
0.042969
-0.01236
-0.016663
0.08075
-0.043976
0.0097961
0.037567
-0.059174
0.024231
-0.023499
0.0065308
0.006012
-0.020355
0.0177
-0.02005
-0.051544
0.023987
-0.010284
-0.040619
0.018158
-0.0053101
0.01889
-0.026489
0.022705
-0.01178
0.011749
0.027466
0.0057373
-0.0027161
0.011444
0.052094
-0.054962
0.038635
0.0086365
-0.023743
0.0086365
0.015381
-0.019226
0.046417
-0.011871
-0.024414
0.048187
-0.051422
-0.029755
0.026917
-0.030975
-0.028229
0.055389
-0.026855
-0.061005
0.039154
-0.0026245
-0.015259
0.038971
-0.0097046
0.026855
0.015594
-0.026733
-0.0079041
-0.00094604
-0.0036316
0.0026245
-0.00094604
-0.030029
0.012146
-0.027588
0.012451
-0.024963
0.03067
-0.0049438
-0.00024414
0.067108
-0.052216
0.027954
0.0026855
-0.0093689
0.0027161
0.045044
-0.024323
0.015411
0.015533
-0.0092468
-0.0036011
-0.02771
0.023132
-0.045837
0.026917
-0.011108
-0.035431
0.027222
-0.030151
-0.03067
0.0056152
0.021667
-0.028534
0.021332
0.029816
-0.0066833
0.03067
0.037537
-0.0093994
0.018799
0.034668
-0.052521
0.031952
-0.012054
-0.040894
0.015381
-0.0080261
-0.033966
-0.014069
0.027496
-0.0014954
-0.014771
-0.030029
0.025177
-0.010162
-0.036499
0.02243
0.0036926
0.014648
-0.033112
-0.0039062
0.047119
-0.03891
0.043549
0.031433
-0.014313
0.0060425
0.042877
-0.024628
-0.0041809
0.015381
-0.0012817
0.015076
-0.049255
0.032074
0.0019531
-0.011353
0.0076599
-0.05542
0.053314
-0.030579
-0.023193
0.02771
-0.035431
0.012115
-0.024628
-0.029114
0.052551
-0.027771
-0.024048
0.076477
-0.044678
-0.0031128
0.037933
-0.019714
0.053162
-0.023804
-0.016235
0.012024
0.04245
-0.049622
0.022919
0.021667
-0.032074
0.033447
-0.056244
-0.0011902
0.031494
-0.024323
-0.0093689
0.051758
-0.008606
-0.044403
0.014496
-0.0089111
0.013458
-0.040192
0.021881
0.0079346
-0.016357
-0.023071
0.0069885
0.026367
-0.049133
0.03299
0.015228
-0.030975
0.022461
0.0010986
-0.038818
0.035583
0.0089417
-0.036377
0.048401
-0.00042725
0.0035706
0.040741
-0.013245
0.017609
0.029999
-0.0052795
-0.013733
0.023621
0.0011292
-0.024414
-0.022156
0.019379
-0.022552
-0.032318
0.020264
-0.051697
0.032959
-0.014557
-0.05423
0.06543
-0.034546
-0.024323
0.020355
-0.025513
0.016876
0.048187
-0.028015
-0.0028076
0.059143
-0.0065613
0.010284
-0.0097351
0.03653
0.023407
-0.034302
-0.0040283
0.02655
-0.011841
-0.070221
0.035889
-0.0061951
-0.02652
-0.011078
0.00097656
0.027832
-0.053101
0.017548
-0.035858
0.022552
0.02951
-0.059082
0.040802
-0.010834
-0.0242
0.012299
0.016449
-0.020844
0.02832
-0.0040588
0.032043
0.037262
-0.05365
0.047821
-0.014221
0.044189
-0.044403
-0.0068054
0.045197
-0.0062256
0.0045166
-0.052094
0.032471
0.0027466
-0.028442
-0.01004
0.047668
-0.049225
0.0057068
0.016388
-0.036804
0.035828
-0.016449
0.02597
-0.031952
0.013153
-0.012726
-0.015717
0.022247
-0.023102
-0.0093384
0.012604
0.020966
-0.028656
0.0049438
-0.023376
0.06546
-0.03244
-0.028687
0.076813
-0.020294
-0.026031
0.045227
-0.041229
0.0043945
0.065948
-0.077393
0.026764
0.027222
-0.03421
0.0038147
-0.0074768
0.024261
-0.019775
-0.027374
0.03363
0.012024
-0.03009
-0.026855
-0.0058899
0.032806
-0.016754
-0.036163
0.022827
0.046295
-0.020294
-0.011719
0.014893
-0.0066528
0.034027
-0.025879
-0.0024109
0.017365
-0.017822
0.024689
-0.014038
0.00064087
0.011169
-0.010345
0.0066223
0.021729
-0.022797
-0.0091553
0.014557
-0.023865
-0.0042419
0.0099182
-0.017151
0.0039368
0.00057983
0.0067749
-0.022339
0.017059
0.007019
0.007782
-0.00061035
0.01062
-0.0069885
0.0057678
0.0046387
-0.018616
-0.0011597
0.0046997
0.020447
-0.023956
0.0044861
0.022064
-0.00088501
-0.014038
-0.0091858
0.0072937
0.0038147
-0.016449
0.0067444
-0.0056763
0.0050049
-0.00012207
-0.00073242
-0.004364
0.0031738
0.034882
-0.023956
-0.032074
0.030396
0.011719
-0.027435
0.0075378
-0.022125
0.014954
-0.0054932
-0.025696
0.012909
0.014496
-0.026215
0.024475
0.00015259
-0.0045471
0.0074768
-0.018799
0.068176
-0.026672
-0.025635
0.023987
0.0090027
-0.0035095
0.012268
-0.013397
-0.0046387
0.018799
-0.024506
-0.020325
0.029602
-0.012146
-0.01355
0.035492
-0.032684
-0.0019836
0.03009
-0.027374
0.019623
0.0048523
-0.053314
0.033173
0.012329
-0.046082
0.052002
-0.023743
-0.01413
0.064331
-0.039185
-0.013916
0.042053
-0.032318
0.0033875
0.017853
-0.0224
0.031372
-0.032135
-0.019104
0.03067
0.0033569
-0.044525
0.033386
0.022247
-0.037109
0.02652
-0.006958
-0.029663
0.02121
-0.0037842
-0.03598
0.041168
-0.0073547
-0.0076904
0.025391
-0.016479
-0.0089417
0.024353
-0.0045776
0.0014038
0.013824
-0.00054932
-0.0095825
-0.0041809
-0.0054626
0.0022583
0.00076294
-0.013885
0.01416
-0.0089111
0.014587
-0.019531
0.018341
0.0046082
-0.0031128
0.013855
-0.039429
0.025909
-0.0056152
0.014282
-0.01123
-0.019135
0.016479
0.014374
0.0071106
-0.031616
0.009613
0.026001
-0.0042419
-0.045349
0.04541
-0.0383
0.0082092
0.023895
-0.027496
0.014862
-0.022369
0.016907
0.012878
-0.015656
-0.028473
0.023163
0.015594
-0.010284
-0.006073
-0.025909
0.021667
0.022034
-0.013733
-0.025055
0.046234
0.0092163
-0.019958
0.00015259
0.0082397
0.015991
-0.02948
0.015076
0.0093994
-0.01709
0.015076
-0.027039
0.0046387
-0.023132
0.010742
0.0011902
-0.021851
0.014709
0.027435
-0.02536
-0.0069275
0.042084
-0.028564
0.038269
-0.03418
0.010193
0.016235
-0.039307
-0.0046082
0.013672
0.024078
-0.036987
0.03595
-0.048859
0.044403
0.014099
-0.050842
0.033569
0.019592
0.0028076
-0.053711
0.075378
-0.039734
0.013153
-0.0092773
-0.0013733
0.020691
-0.039276
-0.018311
0.02121
0.010223
-0.07605
0.072235
-0.014832
-0.023987
0.011444
-0.0093079
0.029999
0.005127
-0.0014038
-0.012573
0.051666
-0.016785
-0.0094604
0.00079346
0.01178
0.0042419
-0.021515
0.0028687
0.014069
-0.00048828
-0.026489
-0.02533
0.02002
-0.021057
0.00088501
0.01297
-0.0242
0.042664
-0.01181
-0.010895
0.020447
-0.013641
0.014679
0.011658
0.016937
-0.017059
-0.0032654
-0.020691
0.018738
-0.043182
0.015839
0.00088501
-0.014679
0.049713
-0.041565
0.0088501
0.037628
-0.006958
-0.017426
0.038788
-0.02359
0.026703
-0.015167
-0.033813
0.056732
-0.03949
-0.012573
0.0016174
-0.016418
-0.0088196
0.029327
0.0011902
-0.022583
0.023102
-0.050079
0.02475
0.023712
-0.0085144
0.0037537
0.011475
0.012573
-0.043365
0.013763
-0.012543
0.007019
0.04895
-0.041962
-0.0029907
0.019714
0.021759
0.0019226
0.015167
-0.0091858
-0.030823
-0.0078125
-0.033875
0.016479
-0.020325
0.019196
0.0097351
-0.024261
0.020538
-0.012085
-0.0019531
0.012756
0.027649
-0.0038757
0.010742
0.011627
-0.0054016
-0.019653
-0.012451
0.0011292
0.0021973
0.00045776
-0.036346
0.03833
0.014557
-0.027863
0.022675
-0.009491
0.015564
-0.011322
-0.0066528
0.035828
-0.020294
-0.014557
0.0074768
0.020752
-0.027985
-0.0043335
0.0038757
-0.018951
0.025787
-0.0098877
-0.025238
0.010315
0.016235
-0.035858
0.020874
0.013153
-0.028107
0.049347
-0.031586
-0.011841
0.0448
-0.010498
-0.010315
-0.0026245
0.0055237
0.0048828
-0.011993
0.005127
-0.017853
0.00076294
0.012085
-0.013153
0.050934
-0.016602
-0.0036011
0.012421
-0.035675
0.028503
-0.016235
-0.0029297
0.021851
0.0088196
-0.02533
-0.018402
0.02124
-0.012695
-0.018341
0.032471
-0.0099487
0.0028076
0.026917
-0.041962
0.013824
0.026978
-0.034973
0.0082703
0.0015564
0.0014038
0.0064697
0.00061035
-0.0095215
-0.0014343
-0.00027466
-0.018188
0.0069275
-0.0076294
-0.030914
0.0096436
0.0045776
-0.015991
0.0042419
0.0029602
0.0039978
0.025757
0.013428
0.014801
0.026031
0.010559
0.008606
0.0039978
0.0088196
-0.0038757
0.0080566
0.0083313
-0.018921
-0.012054
-0.01178
-0.019653
-0.019257
-0.0042114
-0.0066528
-0.021637
-0.0019226
-0.0013123
-0.011719
0.0023804
0.0097656
0.0014954
0.0067444
0.0047607
0.0021057
0.0063171
0.0037842
0.0078735
0.0064392
0.0042114
0.0028992
-0.0031433
-0.0019226
0.0016479
0.0011597
0.0019226
0.0031433
-0.0076904
-0.0073242
-0.00027466
-0.0028992
0.0013428
0.0029907
-0.0037842
-0.0044556
-0.0021973
-0.00021362
0.0025635
-0.00018311
-0.0021057
0.00024414
-0.00036621
0.0011902
0.0020752
0.0041504
-0.00042725
-0.0005188
