-0.0007019
-0.0029907
-0.0007019
0.00021362
-0.0046082
-0.0021667
0.011475
-0.023499
0.011505
0.0078735
-0.015472
0.021515
-0.00030518
0.0080261
0.00018311
0.0073242
-0.0018616
-0.0024414
-0.0047607
-0.0030212
-0.0018616
-0.0036926
-0.0057068
0.00061035
-0.0025024
-0.0026855
0.0011292
-0.0041199
-0.0019226
0.0031738
-0.0026245
-0.00354
-0.0021973
-0.0012512
-0.00067139
-0.00012207
0.0018921
0.00027466
0.0037842
0.0015259
0.00076294
0.0053711
-0.00033569
0.0005188
0.0032043
-0.00027466
-0.0010376
-0.0015564
-0.0054016
0.0075989
-0.023041
0.0010376
0.022308
-0.015564
0.023712
0.020355
0.011749
0.011566
0.0076904
0.004425
-0.020691
-0.02594
-0.0097961
-0.029236
0.0014648
-0.0013123
0.025085
0.013702
0.028137
0.031311
0.0089111
0.013
0.0016479
-0.0080261
-0.016235
-0.01709
-0.020142
-0.022552
-0.024689
-0.012878
-0.013336
-0.020844
-0.012054
-0.0041504
-0.0037537
-0.0019836
-0.0014038
-0.0007019
-0.0046387
-0.0029297
-0.0084229
-0.019684
-0.030273
-0.031555
-0.032013
-0.026031
-0.0082092
0.0061951
0.024475
0.044159
0.053131
0.065186
0.066895
0.061401
0.058411
0.048035
0.034424
0.024475
0.014801
0.0022583
-0.010956
-0.019958
-0.026001
-0.034912
-0.037201
-0.031616
-0.028168
-0.024567
-0.015594
-0.012939
-0.0032349
0.0043335
0.010498
0.010803
0.01181
0.01178
0.0091248
0.01413
0.017365
0.018799
0.030457
0.035522
0.040405
0.039154
0.03894
0.031555
0.017731
-0.00018311
-0.021088
-0.060852
-0.10083
-0.19373
-0.22437
-0.29721
-0.32303
-0.27618
-0.23111
-0.14371
-0.041534
0.090424
0.15622
0.30667
0.34161
0.41437
0.42499
0.39642
0.33197
0.25061
0.1618
0.021362
-0.039795
-0.16919
-0.23688
-0.26837
-0.30066
-0.27863
-0.23502
-0.18005
-0.12308
-0.026917
0.043091
0.11383
0.19238
0.20718
0.21768
0.19986
0.15237
0.094482
0.035065
-0.044647
-0.12314
-0.1723
-0.2399
-0.25153
-0.24341
-0.22888
-0.18158
-0.11801
-0.055084
0.01651
0.10327
0.15494
0.21039
0.23587
0.21918
0.20331
0.16565
0.11401
0.06958
0.028046
-0.012329
-0.023071
-0.015106
-0.0058899
0.020416
0.031921
0.024139
0.015167
-0.010681
-0.084961
-0.13663
-0.31223
-0.40707
-0.49692
-0.54459
-0.44623
-0.327
-0.13669
0.01004
0.2594
0.34335
0.52512
0.60397
0.60831
0.59335
0.47537
0.32874
0.15442
0.015472
-0.16016
-0.26614
-0.34064
-0.41782
-0.38065
-0.30597
-0.22659
-0.083984
0.029846
0.11804
0.19934
0.27515
0.28616
0.28479
0.25635
0.13251
0.038483
-0.066864
-0.17624
-0.22568
-0.25797
-0.29465
-0.29459
-0.25696
-0.22653
-0.14386
-0.05014
0.014465
0.086182
0.13882
0.1579
0.18546
0.19778
0.17499
0.13715
0.095612
0.02655
-0.010132
-0.022125
-0.02417
0.0046387
0.035431
0.065948
0.089325
0.11255
0.11813
0.11176
0.029663
-0.06073
-0.24771
-0.45142
-0.5423
-0.66998
-0.57172
-0.48013
-0.23935
-0.053894
0.21832
0.43164
0.55386
0.72015
0.68292
0.6452
0.51843
0.32581
0.12213
-0.066742
-0.2406
-0.38013
-0.43991
-0.43268
-0.39026
-0.2392
-0.1048
0.02063
0.16302
0.23599
0.30066
0.32373
0.31659
0.22531
0.12836
0.016937
-0.13004
-0.19907
-0.26126
-0.29755
-0.29721
-0.26791
-0.23932
-0.16965
-0.080414
-0.0099792
0.064453
0.12024
0.13086
0.1474
0.15457
0.13965
0.1181
0.081055
0.033539
-0.023376
-0.024292
-0.040985
-0.014221
0.028351
0.06781
0.11285
0.14487
0.17264
0.16364
0.16504
0.088135
-0.032501
-0.17654
-0.46167
-0.58554
-0.74197
-0.72079
-0.59195
-0.36957
-0.081024
0.16373
0.49832
0.59543
0.74954
0.75931
0.66464
0.54785
0.33551
0.099731
-0.13626
-0.3024
-0.4556
-0.49399
-0.45911
-0.34753
-0.19073
0.020905
0.15359
0.2767
0.36783
0.3605
0.35892
0.2796
0.14755
0.019806
-0.12082
-0.22211
-0.29401
-0.29611
-0.29443
-0.27057
-0.18918
-0.1525
-0.062286
0.016479
0.072754
0.11487
0.11609
0.10806
0.079193
0.071259
0.062347
0.036743
0.02536
-0.0074768
-0.029327
-0.017517
-0.010834
0.028931
0.069458
0.10745
0.14178
0.15982
0.17084
0.15225
0.10919
0.0033264
-0.1348
-0.37939
-0.56662
-0.70151
-0.77365
-0.62253
-0.45721
-0.12274
0.13672
0.46234
0.65128
0.74969
0.80569
0.68698
0.54648
0.33215
0.071869
-0.16516
-0.3425
-0.47656
-0.50107
-0.45865
-0.32465
-0.14935
0.068634
0.26004
0.36523
0.44223
0.41403
0.33774
0.25153
0.099091
-0.048035
-0.18625
-0.31796
-0.37735
-0.39005
-0.33694
-0.26892
-0.1637
-0.071167
-0.0044556
0.066071
0.098541
0.10852
0.11865
0.098358
0.071442
0.051514
0.032715
0.03183
0.038544
0.045837
0.041626
0.028229
0.025543
0.045044
0.081818
0.12796
0.16254
0.15915
0.15045
0.086304
0.002655
-0.12494
-0.37131
-0.52463
-0.7225
-0.75833
-0.62698
-0.42889
-0.056641
0.20807
0.51816
0.65973
0.70917
0.73285
0.5976
0.47498
0.2533
-0.01709
-0.25601
-0.44653
-0.54544
-0.51007
-0.40729
-0.23788
-0.031372
0.14023
0.31808
0.39856
0.45117
0.44324
0.34927
0.25842
0.09024
-0.059357
-0.1944
-0.31787
-0.36185
-0.38058
-0.33395
-0.24454
-0.1553
-0.049011
0.031708
0.074341
0.10974
0.11127
0.10815
0.08905
0.054962
0.037903
-0.00015259
-0.007843
-0.0069885
-0.010956
0.014679
0.027039
0.061584
0.080902
0.1106
0.12222
0.12689
0.11862
0.051025
-0.025757
-0.24304
-0.41959
-0.57837
-0.71368
-0.59201
-0.47906
-0.14264
0.14825
0.44009
0.67267
0.71521
0.73407
0.62469
0.47238
0.28687
0.068146
-0.19049
-0.37234
-0.53754
-0.57315
-0.50821
-0.37726
-0.14224
0.035767
0.22882
0.32587
0.36334
0.3725
0.33246
0.28131
0.19617
0.081757
-0.064636
-0.17371
-0.28052
-0.30399
-0.29495
-0.23886
-0.16428
-0.10501
-0.029297
0.021606
0.069885
0.12405
0.14676
0.1546
0.142
0.088837
0.050568
0.0063171
-0.0050049
-0.0099792
0.0047607
0.031952
0.013519
0.0079956
-0.021362
-0.040344
-0.053345
-0.065155
-0.12918
-0.30917
-0.41986
-0.60382
-0.62469
-0.50742
-0.27771
0.089294
0.38257
0.68484
0.77213
0.75903
0.65784
0.50079
0.33694
0.18588
0.022827
-0.18463
-0.33377
-0.49741
-0.5376
-0.48605
-0.32623
-0.096771
0.081299
0.23575
0.27133
0.23395
0.19949
0.15375
0.13135
0.11734
0.064697
-0.022583
-0.1254
-0.21164
-0.25107
-0.23068
-0.15955
-0.078308
-0.027283
0.0063171
0.0077209
0.013855
0.05127
0.099609
0.1572
0.1835
0.17859
0.13062
0.078705
0.041809
0.031586
0.045807
0.059113
0.046417
-0.019684
-0.097931
-0.1814
-0.24442
-0.32996
-0.42926
-0.49466
-0.60342
-0.56189
-0.45807
-0.22012
0.11429
0.4343
0.73819
0.84097
0.82401
0.67575
0.47464
0.27307
0.11752
-0.026489
-0.1553
-0.26669
-0.38712
-0.45865
-0.45663
-0.33591
-0.15771
0.067474
0.23083
0.30777
0.27872
0.18338
0.097504
0.012268
0.0045166
-0.0053101
-0.016846
-0.05722
-0.12732
-0.18719
-0.22052
-0.19827
-0.13699
-0.053589
0.0112
0.051025
0.058197
0.054688
0.061859
0.080719
0.1134
0.15393
0.16766
0.177
0.16132
0.13461
0.095947
0.05423
-0.0079346
-0.068634
-0.14294
-0.23862
-0.3887
-0.53238
-0.61786
-0.69373
-0.56958
-0.41089
-0.13486
0.15854
0.41656
0.6564
0.72424
0.74786
0.66702
0.51813
0.36789
0.21808
0.067993
-0.056
-0.17905
-0.31161
-0.3913
-0.4407
-0.3942
-0.27588
-0.12671
0.038055
0.14615
0.19748
0.20621
0.1636
0.1347
0.096191
0.068817
0.054626
0.015564
-0.029022
-0.087097
-0.15161
-0.19266
-0.21268
-0.19345
-0.14056
-0.083221
-0.0091553
0.030518
0.060699
0.080811
0.092499
0.11636
0.13913
0.16418
0.18149
0.16934
0.13797
0.081116
0.0061035
-0.071686
-0.13425
-0.19464
-0.32718
-0.40475
-0.52118
-0.5784
-0.52768
-0.42758
-0.17401
0.05423
0.35016
0.55414
0.63986
0.66235
0.58463
0.4726
0.34695
0.25681
0.16037
0.10376
0.023712
-0.079254
-0.20895
-0.32318
-0.36792
-0.38361
-0.30515
-0.21783
-0.13025
-0.053833
-0.021576
0.013916
0.032928
0.089813
0.14926
0.20581
0.24533
0.23349
0.1918
0.11783
0.031616
-0.060242
-0.13736
-0.19455
-0.22815
-0.2341
-0.22192
-0.18137
-0.134
-0.065155
-0.0014954
0.059784
0.11252
0.13678
0.15164
0.13879
0.11044
0.083649
0.044342
0.013855
-0.038361
-0.10623
-0.15509
-0.23517
-0.25009
-0.27298
-0.24292
-0.18567
-0.11789
-0.0044861
0.084564
0.17581
0.2374
0.27618
0.28641
0.28271
0.26804
0.25827
0.23822
0.1969
0.1438
0.062256
-0.01001
-0.071472
-0.10977
-0.12253
-0.12784
-0.12259
-0.1257
-0.13361
-0.13153
-0.1239
-0.097473
-0.066559
-0.033417
-0.014374
-0.0016785
0.009552
0.014648
0.025635
0.034058
0.040802
0.040497
0.03067
0.0058594
-0.024994
-0.050537
-0.074951
-0.081665
-0.076477
-0.05304
-0.027039
0.0038757
0.032288
0.040009
0.04895
0.049194
0.050751
0.051788
0.053589
0.051178
0.039764
0.022919
-0.0022278
-0.024017
-0.038879
-0.048065
-0.052887
-0.056793
-0.058899
-0.062653
-0.062592
-0.058441
-0.052856
-0.039886
-0.024963
-0.010681
-0.0028687
0.0028687
0.01178
0.028168
0.048615
0.085052
0.11194
0.13068
0.13321
0.12143
0.10364
0.083588
0.069275
0.058746
0.058197
0.049988
0.042175
0.024109
0.00091553
-0.019226
-0.038208
-0.041382
-0.042969
-0.0354
-0.03833
-0.04483
-0.061615
-0.087158
-0.10818
-0.12613
-0.12872
-0.11975
-0.1001
-0.081146
-0.05957
-0.042755
-0.03125
-0.020294
-0.014252
-0.0019226
0.0099182
0.031586
0.049377
0.063416
0.071716
0.07074
0.066284
0.054108
0.050598
0.037567
0.035095
0.036194
0.032349
0.035614
0.036591
0.039856
0.034668
0.030426
0.022186
0.0091858
-0.0082397
-0.026672
-0.047546
-0.065277
-0.074768
-0.083221
-0.082275
-0.076172
-0.062225
-0.048065
-0.027771
-0.0072021
0.012939
0.036743
0.054443
0.069763
0.078217
0.073944
0.059814
0.043884
0.031586
0.025177
0.025452
0.028534
0.031799
0.027863
0.016266
0.00082397
-0.012817
-0.01358
-0.0083313
0.00073242
0.0090942
0.01062
-0.00064087
-0.019104
-0.034973
-0.043518
-0.043854
-0.036743
-0.030609
-0.028748
-0.031067
-0.034729
-0.036011
-0.035645
-0.02829
-0.024506
-0.022675
-0.022858
-0.025787
-0.026062
-0.021118
-0.0099182
0.003418
0.01535
0.025116
0.029755
0.033173
0.032684
0.034424
0.03421
0.036499
0.03833
0.03894
0.036316
0.028015
0.017456
0.002594
-0.0094299
-0.015442
-0.016754
-0.010162
0.0036316
0.019684
0.028473
0.032166
0.025818
0.010162
-0.0048523
-0.021912
-0.030457
-0.03714
-0.040039
-0.045258
-0.052246
-0.05658
-0.059082
-0.047363
-0.027039
0.0030518
0.030518
0.053253
0.061676
0.057648
0.052551
0.046967
0.047699
0.050537
0.048584
0.036072
0.013214
-0.017059
-0.042664
-0.057739
-0.059296
-0.047119
-0.034454
-0.024475
-0.022858
-0.028778
-0.029877
-0.028442
-0.015533
0.00024414
0.014313
0.021088
0.016327
0.0066528
-0.0058289
-0.011627
-0.0062561
0.0068665
0.020416
0.029877
0.02832
0.017487
0.0049133
-0.0040283
-0.0030212
0.0067749
0.018524
0.025116
0.026672
0.022736
0.020752
0.022217
0.027588
0.031708
0.026855
0.015625
-0.0045776
-0.026703
-0.044739
-0.054108
-0.057098
-0.058228
-0.056671
-0.052856
-0.04248
-0.026764
-0.0062256
0.013763
0.02771
0.036469
0.037415
0.036072
0.038696
0.040405
0.042877
0.037323
0.024017
0.0041504
-0.019867
-0.036682
-0.043915
-0.03952
-0.02951
-0.019928
-0.015533
-0.016052
-0.019897
-0.018524
-0.009613
0.0049133
0.018158
0.023865
0.019592
0.0082092
-0.0050964
-0.012054
-0.0079651
0.0021057
0.013458
0.015198
0.012115
0.0044861
-0.0020447
-0.0023499
0.0040894
0.018768
0.031708
0.042023
0.043335
0.039124
0.031311
0.023071
0.016815
0.0112
0.0073547
-0.0021973
-0.011292
-0.025482
-0.038452
-0.050446
-0.056061
-0.055115
-0.050262
-0.040039
-0.030212
-0.020172
-0.013
-0.0061951
-0.0017395
0.0047302
0.01355
0.023712
0.031342
0.034576
0.032837
0.025085
0.014374
0.0033264
-0.00177
-0.0039978
-0.0027466
0.00088501
0.0032043
0.0052185
0.0034485
0.0021973
0.00018311
-0.00036621
-0.00045776
0.0026245
0.0057983
0.0049133
0.003418
-0.0011902
-0.0038452
-0.0063477
-0.0090332
-0.010803
-0.014893
-0.019806
-0.02417
-0.025299
-0.022949
-0.017426
-0.011292
-0.0031738
0.0067749
0.015411
0.025665
0.033142
0.036682
0.038147
0.035217
0.03064
0.025604
0.019562
0.014038
0.0070801
-0.00079346
-0.0097961
-0.016998
-0.021027
-0.022827
-0.019989
-0.016022
-0.011902
-0.010193
-0.011475
-0.013763
-0.013275
-0.011658
-0.0097961
-0.0074463
-0.007782
-0.0090942
-0.015137
-0.018463
-0.019104
-0.018311
-0.012543
-0.0049133
0.0037537
0.0089111
0.013184
0.016113
0.016754
0.01767
0.019714
0.024719
0.028656
0.030365
0.029236
0.025574
0.020844
0.014496
0.010345
0.006073
0.002533
-0.0020752
-0.0072327
-0.011017
-0.015167
-0.015747
