0.0063477
0.0046997
0.0018005
0.00354
0.0039673
0.0018616
0.0046082
0.0068359
0.0060425
0.0088806
0.011719
0.010254
0.0099792
0.010468
0.009613
0.0072632
0.0027466
0.0007019
-0.0023499
-0.0092468
-0.012115
-0.014923
-0.021027
-0.022247
-0.02063
-0.021332
-0.020813
-0.016083
-0.012482
-0.010651
-0.0038452
0.00177
0.0037537
0.0073242
0.0092468
0.010406
0.011536
0.0087891
0.0076904
0.007782
0.0041504
0.0022278
0.00079346
-0.0020447
-0.0016174
-0.0020752
-0.0028076
-0.0012817
-0.00018311
0.0005188
0.0020142
0.0048523
0.0049438
0.0035095
0.0038452
0.0011597
-0.0012512
-0.0013733
-0.0067444
-0.012726
-0.012878
-0.016754
-0.021667
-0.020935
-0.021912
-0.024261
-0.023193
-0.019287
-0.014008
-0.0097961
-0.0049744
0.0016785
0.0056458
0.010895
0.016418
0.017181
0.021393
0.02475
0.023865
0.027374
0.029572
0.027924
0.027771
0.028076
0.030426
0.029846
0.02774
0.031128
0.030518
0.026978
0.027527
0.024261
0.017456
0.01181
0.005188
-0.002655
-0.011108
-0.021027
-0.030823
-0.038574
-0.045502
-0.049927
-0.052429
-0.054108
-0.051117
-0.046326
-0.041321
-0.033051
-0.025116
-0.017426
-0.0071106
0.00082397
0.0080261
0.014771
0.018738
0.02301
0.024567
0.023529
0.023224
0.020264
0.016663
0.01416
0.0092163
0.0055542
0.0018311
-0.0024414
-0.0048218
-0.0077209
-0.0085449
-0.0088806
-0.010345
-0.0070801
-0.0047302
-0.0046997
-0.00039673
0.0029907
0.0045471
0.0070801
0.0090027
0.009491
0.0086975
0.007782
0.0057983
0.00085449
-0.0021362
-0.0040283
-0.0092773
-0.013519
-0.015991
-0.017853
-0.018799
-0.018585
-0.018005
-0.017517
-0.014496
-0.009552
-0.0048218
0.0010376
0.0087891
0.015289
0.019165
0.026276
0.034241
0.03656
0.040894
0.04538
0.04364
0.043732
0.04306
0.038818
0.033264
0.025543
0.019531
0.011597
0.0011902
-0.0058594
-0.014435
-0.022614
-0.027313
-0.032379
-0.036926
-0.039978
-0.039734
-0.039459
-0.039459
-0.035858
-0.031921
-0.02948
-0.024384
-0.018311
-0.014526
-0.0085449
-0.0025635
6.1035e-05
0.0041199
0.0087585
0.011719
0.013153
0.014465
0.01532
0.014984
0.013306
0.012604
0.013
0.0098572
0.0060425
0.0052185
0.0024109
-0.0032043
-0.0076294
-0.010864
-0.015381
-0.02002
-0.023712
-0.028809
-0.033722
-0.033264
-0.035767
-0.036224
-0.032318
-0.040741
-0.034088
-0.019073
-0.018524
-0.0031128
0.0074463
0.013092
0.030487
0.045074
0.063629
0.074249
0.08194
0.097778
0.10471
0.10886
0.11557
0.10992
0.098938
0.089111
0.071075
0.05011
0.025146
-0.0014343
-0.027069
-0.054718
-0.077271
-0.096344
-0.11325
-0.12274
-0.12772
-0.12845
-0.12228
-0.11069
-0.096771
-0.080933
-0.061035
-0.0383
-0.018311
-0.0005188
0.018066
0.033142
0.042999
0.052948
0.058838
0.059021
0.058838
0.055267
0.049164
0.041443
0.03244
0.022247
0.011749
0.0038147
-0.0050049
-0.01355
-0.018951
-0.021912
-0.024414
-0.025635
-0.022278
-0.018982
-0.014893
-0.0080261
-0.0026855
0.0027161
0.010406
0.013611
0.0159
0.017975
0.016571
0.017853
0.016144
0.013245
0.011322
0.005127
0.0031433
0.0019531
-0.0023804
-0.0010071
9.1553e-05
-0.00067139
0.00354
0.0067139
0.0090027
0.01297
0.014069
0.016205
0.01709
0.017334
0.017822
0.014679
0.012268
0.010834
0.0068359
0.004303
0.0023193
-0.0028687
-0.0066223
-0.0077515
-0.0086365
-0.010834
-0.014343
-0.01593
-0.01767
-0.019043
-0.018677
-0.021576
-0.025818
-0.026215
-0.028381
-0.029968
-0.02713
-0.029694
-0.033142
-0.029999
-0.026093
-0.025299
-0.024841
-0.026001
-0.028412
-0.023834
-0.0224
-0.019562
-0.028503
-0.038269
-0.019165
-0.019043
-0.0067749
0.0078735
0.0010986
0.022186
0.041962
0.069305
0.090485
0.10104
0.12042
0.13458
0.14816
0.16037
0.15646
0.14078
0.12869
0.10428
0.07782
0.045898
0.0073853
-0.03064
-0.069946
-0.099609
-0.12732
-0.15118
-0.16614
-0.17358
-0.17438
-0.16605
-0.14941
-0.13129
-0.10962
-0.084473
-0.056122
-0.029266
-0.0027771
0.019043
0.037994
0.056305
0.070099
0.080292
0.083344
0.082794
0.079071
0.07254
0.064728
0.052979
0.036835
0.021362
0.0092468
-0.0049744
-0.014587
-0.028442
-0.036499
-0.036224
-0.042633
-0.036163
-0.036346
-0.036469
-0.020996
-0.013062
-0.00079346
0.010254
0.017456
0.029327
0.039307
0.048126
0.053558
0.052887
0.05249
0.052002
0.047302
0.041077
0.031586
0.021301
0.011505
0.0018616
-0.0085754
-0.019165
-0.026489
-0.031982
-0.034454
-0.036865
-0.037445
-0.033875
-0.031342
-0.024384
-0.017487
-0.013275
-0.0073242
-0.0039368
0.0013123
0.0031433
-0.0013428
-0.0047913
-0.0083008
-0.014557
-0.015808
-0.017517
-0.03241
-0.038971
-0.047668
-0.052032
-0.049896
-0.057495
-0.063904
-0.087402
-0.0784
-0.054138
-0.053925
-0.030914
-0.026306
-0.014984
0.026123
0.06311
0.10132
0.11975
0.13858
0.17093
0.1983
0.21997
0.22641
0.21133
0.19553
0.1795
0.14935
0.11029
0.057678
0.0044861
-0.044373
-0.090485
-0.13022
-0.16946
-0.20142
-0.22177
-0.23022
-0.22845
-0.22061
-0.20474
-0.17966
-0.14911
-0.11371
-0.076202
-0.04303
-0.0086365
0.025391
0.055939
0.081116
0.099274
0.11066
0.11499
0.11652
0.11499
0.10852
0.094177
0.077423
0.057861
0.038269
0.021667
-0.0018921
-0.018738
-0.032135
-0.050537
-0.05661
-0.059387
-0.062744
-0.05661
-0.049347
-0.042572
-0.028381
-0.011841
0.0028076
0.017242
0.029877
0.043274
0.054901
0.065247
0.070679
0.068878
0.066254
0.061646
0.054169
0.046417
0.033325
0.015808
0.0030212
-0.0098572
-0.020844
-0.027985
-0.037048
-0.044647
-0.047363
-0.046448
-0.043945
-0.039337
-0.035675
-0.030243
-0.023285
-0.021149
-0.014038
-0.0095215
-0.008728
-0.0029907
-0.0072021
-0.012573
-0.018158
-0.02948
-0.031982
-0.042084
-0.057739
-0.063477
-0.098358
-0.10641
-0.081787
-0.098938
-0.071564
-0.058105
-0.06601
-0.011597
0.022552
0.066589
0.10959
0.13348
0.1748
0.20929
0.24442
0.27353
0.26776
0.25751
0.24866
0.21237
0.18127
0.13049
0.061859
0.0038452
-0.057007
-0.11215
-0.15964
-0.19858
-0.23309
-0.25369
-0.259
-0.25391
-0.23984
-0.21918
-0.1893
-0.15955
-0.11908
-0.077393
-0.043762
-0.0088806
0.024597
0.052368
0.075256
0.097656
0.11002
0.11234
0.11502
0.11182
0.10043
0.090485
0.07431
0.051727
0.032654
0.012268
-0.0098877
-0.026062
-0.038666
-0.049316
-0.055603
-0.058655
-0.055939
-0.054382
-0.046295
-0.03125
-0.020874
-0.0061951
0.010468
0.023071
0.037476
0.055573
0.067993
0.078339
0.086395
0.089264
0.090088
0.087494
0.081268
0.069336
0.056274
0.0401
0.021667
0.0037231
-0.016632
-0.032562
-0.047485
-0.060791
-0.066254
-0.073242
-0.080536
-0.078522
-0.073486
-0.074127
-0.06665
-0.05188
-0.049866
-0.040253
-0.026703
-0.033051
-0.031738
-0.019318
-0.02298
-0.031342
-0.034943
-0.045135
-0.081512
-0.075806
-0.048523
-0.077362
-0.051636
-0.037262
-0.054016
-0.0023804
0.038757
0.067047
0.10049
0.13718
0.17096
0.20267
0.24448
0.26425
0.25452
0.25055
0.24313
0.20059
0.16928
0.12634
0.053772
-0.0017395
-0.049072
-0.10898
-0.15848
-0.18686
-0.22104
-0.24374
-0.24304
-0.23767
-0.23285
-0.21179
-0.17981
-0.15961
-0.12579
-0.083191
-0.053802
-0.023651
0.018036
0.046997
0.066101
0.092834
0.10626
0.10825
0.11545
0.11835
0.10245
0.089081
0.076965
0.051819
0.034454
0.015869
-0.0053711
-0.026093
-0.044678
-0.05011
-0.061523
-0.068573
-0.063385
-0.064209
-0.057831
-0.035187
-0.019501
-0.0085449
0.016052
0.035034
0.049438
0.071716
0.090851
0.096497
0.10068
0.10742
0.10117
0.094879
0.09021
0.069214
0.045135
0.030121
0.0048523
-0.018738
-0.032257
-0.054138
-0.068665
-0.085663
-0.089661
-0.087372
-0.10211
-0.085846
-0.078033
-0.088196
-0.066559
-0.055115
-0.06131
-0.045715
-0.032196
-0.052185
-0.04953
-0.033356
-0.080261
-0.071899
-0.037292
-0.086945
-0.047516
-0.023346
-0.0578
-9.1553e-05
0.035645
0.05191
0.096802
0.14346
0.16693
0.19952
0.25247
0.27142
0.26733
0.27573
0.27081
0.21631
0.19397
0.16006
0.074463
0.017853
-0.026306
-0.095764
-0.15253
-0.17853
-0.22272
-0.25821
-0.25882
-0.2551
-0.26019
-0.24561
-0.21222
-0.19891
-0.16873
-0.11673
-0.084259
-0.059296
-0.010437
0.027252
0.044281
0.082642
0.10977
0.11185
0.12524
0.14481
0.13541
0.12299
0.11771
0.093414
0.074585
0.054016
0.034485
0.012573
-0.015472
-0.019958
-0.045593
-0.057678
-0.083282
-0.1521
-0.08316
-0.026459
-0.053619
0.020477
0.058044
0.067505
0.096802
0.092377
0.094513
0.070923
0.093384
0.11621
0.07019
0.054291
0.024109
-0.0084229
-0.019775
-0.037567
-0.048492
-0.065704
-0.057312
-0.036377
-0.036224
-0.053467
-0.036224
-0.051849
-0.10098
-0.067596
-0.085083
-0.11807
-0.1156
-0.22964
-0.21344
-0.20316
-0.34985
-0.17471
-0.083679
-0.11835
0.089722
0.16409
0.22925
0.32654
0.44504
0.49878
0.4296
0.48907
0.42566
0.28604
0.21707
0.092682
-0.09024
-0.19211
-0.23312
-0.32715
-0.37534
-0.31824
-0.29758
-0.27106
-0.1348
-0.054871
0.014191
0.10986
0.17917
0.21042
0.19409
0.19012
0.11789
0.035095
-0.029938
-0.11179
-0.19437
-0.24396
-0.26398
-0.27783
-0.24377
-0.18896
-0.12619
-0.049164
0.043945
0.11508
0.17334
0.20203
0.20819
0.20032
0.13715
0.094147
0.024231
-0.057678
-0.090942
-0.12854
-0.14096
-0.12457
-0.079865
-0.022156
0.031677
0.10107
0.14859
0.19302
0.22855
0.22058
0.19659
0.15613
0.10922
0.051819
-0.0064392
-0.054138
-0.10062
-0.11728
-0.13013
-0.14539
-0.14047
-0.12567
-0.086151
-0.045044
-0.022339
-0.010315
-0.028748
-0.0081787
-0.064667
-0.17422
-0.16095
-0.19257
-0.23645
-0.33859
-0.32874
-0.29056
-0.46771
-0.066498
0.08786
0.014679
0.37753
0.41776
0.55179
0.64111
0.72
0.65192
0.4613
0.51688
0.2897
0.11578
-0.042603
-0.22781
-0.34714
-0.39023
-0.36282
-0.38754
-0.32733
-0.22354
-0.12454
-0.017731
0.06601
0.097015
0.13983
0.13644
0.11908
0.065765
-0.048553
-0.12378
-0.19931
-0.23303
-0.27158
-0.25174
-0.22803
-0.19037
-0.088257
-0.0032349
0.0802
0.13214
0.18234
0.20212
0.20358
0.18451
0.12436
0.02536
-0.06604
-0.11249
-0.1618
-0.18768
-0.18259
-0.15924
-0.090576
0.011627
0.10678
0.17114
0.21985
0.25113
0.2822
0.29648
0.25281
0.18161
0.11716
0.051178
-0.0025024
-0.046814
-0.081207
-0.1095
-0.11292
-0.11127
-0.11392
-0.080231
-0.065613
-0.075623
-0.031372
0.018585
-0.016541
-0.088257
-0.14664
-0.23175
-0.33908
-0.36819
-0.35284
-0.42792
-0.52762
-0.40448
-0.42664
-0.18906
0.15585
0.14157
0.45029
0.56345
0.70071
0.82843
0.77563
0.77795
0.51907
0.49814
0.28317
0.073242
-0.091339
-0.28061
-0.33725
-0.37653
-0.28854
-0.27518
-0.1918
-0.059021
0.018677
0.10229
0.15308
0.1221
0.09259
0.061279
-0.033234
-0.12625
-0.25122
-0.33081
-0.39609
-0.35931
-0.34158
-0.30038
-0.21329
-0.12857
-0.0090027
0.082977
0.18307
0.19714
0.20892
0.2121
0.16345
0.10388
0.0048218
-0.087585
-0.15485
-0.17929
-0.18094
-0.17725
-0.12009
-0.041656
0.045837
0.16815
0.22931
0.27151
0.31528
0.32776
0.3071
0.25519
0.20584
0.11633
0.059601
0.0047913
-0.043701
-0.066589
-0.088409
-0.077393
-0.089752
-0.075623
-0.04126
-0.046173
-0.035858
-0.024261
-0.018036
-0.046997
-0.181
-0.23984
-0.37546
-0.45914
-0.40433
-0.47409
-0.52829
-0.5213
-0.46136
-0.30606
0.066467
0.17212
0.30618
0.58798
0.64316
0.82379
0.81006
0.7634
0.57083
0.43597
0.35461
0.077728
-0.067993
-0.25256
-0.35001
-0.3515
-0.25409
-0.23032
-0.18494
-0.027069
0.059692
0.15268
0.22012
0.20435
0.10526
0.096283
0.01947
-0.10272
-0.20801
-0.3074
-0.37158
-0.37122
-0.29123
-0.2692
-0.21347
-0.10992
-0.022644
0.069794
0.16547
0.18283
0.13568
0.13257
0.084808
-0.0049133
-0.085999
-0.16605
-0.24289
-0.24954
-0.19955
-0.14539
-0.095367
0.008667
0.09668
0.18906
0.28644
0.31021
0.33102
0.31366
0.29153
0.24933
0.19003
0.13016
0.054108
0.026855
-0.017853
-0.048218
-0.054199
-0.065582
-0.086823
-0.060791
-0.035278
-0.036957
-0.029297
-0.051849
-0.095856
-0.23911
-0.39474
-0.36438
-0.41138
-0.51297
-0.48636
-0.56656
-0.54828
-0.35236
-0.039917
0.11432
0.24347
0.55832
0.61215
0.80188
0.897
0.7691
0.64398
0.5126
0.38947
0.093872
-0.029968
-0.21417
-0.38892
-0.34015
-0.32635
-0.30408
-0.20312
-0.07254
0.03363
0.13318
0.2146
0.19504
0.13519
0.12848
0.02301
-0.075287
-0.16595
-0.28049
-0.34814
-0.35208
-0.30313
-0.28726
-0.19562
-0.12061
-0.043884
0.070221
0.14795
0.18237
0.15872
0.15112
0.073395
-0.0012817
-0.057312
-0.15176
-0.22144
-0.22202
-0.19244
-0.13986
-0.045593
0.028717
0.093994
0.18231
0.26654
0.298
0.28674
0.26633
0.22864
0.19266
0.15134
0.099762
0.046783
0.017395
-0.010681
-0.034149
-0.029175
-0.039307
-0.047607
-0.034607
-0.038147
-0.050507
-0.062134
-0.098389
-0.27484
-0.35587
-0.32443
-0.40619
-0.42261
-0.51938
-0.60052
-0.54202
-0.3967
-0.032867
0.037689
0.20844
0.49829
0.57507
0.81302
0.86118
0.79373
0.66125
0.55002
0.45117
0.14987
0.022369
-0.18997
-0.37585
-0.33145
-0.31009
-0.29977
-0.22485
-0.084015
0.02533
0.095978
0.21539
0.19214
0.11938
0.12314
0.032104
-0.081207
-0.18805
-0.27637
-0.35025
-0.33762
-0.27084
-0.25354
-0.18512
-0.10645
-0.023438
0.072479
0.15897
0.16602
0.1377
0.12399
0.045013
-0.018829
-0.086487
-0.18134
-0.23431
-0.22299
-0.18857
-0.12631
-0.050049
0.016388
0.083099
0.17068
0.25021
0.27118
0.25845
0.22772
0.18973
0.16492
0.1312
0.086761
0.045593
0.022888
0.016785
0.01886
0.0079041
0.0047302
0.012177
0.042786
0.036102
0.013733
-0.00076294
-0.13235
-0.33371
-0.3652
-0.29141
-0.34695
-0.49548
-0.62619
-0.60214
-0.5661
-0.25153
0.061279
-0.0033264
0.29169
0.49405
0.64328
0.83051
0.789
0.72827
0.52332
0.55328
0.33356
0.059967
-0.050323
-0.27243
-0.34354
-0.33243
-0.23996
-0.27866
-0.19104
0.01236
0.046844
0.12915
0.19778
0.12238
0.046997
0.053192
-0.033508
-0.18362
-0.26309
-0.31192
-0.37228
-0.29211
-0.1965
-0.18463
-0.11426
0.012177
0.10168
0.17932
0.26114
0.21448
0.15048
0.1395
0.041626
-0.047882
-0.11792
-0.23715
-0.27844
-0.23505
-0.1683
-0.10513
-0.038971
0.046539
0.11053
0.22601
0.28058
0.24106
0.21875
0.17654
0.14615
0.12381
0.093597
0.021912
-0.012909
-0.0032959
-0.037567
-0.032379
-0.025024
-0.022369
-0.028687
0.0075073
0.041199
-0.034515
-0.12363
-0.29855
-0.37332
-0.27844
-0.25626
-0.47253
-0.6474
-0.48578
-0.51587
-0.1741
0.14371
0.051941
0.327
0.5238
0.73779
0.79538
0.79611
0.72913
0.46652
0.52203
0.29205
0.031677
-0.13101
-0.27002
-0.36661
-0.34698
-0.22101
-0.29276
-0.1662
0.006897
0.062958
0.13721
0.18881
0.12381
0.028046
0.041046
-0.069733
-0.22101
-0.30704
-0.36298
-0.40024
-0.32294
-0.21808
-0.1925
-0.11215
0.034241
0.11841
0.20081
0.29373
0.24048
0.18283
0.15884
0.068359
-0.041718
-0.12384
-0.22305
-0.27518
-0.22263
-0.1489
-0.093353
-0.029083
0.056763
0.12747
0.23041
0.28436
0.24353
0.21353
0.1817
0.15244
0.117
0.096161
0.035492
-0.025757
-0.018463
-0.032837
-0.060822
-0.043671
-0.038269
-0.059143
-0.040619
-0.021912
-0.02887
-0.10321
-0.26379
-0.35367
-0.32425
-0.28101
-0.45078
-0.64005
-0.51172
-0.50793
-0.19418
0.13907
0.11096
0.35449
0.53165
0.75598
0.84311
0.83365
0.77277
0.49728
0.49307
0.26151
0.017517
-0.16852
-0.29208
-0.36331
-0.42654
-0.22961
-0.26236
-0.18225
0.046143
0.067383
0.13977
0.19357
0.16934
0.056183
0.013306
-0.042786
-0.23779
-0.30847
-0.35751
-0.41684
-0.35925
-0.2518
-0.17612
-0.12622
0.027008
0.11816
0.17404
0.28366
0.25452
0.19238
0.14786
0.07373
-0.031281
-0.12466
-0.19537
-0.24313
-0.22064
-0.13672
-0.064758
-0.0084839
0.076752
0.15225
0.22195
0.25168
0.24582
0.21057
0.16125
0.14526
0.099854
0.074432
0.03891
-0.021515
-0.04538
-0.054382
-0.043884
-0.032166
-0.06073
-0.048462
-0.045593
-0.070862
-0.078491
-0.26843
-0.33566
-0.32925
-0.37125
-0.28119
-0.57516
-0.57922
-0.44693
-0.36035
0.076508
0.12503
0.32587
0.48584
0.64413
0.879
0.78619
0.83621
0.59116
0.4913
0.35361
0.098114
-0.049713
-0.28656
-0.32288
-0.42493
-0.30658
-0.2478
-0.21796
-0.024445
0.022003
0.12701
0.16754
0.16385
0.094421
0.017548
-0.022736
-0.1821
-0.27173
-0.34821
-0.41599
-0.3848
-0.31198
-0.20837
-0.15482
-0.043793
0.067902
0.13739
0.24573
0.25491
0.22516
0.16507
0.078827
0.028351
-0.093506
-0.15439
-0.1882
-0.21826
-0.13589
-0.059753
-0.00091553
0.08371
0.16513
0.22195
0.25494
0.27924
0.22818
0.18143
0.15515
0.10434
0.076172
0.045563
-0.013916
-0.078918
-0.06546
-0.060425
-0.11133
-0.078796
-0.069733
-0.058105
-0.083771
-0.20483
-0.28128
-0.37631
-0.32452
-0.25491
-0.48166
-0.60983
-0.48703
-0.42191
-0.15366
0.10132
0.18665
0.3497
0.56836
0.78284
0.79318
0.81577
0.74295
0.53162
0.45975
0.2644
0.04248
-0.17752
-0.27881
-0.37448
-0.37164
-0.27551
-0.25363
-0.12939
-0.0034485
0.10358
0.15756
0.19855
0.1698
0.069397
0.041107
-0.066345
-0.189
-0.30096
-0.37405
-0.41196
-0.39075
-0.27591
-0.22989
-0.14783
-0.025238
0.075867
0.17725
0.23862
0.25034
0.19882
0.17209
0.10455
-0.025055
-0.08847
-0.20242
-0.24011
-0.20273
-0.1496
-0.078491
-0.027405
0.082458
0.16394
0.25671
0.30585
0.27591
0.25272
0.19592
0.16809
0.12305
0.081665
0.018707
-0.049957
-0.061127
-0.072937
-0.06662
-0.046692
-0.0896
-0.097992
-0.036743
-0.055786
-0.25836
-0.37085
-0.26935
-0.3671
-0.4209
-0.50333
-0.65372
-0.5238
-0.28363
-0.0035095
0.085052
0.29514
0.49976
0.62115
0.8887
0.85703
0.78235
0.6423
0.54846
0.35217
0.10223
-0.039642
-0.2905
-0.38666
-0.36221
-0.34619
-0.32587
-0.17731
-0.074188
0.016846
0.16467
0.21362
0.18799
0.14526
0.12155
-0.022949
-0.11835
-0.22174
-0.35699
-0.41785
-0.39886
-0.34738
-0.30542
-0.19757
-0.11319
-0.0039368
0.13123
0.23697
0.25266
0.23868
0.22708
0.13739
0.08728
0.012329
-0.14114
-0.2063
-0.20209
-0.19815
-0.11417
-0.04599
-0.0046997
0.098511
0.2178
0.27664
0.28452
0.29175
0.22656
0.17752
0.1683
0.12228
0.04129
-0.015594
-0.044373
-0.11081
-0.10959
-0.093109
-0.13211
-0.12421
-0.10532
-0.16614
-0.26953
-0.29953
-0.26984
-0.30945
-0.45959
-0.51093
-0.54813
-0.4762
-0.1265
-0.029694
0.099304
0.31409
0.46503
0.66855
0.78159
0.85751
0.70755
0.61847
0.54019
0.29306
0.1319
-0.060272
-0.24466
-0.39359
-0.32288
-0.3537
-0.32254
-0.16476
-0.11023
-0.0023499
0.11981
0.22192
0.17084
0.17365
0.13803
-0.0093384
-0.07724
-0.19083
-0.30618
-0.40036
-0.36911
-0.34729
-0.32635
-0.21762
-0.13412
-0.039673
0.099091
0.20297
0.2146
0.22037
0.22241
0.15451
0.08197
0.041656
-0.10742
-0.20587
-0.1795
-0.18369
-0.12277
-0.021118
0.03479
0.10077
0.21997
0.28833
0.2811
0.29657
0.25381
0.185
0.19385
0.15707
0.050415
0.010681
-0.042114
-0.1185
-0.11459
-0.16043
-0.23798
-0.21436
-0.26184
-0.39832
-0.34656
-0.29602
-0.41263
-0.50696
-0.49057
-0.48804
-0.31384
-0.033905
0.055939
0.19394
0.38245
0.54761
0.68448
0.77951
0.78897
0.65219
0.61072
0.4657
0.24503
0.055847
-0.10095
-0.22491
-0.33762
-0.30753
-0.34106
-0.30423
-0.1727
-0.11111
-0.017548
0.075623
0.14392
0.14996
0.1553
0.12274
0.0076599
-0.072205
-0.16058
-0.25833
-0.32379
-0.33438
-0.3306
-0.31204
-0.21759
-0.14182
-0.052429
0.077057
0.16046
0.20602
0.23856
0.23981
0.16776
0.078125
0.0065613
-0.11014
-0.19983
-0.1821
-0.15543
-0.12955
-0.034668
0.051025
0.1174
0.21954
0.28958
0.28653
0.28656
0.26559
0.20462
0.18607
0.15796
0.067108
0.012146
-0.036591
-0.10614
-0.1554
-0.2066
-0.22055
-0.21487
-0.27225
-0.35004
-0.37
-0.31992
-0.30707
-0.43811
-0.5209
-0.48947
-0.40439
-0.12186
0.023804
0.11551
0.26984
0.42139
0.6348
0.74408
0.81195
0.75174
0.6676
0.59717
0.40347
0.21619
0.011108
-0.14267
-0.29868
-0.34048
-0.36734
-0.38205
-0.30682
-0.22397
-0.12704
-0.031219
0.079803
0.13806
0.17752
0.19815
0.14703
0.06131
-0.035614
-0.13831
-0.24115
-0.30469
-0.34189
-0.36481
-0.33905
-0.28659
-0.2023
-0.082825
0.03125
0.11902
0.18008
0.21829
0.21503
0.17474
0.12134
0.038391
-0.018188
-0.056519
-0.069458
-0.068207
-0.053131
-0.013275
0.031769
0.10596
0.16092
0.19275
0.22122
0.2179
0.21039
0.21997
0.21616
0.15985
0.098083
0.011505
-0.075043
-0.12045
-0.19742
-0.26837
-0.27744
-0.35391
-0.4194
-0.35809
-0.36307
-0.37149
-0.3717
-0.45401
-0.45035
-0.27075
-0.06665
-0.013275
0.15067
0.29428
0.35605
0.56055
0.6933
0.70612
0.67551
0.69046
0.59027
0.42303
0.31558
0.11157
-0.059662
-0.17242
-0.2648
-0.38715
-0.40021
-0.33572
-0.32782
-0.24188
-0.13898
-0.078796
0.011261
0.12524
0.17053
0.15076
0.14737
0.088715
-0.01535
-0.069519
-0.15085
-0.2619
-0.30411
-0.30927
-0.32254
-0.27802
-0.18506
-0.12027
-0.036224
0.060028
0.10196
0.13232
0.17194
0.16794
0.15164
0.14426
0.10217
0.065155
0.059784
0.043121
0.017578
0.025116
0.045166
0.05722
0.08963
0.11612
0.10611
0.1037
0.11856
0.12003
0.12994
0.11359
0.055359
-0.014496
-0.075684
-0.12839
-0.20319
-0.23901
-0.26419
-0.31357
-0.30173
-0.26971
-0.26971
-0.2695
-0.30588
-0.37985
-0.37766
-0.23376
-0.092621
-0.034302
0.093903
0.1954
0.28247
0.45807
0.5752
0.60776
0.62589
0.66647
0.61096
0.51196
0.4006
0.21704
0.064056
-0.05188
-0.16675
-0.31296
-0.38013
-0.40302
-0.41208
-0.34695
-0.27786
-0.23221
-0.13867
0.0071716
0.095947
0.1507
0.18494
0.1416
0.093689
0.067108
-0.0041504
-0.10776
-0.18845
-0.25381
-0.2851
-0.26944
-0.25717
-0.22726
-0.17661
-0.1066
-0.01944
0.064453
0.1232
0.15707
0.21481
0.23868
0.22867
0.21945
0.17697
0.12628
0.086884
0.058594
0.010315
-0.013397
-0.021942
-0.034637
-0.016998
-0.0048218
-0.0030823
0.0013733
0.014954
0.013214
-0.013519
-0.034821
-0.056122
-0.083496
-0.10474
-0.11865
-0.15268
-0.14792
-0.11346
-0.10461
-0.0896
-0.085022
-0.098907
-0.08432
-0.047638
0.0062256
0.034485
0.020172
-0.019623
-0.086914
-0.03479
0.00015259
0.006073
0.081787
0.11017
0.14453
0.19785
0.25931
0.24942
0.26175
0.30185
0.26538
0.26395
0.21805
0.14822
0.069519
0.033386
-0.01416
-0.082214
-0.096222
-0.13818
-0.15506
-0.14606
-0.15262
-0.17145
-0.16119
-0.13123
-0.12436
-0.088959
-0.072083
-0.087067
-0.076538
-0.05719
-0.049103
-0.043518
-0.031372
-0.037201
-0.03952
-0.012878
-0.010254
-0.016388
-0.0026855
-0.00079346
-0.00088501
0.016266
0.038116
0.03244
0.041779
0.057922
0.058228
0.056793
0.055756
0.039581
0.015625
0.013062
-0.0044556
-0.0068359
-0.0095825
-0.0089417
-0.013428
-0.012573
-0.010071
-0.022278
-0.0025635
-0.023407
-0.032654
-0.011261
-0.035309
-0.012878
-0.0077515
-0.014557
-0.015198
-0.0083313
-0.012329
-0.019348
0.027008
0.028534
0.013641
0.010254
0.02121
0.022522
0.040741
0.057739
0.038025
0.018738
0.025024
0.028595
0.0012817
-0.0086975
-0.022339
-0.045776
-0.039703
-0.042053
-0.033997
-0.030609
-0.025574
0.0030823
0.017365
0.037476
0.059845
0.065247
0.078064
0.088654
0.096039
0.079926
0.088928
0.088715
0.060455
0.060516
0.044861
0.013977
-0.012909
-0.019409
-0.03183
-0.039154
-0.05658
-0.059082
-0.055206
-0.067474
-0.045135
-0.049133
-0.058167
-0.03653
-0.048615
-0.043335
-0.042755
-0.056366
-0.059967
-0.061035
-0.075623
-0.062256
-0.046967
-0.045532
-0.046936
-0.024628
-0.028809
-0.01059
0.0052795
-0.010406
0.01474
0.012848
0.016998
0.028259
0.031342
0.011353
0.031525
0.044739
0.025238
0.045044
0.047455
0.056793
0.045044
0.06366
0.063629
0.033661
0.052277
0.048096
0.028656
0.05899
0.027039
0.028625
0.018738
-0.037537
0.0069885
-0.050171
-0.022949
-0.036438
-0.033081
-0.052246
-0.069855
-0.031036
-0.055054
-0.030182
-0.064819
-0.041504
-0.025696
-0.061798
-0.017792
-0.0015869
-0.0062256
0.015381
0.024597
0
0.027008
0.06665
0.04599
0.058685
0.058777
0.058289
0.042786
0.053223
0.037994
0.018982
0.043579
0.0068054
0.0050354
0.017517
-0.0041199
-0.027679
-0.006073
-0.007019
-0.021576
0.008667
0.039581
-0.027374
0.0021362
0.0036926
-0.059082
-0.02005
-0.012238
-0.052979
-0.044159
-0.0336
-0.088013
-0.061859
-0.006958
-0.058594
-0.027161
0.0016479
-0.021179
0.014313
-0.0068359
0.0067749
0.018005
-0.0018311
-0.020386
0.032776
0.033691
-0.0043945
0.026489
0.0062866
0.024506
0.013794
0.023651
0.033295
0.014252
0.030457
0.020233
0.027893
0.037964
0.02066
-0.00027466
0.026031
0.021088
0.005127
0.005127
0.022095
0.025574
-0.0073242
-0.030884
-0.045746
-0.019714
0.0046082
-0.033386
-0.047211
-0.056183
-0.08725
-0.03891
-0.02475
-0.031738
-0.040802
0.006073
0.00030518
-0.01001
0.023834
0.0092773
0.04895
0.074799
0.052124
-0.0057373
0.027924
0.036926
0.019775
0.035553
-0.018097
0.008728
0.01236
0.0082397
-0.012726
-0.020935
-0.022461
-0.014465
-0.012085
-0.0078735
0.0159
-0.016815
0.010712
0.01236
-0.0098267
0.025665
0.0046692
0.0015564
0.029755
0.010559
0.00088501
0.022308
-0.0022888
-0.020508
-0.013672
-0.012878
-0.026794
-0.030426
-0.0083008
-0.040741
-0.046234
0.0055542
-0.021149
-0.0354
0.012909
0.0046082
0.027802
0.016937
0.023682
0.041473
0.011841
0.025299
-0.00048828
0.01004
0.014679
0.012421
-0.010162
0.00064087
-0.015503
-0.042236
0.028778
-0.016418
0.00030518
0.025391
-0.017731
-0.0081177
0.0063171
-6.1035e-05
0.0046692
0.014496
-0.0041199
-0.0032043
-0.0049133
-0.011017
-0.0037231
-0.0031738
-0.020172
-0.0021973
0.0059509
-0.014893
0.012024
0.0096436
0.0049438
0.022552
0.026306
0.019623
0.033844
0.0051575
0.044495
0.0057068
-0.030579
-0.011627
-0.01004
-0.0074158
-0.047668
-0.031219
-0.03775
-0.054199
-0.016754
-0.033234
-0.019684
-0.033813
-0.0013123
-0.0033875
-0.0066528
0.018341
0.0013428
0.019836
0.037964
0.016296
0.012878
0.021729
0.02301
0.020294
0.022217
0.033691
0.0159
0.013
0.010162
0.039062
-0.013367
0.015137
0.0046997
-6.1035e-05
0.016205
-0.002594
0.033997
-0.0057678
-0.015869
0.0038452
-0.042969
-0.00061035
-0.019562
-0.022919
-0.028015
-0.0075684
-0.011169
-0.046082
-0.002594
-0.020966
-0.036438
-0.032501
-0.021576
-0.0073853
0.0079041
0.0032959
-0.012451
-0.0069885
0.0046997
-0.026001
-0.012512
0.021027
0.03833
0.017181
0.043243
0.052795
0.021973
0.047821
0.042694
0.015045
0.03363
0.050598
0.034668
0.021118
-0.0037537
-0.015839
-0.010864
-0.014252
-0.024994
-0.024811
-0.017059
-0.036407
-0.042114
-0.065002
-0.04245
-0.054016
-0.0098572
0.00082397
-0.047699
0.0024719
-0.013519
0.018585
0.00079346
0.013184
0.018646
0.017883
0.036713
-0.011749
0.019958
0.017944
-0.011566
0.012024
-0.010345
0.010773
0.00354
0.010132
0.019287
0.020569
0.027008
0.010529
0.023315
0.016022
0.018219
0.00033569
0.014038
0.022308
-0.033386
0.037231
-0.013458
-0.020691
0.019989
-0.026489
-0.00076294
-0.036163
-0.018463
-0.03775
-0.019928
-0.029205
-0.030548
0.0056458
-0.045074
0.016937
-0.021027
0.0066833
-0.0039368
0.0058899
0.018646
-0.01001
0.041565
-0.015137
0.017395
0.0029907
-0.023071
0.038788
-0.016724
0.01297
-0.0065918
0.018311
0.011932
0.00088501
0.026581
-0.0041199
0.036743
0.013611
0.016815
0.020966
-0.0031433
0.020325
-0.031281
0.030396
-0.017487
-0.026276
0.0012207
-0.050598
-0.018951
-0.039734
-0.015076
-0.015228
-0.010376
-0.0022278
-0.011475
0.0038452
-0.0010376
-0.01001
0.026337
0.0079346
0.025238
-0.0079956
0.020416
0.006897
-0.00067139
0.018738
-0.019806
0.0242
0.019684
-0.0015259
0.013245
0.00033569
-0.028442
0.0085449
-0.010773
-0.010803
0.013092
0.015167
-0.0099182
0.0089722
0.018799
-0.022614
0.012787
0.0022583
0.0067749
0.0028381
0.009552
0.0037231
-0.0020142
0.006134
-0.021545
-0.0058289
-0.018066
0.0015869
-0.02356
-0.0045776
0.0042114
-0.053131
0.017456
-0.013153
-0.0044556
0.013245
-0.0073853
0.024048
-0.014008
0.020477
-0.0042419
0.012115
0.022552
-0.012054
0.0068359
-0.012878
0.020752
-0.0040588
0.0089111
0.015106
-0.027466
0.029633
-0.016357
0.0027771
0.011444
-0.012451
-0.0034485
-0.028473
-0.0020142
-0.027161
0.0067444
-0.017303
-0.013428
0.018829
-0.020142
0.028839
-0.00076294
0.013855
0.014099
0.011139
0.03009
-0.013092
0.033051
-0.0030212
0.0075378
-0.0041809
-0.0029297
0.00057983
-0.014282
0.0037842
-0.023834
0.0022583
-0.021515
0.0022278
-0.014526
-0.0093384
0.023163
-0.032318
0.035217
-0.032349
0.016083
0.00067139
-0.012054
0.042175
-0.039337
0.042084
-0.019043
0.0020142
0.017181
-0.035217
0.0052795
0.0084839
0.0016479
-0.014832
0.010925
-0.0032959
-0.0012207
0.015686
-0.0081787
-0.0065002
0.012085
0.01059
-0.0059204
0.0073242
0.010468
0.0043335
0.0037842
0.015411
-0.013031
-0.0032349
0.017029
0.0088501
0.0046997
-0.005249
-0.0072021
-0.0035706
0.01004
-0.020538
-0.031097
0.0057678
-0.02005
-0.0030823
