-0.00085449
-0.00048828
-0.00033569
-0.00042725
-0.00067139
-0.00082397
-0.00012207
-0.0010376
-0.0011902
-0.00082397
-0.00018311
-6.1035e-05
-0.0007019
-0.00012207
0.00042725
0.00079346
-0.0007019
-0.0014038
-0.00039673
-6.1035e-05
0.0010681
0.0015564
0.0023499
0.002594
0.0015259
0.00097656
0.001709
0.0018311
0.0014343
0.0012512
0.00073242
0.00088501
0.00030518
-0.00021362
6.1035e-05
-0.00033569
-0.00079346
-0.0014648
-0.0015869
-0.0018005
-0.0013428
-0.0021057
-0.0024414
-0.0013733
-0.00091553
-0.00018311
-6.1035e-05
-0.00036621
-0.00018311
-0.0005188
-0.00030518
0.00033569
-6.1035e-05
-0.00054932
9.1553e-05
0.00067139
0.00088501
0
-0.00042725
0
-3.0518e-05
0.00067139
0.00039673
-0.00021362
0.00061035
0.00030518
-0.00076294
-0.00012207
0.00042725
-0.0013123
-0.00036621
0.0020142
0.0016785
0.00018311
0.0013123
0.00177
-0.0012207
-3.0518e-05
0.0018921
0.0007019
-0.0039368
0.0043335
0.0033875
-0.026398
0.026459
0.0038452
-0.028351
0.038849
-0.016388
-0.0029297
0.013489
-0.014313
0.014618
-0.0078125
0.0018921
-0.0015869
-0.011566
0.015442
-0.020752
-0.026825
0.051514
-0.032745
-0.0095215
0.039642
-0.037476
0.028168
-0.004303
-0.0053406
0.013977
-0.020111
0.034088
-0.025635
-0.053009
0.10086
-0.060028
-0.026886
0.08847
-0.078522
0.047455
-0.0062866
-0.014893
0.03595
-0.035095
0.027527
-0.015961
0.0011597
-0.0043335
-0.016846
0.017395
-0.015472
0.00082397
-0.0058289
0.00036621
0.0021973
-0.0067444
0.009552
0.0050354
0.0031433
0.0075989
0.0071106
-0.0048523
-0.022339
0.012939
0.025818
-0.016327
-0.0046997
-0.0014648
-0.040588
-0.013336
0.042297
0.020111
-0.00097656
0.0099792
-0.030579
0.027008
0.0075073
-0.0094299
0.03479
-0.018951
0.007843
-0.0097656
-0.010132
-0.0081482
-0.028168
0.013275
-0.024445
0.0019531
0.0041809
-0.0056458
0.017914
-0.0036011
0.0085144
-6.1035e-05
0.010071
0.0026855
0.0090027
0.017975
-0.020111
-0.0014954
-0.0068359
-0.020813
-0.00021362
0.00018311
-0.010162
-0.0057983
0.0047913
-0.0074158
0.0020447
0.01709
0.01297
0.026611
0.015717
0.0048828
0.0092468
-0.0021667
0.00088501
-0.0078735
0.0010986
-0.013306
-0.014465
-0.0055542
-0.020721
-0.012207
-0.014069
-0.010834
-0.016205
-0.011566
-0.0097046
-0.01413
-0.0010986
-0.0061035
0.0018616
0.0046997
0.012573
0.017731
0.034088
0.04834
0.048309
0.062317
0.059387
0.047791
0.039764
0.019836
-0.010345
-0.02594
-0.040344
-0.05426
-0.064972
-0.075226
-0.080322
-0.088348
-0.082642
-0.066376
-0.041077
-0.0041199
0.014191
0.01947
0.021698
0.026123
0.035767
0.046051
0.05188
0.048187
0.037048
0.02475
0.025696
0.033142
0.054321
0.078461
0.10925
0.14093
0.14267
0.12399
0.095764
0.064331
0.032837
-0.02243
-0.083679
-0.16541
-0.29538
-0.43967
-0.4744
-0.42374
-0.29208
-0.10101
0.025879
0.11172
0.14551
0.17734
0.23587
0.2619
0.23978
0.18106
0.11234
0.049438
0.033905
0.060059
0.091431
0.12149
0.12848
0.15085
0.1788
0.185
0.18353
0.1394
0.073608
0.0078735
-0.037903
-0.087524
-0.4205
-0.67133
-0.78601
-0.89059
-0.55249
-0.16815
0.0094604
0.23364
0.34064
0.29971
0.40506
0.50043
0.37329
0.25708
0.14026
-0.11301
-0.17123
-0.10083
-0.11584
-0.061646
0.05545
0.086426
0.14493
0.2916
0.24634
0.13007
0.10074
-0.022278
-0.085175
0.031647
0.072968
0.041046
0.086029
0.027374
-0.11804
-0.17096
-0.34457
-0.56146
-0.57935
-0.53287
-0.39771
-0.099152
0.084167
0.12503
0.22894
0.27805
0.26346
0.33978
0.32382
0.16742
0.045807
-0.059479
-0.13965
-0.12238
-0.025818
0.026306
0.087891
0.20148
0.22375
0.22684
0.2442
0.16885
0.10608
0.1077
0.085449
0.075806
0.086914
0.024628
-0.059723
-0.15207
-0.44635
-0.66867
-0.68509
-0.72763
-0.51883
-0.11252
0.076782
0.19672
0.35413
0.32632
0.27209
0.34225
0.27094
0.11166
0.034088
-0.12766
-0.24469
-0.14624
-0.082153
0.0029907
0.19669
0.26947
0.28577
0.34821
0.2883
0.17038
0.10733
0.05838
0.033142
0.063324
0.10257
0.059845
0.0045471
-0.05072
-0.2269
-0.49728
-0.63013
-0.70593
-0.71591
-0.43076
-0.070892
0.10913
0.27563
0.37686
0.28793
0.25461
0.26947
0.1637
0.053436
-0.033508
-0.19296
-0.23743
-0.14426
-0.0466
0.10968
0.27798
0.33878
0.34387
0.33246
0.25858
0.18011
0.15469
0.11679
0.070038
0.075439
0.040741
-0.018005
-0.015564
-0.065063
-0.35764
-0.64774
-0.73581
-0.84705
-0.70834
-0.20026
0.085815
0.21341
0.40848
0.35632
0.22137
0.28406
0.22995
0.052826
0.0094604
-0.11844
-0.26404
-0.14066
-0.01944
0.063293
0.25897
0.34702
0.32727
0.34821
0.31024
0.19449
0.15549
0.12885
0.051636
0.052307
0.057434
-0.0063171
-0.045074
-0.031006
-0.17093
-0.48325
-0.65021
-0.80753
-0.86337
-0.54208
-0.10245
0.16635
0.35782
0.43304
0.30734
0.21017
0.22839
0.13754
0.02951
-0.026184
-0.18387
-0.21918
-0.087708
0.049927
0.19455
0.32974
0.34985
0.29431
0.27036
0.23038
0.17899
0.17102
0.14386
0.068665
0.036987
0.024567
-0.033936
-0.016907
0.023682
-0.2301
-0.57794
-0.75067
-0.92914
-0.88727
-0.37714
0.063965
0.25153
0.45901
0.41635
0.19205
0.20233
0.21368
0.070557
0.05481
-0.035004
-0.24301
-0.19775
-0.01709
0.090424
0.26334
0.40915
0.32867
0.28024
0.30338
0.23404
0.21338
0.22586
0.1004
-9.1553e-05
0.015808
-0.038788
-0.068481
0.043793
-0.091034
-0.5481
-0.75381
-0.87454
-0.98047
-0.5217
0.0099792
0.14774
0.36224
0.44037
0.19922
0.17947
0.25461
0.084808
0.020874
0.01181
-0.20905
-0.23267
-0.0071106
0.097931
0.2359
0.44647
0.37646
0.27914
0.33417
0.26697
0.22342
0.27823
0.14908
0.0053711
0.0021973
-0.070435
-0.10382
0.0054016
-0.05307
-0.43954
-0.7204
-0.82513
-0.93658
-0.68756
-0.17682
0.049561
0.21329
0.37842
0.26999
0.21429
0.25912
0.16183
0.052765
0.025909
-0.082886
-0.16797
-0.017059
0.14386
0.23251
0.3956
0.42365
0.2944
0.28616
0.28421
0.22418
0.24615
0.21353
0.054596
-0.019867
-0.074493
-0.14676
-0.072601
-0.041779
-0.32318
-0.63412
-0.82956
-0.96973
-0.77066
-0.30087
0.022247
0.20966
0.34933
0.2547
0.17328
0.21228
0.17953
0.098541
0.054443
-0.046478
-0.14703
-0.047333
0.12555
0.26495
0.41016
0.44016
0.32306
0.29617
0.30084
0.27112
0.27121
0.22583
0.078674
-0.037476
-0.10818
-0.14224
-0.084473
-0.042786
-0.25464
-0.64294
-0.82364
-0.97476
-0.89386
-0.39569
-0.0737
0.10651
0.32416
0.29166
0.21027
0.28665
0.22385
0.10406
0.076538
0.0018005
-0.12164
-0.020844
0.15109
0.22913
0.38434
0.43454
0.32297
0.29791
0.32605
0.27872
0.30347
0.27261
0.095306
-0.02417
-0.12
-0.16522
-0.10547
-0.055389
-0.32437
-0.64236
-0.75079
-0.9303
-0.81577
-0.34558
-0.10107
0.036255
0.27338
0.23148
0.16806
0.2554
0.17755
0.056061
0.045898
-0.04895
-0.13495
0.066071
0.21594
0.28836
0.45126
0.44089
0.29245
0.31046
0.31747
0.26697
0.32086
0.27182
0.10785
0.0052185
-0.088287
-0.13992
-0.069458
-0.012421
-0.31522
-0.67044
-0.82614
-1
-0.89297
-0.36523
-0.10141
0.082245
0.31073
0.22858
0.16037
0.2294
0.14383
0.038971
0.0578
-0.03717
-0.11169
0.1026
0.24487
0.31625
0.46579
0.4119
0.28903
0.33939
0.34729
0.31497
0.34845
0.24112
0.052673
-0.057953
-0.14651
-0.16336
-0.069305
-0.12567
-0.50284
-0.7157
-0.81198
-0.93149
-0.56616
-0.14655
-0.069733
0.12918
0.20465
0.049438
0.1095
0.15134
0.043701
0.064026
0.072083
-0.059113
0.04303
0.24728
0.28265
0.41037
0.45126
0.30173
0.28403
0.32999
0.30466
0.33929
0.3237
0.1636
0.026398
-0.067932
-0.12375
-0.066711
-0.01593
-0.24585
-0.62405
-0.8844
-0.98862
-0.84406
-0.3988
-0.033844
0.13089
0.22739
0.16037
0.056
0.052429
0.07019
0.037598
0.061707
0.010284
-0.029327
0.10315
0.24191
0.34747
0.43112
0.39352
0.31714
0.3233
0.3389
0.36365
0.34689
0.25159
0.10706
-0.04187
-0.125
-0.095551
-0.014709
-0.18777
-0.57065
-0.76987
-0.91022
-0.88159
-0.42184
-0.058868
0.016388
0.17252
0.12811
-0.037567
0.04718
0.07312
-0.01004
0.047302
0.02951
-0.07196
0.11044
0.27164
0.30383
0.42413
0.40213
0.27383
0.31268
0.33499
0.30453
0.3537
0.29633
0.14026
0.038727
-0.05658
-0.10748
-0.017792
-0.0032349
-0.33615
-0.66217
-0.87122
-1
-0.73944
-0.2681
-0.0023804
0.18564
0.22403
0.039612
-0.010345
0.031342
-0.00048828
0.051239
0.10333
-0.00018311
0.031799
0.17172
0.22314
0.33817
0.39267
0.3201
0.32938
0.39288
0.37546
0.39194
0.34821
0.1709
0.023621
-0.073181
-0.1297
-0.054993
-0.0073853
-0.38458
-0.71643
-0.82129
-0.94574
-0.61844
-0.10089
0.046265
0.12759
0.15311
-0.067322
-0.10782
0.025635
0.0048828
0.036987
0.11929
-0.013947
0.011871
0.20477
0.24054
0.33228
0.39417
0.29962
0.29163
0.37753
0.3588
0.34647
0.31528
0.14871
0.011078
-0.020813
-0.04776
0.0029602
0.09613
-0.255
-0.68256
-0.83765
-1
-0.78391
-0.22998
0.015198
0.14285
0.2514
0.029999
-0.097107
0.027985
-0.0085449
0.03418
0.14279
0.023956
-0.0089417
0.15762
0.20175
0.27423
0.37119
0.29227
0.27264
0.38254
0.39026
0.36615
0.36346
0.17679
-0.019806
-0.03421
-0.054962
-0.029358
0.059357
-0.34317
-0.75381
-0.82626
-0.96759
-0.57681
-0.017334
0.085693
0.14957
0.1507
-0.12976
-0.16739
0.038635
0.0059204
0.051697
0.11707
-0.028015
-0.020935
0.18604
0.22418
0.30264
0.38818
0.26309
0.25977
0.37384
0.3743
0.33694
0.33133
0.13763
-0.016571
-0.012817
-0.019958
0.048126
0.11725
-0.20242
-0.67398
-0.86594
-1
-0.78372
-0.21796
0.039795
0.1936
0.24493
0.0075989
-0.11087
-0.015289
-0.024811
0.068268
0.164
0.063049
0.039978
0.125
0.15692
0.22714
0.32025
0.27573
0.30338
0.39029
0.38266
0.35504
0.31757
0.17014
-0.0033569
-0.043549
-0.048187
-0.014832
0.042023
-0.31909
-0.76044
-0.83359
-0.92627
-0.60199
0.028412
0.18469
0.16058
0.16345
-0.11734
-0.22345
-0.023193
0.0034485
0.06131
0.13336
0.016632
-0.025391
0.14328
0.1962
0.25012
0.36932
0.30066
0.27405
0.3851
0.38129
0.29633
0.28937
0.13092
-0.042114
-0.013855
-0.0074768
0.058624
0.13611
-0.21805
-0.62653
-0.8266
-1
-0.77551
-0.19595
0.061737
0.20276
0.2753
0.0070801
-0.13858
-0.029144
-0.041077
0.044586
0.19067
0.069733
0.020844
0.12866
0.12729
0.18509
0.32996
0.29373
0.27948
0.39966
0.37503
0.32156
0.31094
0.15903
-0.020691
-0.041962
-0.041351
0.0092773
0.08313
-0.21228
-0.64166
-0.79034
-0.90302
-0.69983
-0.13635
0.085297
0.14493
0.19125
-0.046448
-0.16162
-0.019806
-0.013245
0.054626
0.14413
0.027954
-0.007843
0.11295
0.16449
0.22778
0.34256
0.28775
0.26294
0.36264
0.35681
0.31183
0.30289
0.16312
0.0022888
-0.0067749
-0.024719
0.0271
0.096527
-0.20801
-0.60709
-0.75256
-0.94559
-0.7724
-0.20609
0.029663
0.18005
0.25443
0.031586
-0.10989
-0.018555
-0.028748
0.053925
0.16257
0.047974
0.011017
0.097748
0.13104
0.18234
0.32761
0.29318
0.27859
0.3772
0.35556
0.30905
0.29514
0.1571
-0.015686
-0.031067
-0.066742
-0.022522
0.062378
-0.1441
-0.55606
-0.68521
-0.84814
-0.76898
-0.21799
-0.0081482
0.10605
0.2103
0.0063782
-0.13974
-0.0028076
0.0039673
0.061066
0.18903
0.082855
0.020966
0.099609
0.13882
0.15939
0.30817
0.28848
0.28049
0.38727
0.35767
0.28961
0.26819
0.15021
-0.02594
-0.0065308
-0.010529
0.00091553
0.04953
-0.24445
-0.66043
-0.79053
-0.82227
-0.63702
-0.10086
0.11597
0.12125
0.13165
-0.067963
-0.1489
0.0016174
0.072754
0.11783
0.15726
0.053864
-0.0099792
0.082397
0.14972
0.20206
0.30072
0.28589
0.26294
0.35104
0.34543
0.27679
0.25797
0.13641
-0.007782
-0.011597
-0.0068665
0.026917
0.074524
-0.2424
-0.659
-0.80109
-0.88849
-0.68567
-0.14334
0.10165
0.16339
0.23413
0.0080872
-0.11575
-0.009552
0.0054626
0.070831
0.1557
0.066559
0.015869
0.11392
0.1376
0.1944
0.30942
0.30258
0.2739
0.36316
0.34061
0.26822
0.26648
0.13986
-0.0072021
-0.025879
-0.031219
0.0098572
0.090027
-0.20984
-0.60284
-0.77505
-0.93045
-0.71713
-0.18365
0.056732
0.12558
0.19046
-0.02887
-0.11621
0.0045776
0.058685
0.11874
0.164
0.075836
-0.00042725
0.088013
0.13458
0.21106
0.30377
0.30029
0.27411
0.35321
0.35532
0.29468
0.27652
0.1503
0.02478
-0.032471
-0.028412
-0.0065308
0.043701
-0.13138
-0.52048
-0.7543
-0.92599
-0.81271
-0.36426
-0.029419
0.13766
0.26083
0.093597
-0.037842
0.016998
0.011108
0.068359
0.13931
0.10608
0.043518
0.10684
0.13043
0.17148
0.27539
0.27866
0.28159
0.36426
0.38074
0.31277
0.29523
0.16486
0.013184
-0.039093
-0.061646
-0.031769
0.039185
-0.20383
-0.60626
-0.77704
-0.91058
-0.7114
-0.17584
0.089935
0.13516
0.18069
-0.048553
-0.168
0.015015
0.083191
0.14551
0.20193
0.091919
-0.015503
0.076843
0.12909
0.19104
0.30817
0.29181
0.25806
0.33496
0.36414
0.28531
0.28055
0.16739
-0.0015869
-0.037262
-0.027374
-0.0032349
0.073578
-0.030701
-0.457
-0.76331
-0.94
-0.89438
-0.46829
-0.0383
0.19019
0.25803
0.10226
-0.077789
-0.061493
-0.014191
0.12195
0.21359
0.17645
0.10782
0.065308
0.084351
0.14069
0.22626
0.24774
0.2858
0.34952
0.38855
0.34909
0.29385
0.17746
0.011414
-0.052948
-0.063324
-0.0083923
0.067261
-0.077881
-0.52231
-0.78436
-0.92154
-0.86276
-0.32043
0.098145
0.16354
0.22144
0.061005
-0.18179
-0.06311
0.072205
0.13455
0.21637
0.14752
0.0036316
0.0099487
0.094666
0.15036
0.27078
0.31924
0.2782
0.32895
0.38815
0.30051
0.25705
0.19196
0.028809
-0.023529
-0.010986
-0.0045166
0.065216
0.013397
-0.4512
-0.79196
-0.94717
-0.97833
-0.53741
-0.0092773
0.2149
0.31232
0.21375
-0.062653
-0.088501
-0.034912
0.060638
0.18713
0.19223
0.095032
0.040436
0.093079
0.12714
0.23224
0.29492
0.28763
0.31354
0.37659
0.33203
0.28925
0.23602
0.067596
-0.018829
-0.049866
-0.028778
0.023651
-0.027222
-0.42947
-0.79739
-0.90689
-0.89905
-0.52832
-0.040649
0.18219
0.20517
0.12338
-0.025757
-0.040802
0.037384
0.13452
0.15292
0.089722
0.054535
0.014099
0.10809
0.21738
0.26926
0.29938
0.29166
0.30457
0.34634
0.34036
0.2843
0.21652
0.090851
-0.016541
-0.057281
-0.017517
0.061462
0.0017395
-0.40167
-0.76852
-0.96991
-1
-0.59393
-0.096802
0.16306
0.33014
0.23096
0.0011597
-0.014709
0.022766
0.082611
0.16949
0.15067
0.056946
0.021851
0.094055
0.15381
0.24698
0.31009
0.2793
0.31183
0.36697
0.32974
0.29282
0.24329
0.075104
-0.062683
-0.076324
-0.050934
0.028412
-0.033386
-0.47028
-0.79785
-0.89282
-0.9017
-0.49692
-0.027954
0.14468
0.20593
0.16031
0.045349
0.047272
0.11246
0.12769
0.10953
0.071869
-0.0073242
-0.0023193
0.13263
0.2081
0.25961
0.3038
0.27258
0.29156
0.34821
0.33051
0.26224
0.19855
0.067352
-0.041748
-0.040588
0.0031128
0.027557
-0.073578
-0.46872
-0.84729
-0.93073
-0.87543
-0.49268
0.02243
0.22171
0.25034
0.16638
-0.0080261
-0.06012
0.034637
0.1301
0.16223
0.16083
0.093781
0.02005
0.091705
0.16058
0.20676
0.29135
0.30069
0.31891
0.37302
0.35474
0.26721
0.18295
0.05191
-0.068024
-0.061096
-0.002594
0.083557
-0.013458
-0.50375
-0.88312
-0.99701
-0.95996
-0.46585
0.095245
0.28394
0.26382
0.13922
-0.069305
-0.11566
0.055481
0.16208
0.1908
0.16476
0.044434
-0.027344
0.078979
0.18552
0.2392
0.3201
0.30457
0.28174
0.34778
0.34933
0.26495
0.20425
0.095703
-0.038788
-0.061035
0.0022888
0.030396
-0.0021973
-0.33417
-0.76154
-0.92899
-0.97369
-0.67075
-0.16351
0.14172
0.28174
0.20667
0.05777
0.014099
0.036346
0.11569
0.17993
0.14044
0.064301
0.015045
0.064819
0.1467
0.2305
0.29642
0.29453
0.32077
0.36176
0.34506
0.2887
0.228
0.10629
-0.023102
-0.048035
-0.017853
0.049591
-0.048279
-0.46945
-0.80164
-0.9407
-0.98727
-0.53424
-0.012482
0.16827
0.3107
0.21045
-0.025085
-0.03067
0.035309
0.096283
0.17975
0.15594
0.041138
0.0041504
0.083832
0.14337
0.22675
0.31506
0.28995
0.31424
0.37323
0.345
0.2739
0.20438
0.080994
-0.051331
-0.064117
-0.031403
0.023865
0.063385
-0.24622
-0.68912
-0.89795
-1
-0.79004
-0.24377
0.10934
0.23267
0.25723
0.097321
-0.025452
0.028809
0.1268
0.19431
0.17252
0.10376
0.0085144
0.022644
0.14493
0.22043
0.28635
0.30792
0.29211
0.32635
0.35425
0.32245
0.25137
0.1416
0.022034
-0.068237
-0.052826
0.015656
0.032196
-0.15353
-0.6008
-0.86212
-0.95258
-0.83578
-0.34351
0.01413
0.13562
0.15924
0.070526
-0.015869
0.037354
0.15067
0.17551
0.13956
0.086212
0.0065918
0.023682
0.15897
0.23758
0.29059
0.30984
0.29456
0.31903
0.37048
0.35464
0.27667
0.20401
0.078552
-0.013916
-0.026184
-0.0017395
0.043427
-0.032562
-0.45374
-0.84924
-0.97495
-1
-0.67325
-0.14951
0.11511
0.24725
0.24759
0.10953
0.057739
0.085449
0.1095
0.14047
0.10913
0.042328
0.007782
0.089783
0.1991
0.27115
0.33011
0.31812
0.30634
0.34933
0.34732
0.29236
0.24713
0.13513
0.020721
-0.012695
-0.026459
0.0013733
0.012695
-0.30746
-0.75183
-0.85846
-0.98041
-0.81296
-0.20496
0.042664
0.11002
0.19565
0.043091
-0.065033
0.041779
0.14255
0.1489
0.1434
0.10938
0.00088501
0.054749
0.20679
0.24854
0.32214
0.34439
0.29831
0.32703
0.38464
0.34146
0.2569
0.19495
0.080292
-0.006012
-0.00076294
0.038696
0.044281
-0.1275
-0.59702
-0.91757
-1
-0.98264
-0.52209
-0.063873
0.15216
0.24875
0.19043
0.050781
0.023926
0.084564
0.11258
0.13159
0.099426
0.021484
0.017914
0.13306
0.24017
0.30042
0.32706
0.31229
0.30682
0.37036
0.37778
0.31039
0.25085
0.11478
-0.00061035
-0.034149
-0.017212
0.030151
0.054382
-0.23386
-0.77029
-0.94617
-1
-0.90182
-0.30536
0.085663
0.14325
0.17578
0.075928
-0.039856
0.012268
0.15125
0.19376
0.12692
0.066803
-0.02066
0.012146
0.20157
0.31372
0.35022
0.34927
0.31766
0.31271
0.35663
0.36713
0.31705
0.22586
0.11197
0.023315
-0.040344
0.0013733
0.069641
-0.02536
-0.45358
-0.89786
-1
-1
-0.73956
-0.13666
0.17691
0.24121
0.21088
0.09024
-0.0051575
0.031281
0.12872
0.13733
0.070404
0.021912
0.00054932
0.096771
0.24683
0.32428
0.33493
0.31561
0.30844
0.33221
0.38483
0.38205
0.29825
0.17529
0.052002
-0.035645
-0.061554
0.0036926
0.058899
-0.16843
-0.62103
-0.86942
-1
-0.97607
-0.52853
-0.11258
0.087677
0.18051
0.17255
0.11075
0.073364
0.12692
0.14871
0.089874
0.038849
0.0092163
0.059662
0.19174
0.29395
0.32993
0.31342
0.3024
0.32321
0.37338
0.39734
0.35678
0.26575
0.12598
0.027405
-0.038483
-0.010834
0.06427
-0.064758
-0.49982
-0.89392
-1
-1
-0.70905
-0.14633
0.14575
0.27023
0.23666
0.088715
0.022522
0.043915
0.11267
0.12967
0.055786
0.0011597
-0.0024414
0.10968
0.25638
0.32922
0.34027
0.31927
0.31116
0.35782
0.40466
0.37668
0.28973
0.16748
0.055573
-0.019867
-0.034546
0.043732
0.048676
-0.29614
-0.74469
-0.92624
-1
-0.89709
-0.33514
0.013702
0.063873
0.15094
0.098175
0.01944
0.092224
0.17282
0.16589
0.07135
-0.0068054
-0.022278
0.063843
0.24835
0.33673
0.32031
0.29803
0.26031
0.31104
0.3989
0.41525
0.36621
0.23825
0.10144
0.019897
-0.012054
0.069885
0.11633
-0.23325
-0.79532
-1
-1
-0.91248
-0.33722
0.11356
0.12643
0.087341
0.042816
-0.0028992
0.071808
0.21014
0.24173
0.096863
-0.060211
-0.093933
-0.0089111
0.17984
0.34079
0.3429
0.28284
0.26535
0.30865
0.40067
0.44177
0.37222
0.2373
0.075897
-0.0039978
0.011047
0.064453
0.15823
-0.029114
-0.61578
-0.96988
-1
-1
-0.56656
-0.038483
0.11032
0.15164
0.16565
0.089142
0.068787
0.15063
0.17691
0.07428
-0.030762
-0.086761
-0.048279
0.1192
0.28543
0.33786
0.28943
0.2551
0.28241
0.35468
0.42636
0.40875
0.29581
0.14856
0.027344
-0.0022278
0.04718
0.1319
0.036621
-0.49487
-0.9136
-0.93396
-0.95432
-0.68198
-0.13306
0.012726
-0.027161
0.026184
0.060791
0.16229
0.2464
0.27066
0.20496
-0.028137
-0.15308
-0.052734
0.089874
0.24747
0.32269
0.25479
0.23312
0.27594
0.36496
0.4534
0.41141
0.29898
0.17096
0.039062
0.031891
0.10049
0.15744
-0.055969
-0.66177
-0.99164
-0.97226
-0.92172
-0.46478
0.049133
0.0094299
-0.072113
0.023712
0.073944
0.1951
0.31729
0.29971
0.10895
-0.13681
-0.17993
-0.051514
0.099518
0.27255
0.31183
0.19897
0.18271
0.27432
0.37567
0.43448
0.38812
0.26474
0.13889
0.047424
0.074219
0.16953
0.19376
-0.066193
-0.68472
-0.99957
-0.87979
-0.8176
-0.46716
0.010956
-0.072205
-0.16708
0.023895
0.13699
0.29483
0.37454
0.25305
0.10193
-0.11948
-0.21536
-0.021729
0.11978
0.15854
0.21298
0.16599
0.15897
0.29919
0.41864
0.42688
0.33426
0.20374
0.13971
0.10779
0.11594
0.18851
0.21527
-0.040009
-0.63068
-0.95218
-0.82242
-0.75427
-0.57043
-0.15158
-0.10892
-0.20929
0.037018
0.27594
0.37631
0.38077
0.22858
0.091675
-0.023407
-0.14429
-0.047455
0.10867
0.084106
0.079132
0.13733
0.16162
0.26038
0.38272
0.36823
0.29889
0.21991
0.13864
0.13672
0.15359
0.13098
0.14163
0.026367
-0.43759
-0.7984
-0.70911
-0.60568
-0.57016
-0.33334
-0.18094
-0.1973
-0.072754
0.14047
0.32721
0.40366
0.26245
0.11105
0.07663
-0.011078
-0.063812
0.050385
0.12936
0.096313
0.099304
0.14005
0.19992
0.27759
0.2565
0.18961
0.15094
0.079132
0.05011
0.099457
0.10202
0.025024
-0.065674
-0.21823
-0.38126
-0.35425
-0.23346
-0.16537
-0.1489
-0.20248
-0.23633
-0.17773
-0.076538
0.0099792
0.051697
0.019775
-0.028473
-0.023926
0.0076599
0.049805
0.081421
0.082947
0.083069
0.073761
0.05661
0.079742
0.11325
0.10733
0.089203
0.095184
0.09906
0.1105
0.15936
0.19528
0.18082
0.1499
0.11496
0.067444
0.034058
0.010834
-0.026276
-0.07132
-0.12146
-0.15872
-0.16122
-0.15524
-0.15768
-0.15625
-0.17654
-0.21982
-0.24368
-0.23489
-0.2084
-0.17105
-0.12698
-0.08493
-0.048859
-0.022339
0.015411
0.077423
0.13083
0.15939
0.18167
0.20172
0.21399
0.23456
0.2605
0.25079
0.21561
0.18738
0.15619
0.12479
0.09787
0.052185
-0.0057983
-0.060394
-0.10031
-0.1076
-0.10031
-0.10864
-0.12839
-0.15894
-0.20425
-0.2337
-0.22162
-0.19055
-0.16299
-0.13425
-0.10294
-0.074402
-0.047211
-0.016357
0.018036
0.042877
0.053802
0.069641
0.099701
0.12851
0.15308
0.17642
0.17801
0.1618
0.1543
0.15247
0.14978
0.14322
0.11475
0.063416
0.0093384
-0.029572
-0.047882
-0.051666
-0.061401
-0.088684
-0.1246
-0.16211
-0.18414
-0.17743
-0.15518
-0.133
-0.10846
-0.081879
-0.061096
-0.041931
-0.021545
-0.0028381
0.010559
0.016754
0.023071
0.038422
0.059357
0.079163
0.09787
0.10696
0.099304
0.094055
0.10291
0.1124
0.11932
0.1087
0.072479
0.034973
0.0098267
-0.00018311
-0.00064087
-0.0090942
-0.03714
-0.08075
-0.11923
-0.13333
-0.12311
-0.10269
-0.086517
-0.077911
-0.064209
-0.045319
-0.030792
-0.017761
-0.0083923
-0.0033569
-0.00082397
0.0021057
0.016968
0.036987
0.047333
0.054718
0.061707
0.06192
0.061371
0.070831
0.08725
0.095459
0.082947
0.05368
0.025818
0.0097351
0.0057373
0.0065002
0.00073242
-0.021301
-0.056885
-0.086121
-0.098969
-0.096954
-0.08429
-0.072632
-0.065735
-0.054169
-0.035095
-0.018921
-0.010559
-0.0033264
-0.0028687
-0.0081177
-0.0062256
0.0041504
0.020355
0.034973
0.043732
0.053894
0.061035
0.063141
0.070251
0.082336
0.087097
0.073181
0.048004
0.026245
0.016327
0.011902
0.0086365
0.0029907
-0.01413
-0.040253
-0.062195
-0.076996
-0.08371
-0.082245
-0.075714
-0.06778
-0.057617
-0.039795
-0.026367
-0.024109
-0.023468
-0.019958
-0.016357
-0.012207
-9.1553e-05
0.017059
0.029877
0.038727
0.046936
0.056458
0.065338
0.071777
0.081116
0.087524
0.077698
0.05545
0.034973
0.019867
0.0057373
-0.0062256
-0.011383
-0.017426
-0.032654
-0.047272
-0.059326
-0.071075
-0.073334
-0.068298
-0.061005
-0.052185
-0.042145
-0.030762
-0.027374
-0.02951
-0.022552
-0.010773
0.00067139
0.015961
0.032928
0.046906
0.052185
0.049438
0.051605
0.059296
0.061859
0.063019
0.068054
0.06604
0.047455
0.025604
0.015137
0.0036926
-0.014099
-0.020874
-0.025299
-0.038208
-0.051392
-0.065308
-0.074768
-0.075775
-0.073242
-0.064453
-0.05246
-0.042816
-0.033569
-0.029205
-0.02478
-0.015778
-0.0075684
0.0031738
0.016937
0.028992
0.04071
0.051788
0.057159
0.059296
0.06424
0.06781
0.06488
0.06369
0.066864
0.059082
0.039734
0.026764
0.017822
0.0061951
-0.0030518
-0.010101
-0.019104
-0.034485
-0.050201
-0.061157
-0.067169
-0.067017
-0.063965
-0.056274
-0.047729
-0.042725
-0.038147
-0.036987
-0.035614
-0.030243
-0.02356
-0.015594
-0.0047302
0.0080872
0.024048
0.035614
0.038422
0.043518
0.048523
0.05014
0.055603
0.062134
0.062012
0.052002
0.040955
0.036469
0.030487
0.024841
0.021912
0.012848
-0.0010986
-0.014221
-0.025116
-0.033813
-0.039642
-0.043823
-0.048035
-0.047119
-0.043335
-0.040375
-0.042694
-0.047821
-0.047638
-0.044739
-0.036713
-0.026611
-0.018311
-0.0072021
0.0032349
0.013062
0.024292
0.033752
0.038544
0.043579
0.053131
0.058563
0.05249
0.045105
0.039734
0.031525
0.027832
0.0271
0.023285
0.017181
0.0093079
0.00024414
-0.010071
-0.015961
-0.017822
-0.0224
-0.027069
-0.028107
-0.030396
-0.037964
-0.045776
-0.04834
-0.047577
-0.044922
-0.037628
-0.03067
-0.023865
-0.013977
-0.0065613
-0.00061035
0.0063782
0.013885
0.023895
0.034973
0.039551
0.038452
0.037201
0.034882
0.032196
0.029999
0.028961
0.028503
0.024994
0.020386
0.015106
0.008728
0.0042114
-0.0024109
-0.0095825
-0.014191
-0.016968
-0.019379
-0.023651
-0.028656
-0.033569
-0.035309
-0.032837
-0.030853
-0.02652
-0.020874
-0.016205
-0.0099182
-0.0045166
0.00054932
0.0060425
0.01059
0.017151
0.025635
0.027405
0.023102
0.022736
0.027039
0.027771
0.026184
0.025208
0.018982
0.010712
0.0052185
0.0030518
0.00079346
-0.0037842
-0.010101
-0.016022
-0.016693
-0.013489
-0.01474
-0.020752
-0.023132
-0.021545
-0.019257
-0.017548
-0.015656
-0.013031
-0.011871
-0.011261
-0.010315
-0.0074463
-0.00054932
0.0059814
0.0098572
0.015137
0.018982
0.018616
0.016052
0.015106
0.016235
0.015076
0.014343
0.014404
0.010254
0.0041809
0.0005188
-0.0030212
-0.0072632
-0.011078
-0.012299
-0.0076904
-0.0036316
-0.0056763
-0.0087585
-0.0084839
-0.0073547
-0.0079041
-0.0077209
