-6.1035e-05
0.00024414
-0.0014648
-3.0518e-05
0.00018311
0.00061035
0.0013733
-0.0020142
-0.0021667
0.0027771
-0.00079346
-0.00021362
0.00097656
0.00067139
0.0020142
-0.0010986
-0.0019531
0.013397
-0.019196
-0.012115
0.041077
-0.03833
0.0089417
0.027557
-0.015015
0.0065002
0.010315
-0.0072327
-0.0028076
0.0049438
-0.0056763
0.00042725
-0.0043945
0.00054932
0.0011597
-0.0041199
0.0028381
0.00064087
-0.0030212
0.00073242
-0.0037231
0.0025635
0.00033569
-0.0046997
0.0030518
0.0061951
-0.0046692
0.0012207
0.0040894
-0.0041809
0.0033875
-0.0018921
-0.0035095
0.0026245
-0.0046387
-0.0054626
0.00030518
0.00076294
-0.0027161
0.00085449
0.0028381
0.0016174
-0.00033569
-0.00079346
9.1553e-05
-0.0041809
0.0097961
-0.028229
-0.015472
0.041626
-0.022339
-0.00094604
0.037781
0.014862
0.0054016
0.020325
-0.0026855
-0.0097656
-0.00079346
-0.013
-0.0097961
-0.0090332
-0.0045776
-0.0031738
-0.0067444
0.0013123
-0.023712
-0.0093079
0.0049744
-0.022583
0.0091248
0.0090332
0.012604
0.022003
0.033325
0.0070496
0.010956
0.0039062
-0.019226
-0.010223
-0.068695
-0.055969
0.0070496
-0.014099
-0.0066833
0.026855
0.059174
0.055237
0.065765
0.033325
0.01062
0.0082397
0.012268
-0.0037231
-0.026978
-0.021667
-0.025238
-0.048706
-0.03244
-0.054718
-0.057068
-0.049469
-0.037445
-0.020966
-0.0040588
0.0082397
0.03241
0.039124
0.046631
0.056335
0.076172
0.046417
0.065826
0.071655
0.057129
0.056793
0.049805
0.024139
0.006012
-0.0021362
-0.045532
-0.067627
-0.090576
-0.10236
-0.1384
-0.17728
-0.15485
-0.18494
-0.16595
-0.12524
-0.093536
-0.050476
0.045563
0.077667
0.14087
0.1947
0.2164
0.23776
0.26044
0.21744
0.20389
0.15439
0.09021
0.055359
0.0039978
-0.063385
-0.089264
-0.12421
-0.15015
-0.13861
-0.1535
-0.14401
-0.10815
-0.095093
-0.053833
-0.023224
-0.0080566
0.020172
0.027588
0.024963
0.041016
0.039612
0.031189
0.047607
0.030396
0.02002
0.025482
0.0082397
0.014374
0.023773
0.0062866
0.015228
0.036438
0.044006
0.074921
0.086487
0.078522
0.084991
0.053864
-0.0085144
-0.04422
-0.11511
-0.18445
-0.31412
-0.37576
-0.43979
-0.46851
-0.39896
-0.31186
-0.19357
-0.0030212
0.16992
0.30011
0.47275
0.53424
0.5813
0.58698
0.51501
0.39938
0.30881
0.13309
0.011627
-0.10431
-0.22678
-0.30432
-0.33206
-0.35971
-0.32419
-0.25635
-0.20673
-0.082581
0.0029907
0.085724
0.15802
0.21558
0.21454
0.22641
0.19397
0.12125
0.053589
-0.033752
-0.14191
-0.20004
-0.25043
-0.30173
-0.29065
-0.26651
-0.23355
-0.12018
-0.0081482
0.10483
0.22974
0.30643
0.33435
0.34265
0.29227
0.23212
0.1835
0.10458
0.038971
-0.018311
-0.079071
-0.14566
-0.18008
-0.228
-0.3226
-0.34439
-0.4884
-0.50714
-0.50192
-0.46487
-0.33496
-0.11832
0.063049
0.27545
0.50467
0.54434
0.66925
0.63828
0.58771
0.46109
0.32761
0.1109
-0.04895
-0.18881
-0.32556
-0.3226
-0.36304
-0.31329
-0.24753
-0.15411
-0.052338
0.073975
0.16977
0.24088
0.28165
0.25891
0.22568
0.15863
0.08136
0.0034485
-0.095123
-0.17551
-0.25797
-0.30881
-0.29639
-0.28772
-0.2204
-0.17542
-0.098145
-0.02829
0.060516
0.13153
0.21338
0.26624
0.27335
0.26514
0.20139
0.15118
0.10315
0.053101
0.0091858
-0.012573
-0.068817
-0.091461
-0.1037
-0.15143
-0.19095
-0.23892
-0.29767
-0.46158
-0.41052
-0.47092
-0.40875
-0.24951
-0.043915
0.10373
0.34558
0.51547
0.52258
0.65436
0.56271
0.49637
0.37158
0.21832
-0.007843
-0.14038
-0.26947
-0.38034
-0.32623
-0.32535
-0.24243
-0.14545
-0.029541
0.048737
0.17255
0.26123
0.28522
0.31714
0.26007
0.14746
0.06073
-0.046783
-0.15881
-0.19534
-0.24011
-0.28958
-0.2905
-0.27866
-0.24692
-0.14731
-0.063354
0.022247
0.12149
0.14661
0.19382
0.2247
0.22931
0.20285
0.18527
0.098755
0.034027
0.013092
-0.023712
0.0072632
0.00030518
-0.005249
-0.02652
-0.10013
-0.17667
-0.20895
-0.30951
-0.4411
-0.39001
-0.47589
-0.41229
-0.22461
-0.045441
0.14117
0.40988
0.51544
0.54797
0.62872
0.50662
0.41718
0.30566
0.12482
-0.074188
-0.18466
-0.33032
-0.41046
-0.34808
-0.3204
-0.22235
-0.083008
0.02124
0.091492
0.22299
0.27435
0.30023
0.33389
0.26224
0.14328
0.034515
-0.11646
-0.24783
-0.28073
-0.31998
-0.32285
-0.27216
-0.23245
-0.17145
-0.039215
0.05954
0.16812
0.25906
0.27527
0.24878
0.22153
0.1496
0.088623
0.06076
0.0073242
-0.012604
-0.021057
-0.020691
-0.017365
0.018188
0.015106
-0.02771
-0.099335
-0.18118
-0.27924
-0.42526
-0.44528
-0.4711
-0.47812
-0.31958
-0.14819
0.049561
0.29797
0.52524
0.56967
0.65347
0.59357
0.46463
0.34805
0.17838
-0.011353
-0.17038
-0.29868
-0.42966
-0.41293
-0.36166
-0.28326
-0.12766
0.013397
0.097565
0.20361
0.28232
0.30109
0.31766
0.29187
0.16959
0.057007
-0.073425
-0.216
-0.28534
-0.3176
-0.3129
-0.29514
-0.20599
-0.15335
-0.029083
0.096771
0.20541
0.2771
0.31891
0.28519
0.20758
0.14462
0.047882
-0.014099
-0.045197
-0.056488
-0.055176
-0.029419
-0.015289
-0.0030823
-0.012665
-0.087433
-0.14331
-0.22089
-0.38229
-0.45999
-0.46225
-0.51752
-0.3739
-0.18112
0.024658
0.24689
0.51984
0.58328
0.65387
0.65643
0.50156
0.38239
0.21741
0.02002
-0.14957
-0.25378
-0.3959
-0.40872
-0.35193
-0.3027
-0.16998
-0.0032349
0.080048
0.1774
0.25992
0.24255
0.24252
0.21704
0.12177
0.021545
-0.059082
-0.19827
-0.27478
-0.28644
-0.30731
-0.2608
-0.16452
-0.112
-0.017914
0.10263
0.1785
0.25793
0.34271
0.30991
0.26059
0.18021
0.048035
-0.031403
-0.062347
-0.080261
-0.043427
0.0019531
-0.0035095
0.029083
-0.0016479
-0.085327
-0.14142
-0.22635
-0.4223
-0.46606
-0.52359
-0.5585
-0.39993
-0.19244
0.026855
0.28751
0.55298
0.59122
0.67767
0.63843
0.48447
0.36987
0.2099
-0.0010986
-0.15402
-0.26129
-0.40353
-0.39322
-0.33911
-0.27405
-0.14319
0.034241
0.10974
0.20468
0.27948
0.24286
0.23108
0.18497
0.085876
-0.018555
-0.097015
-0.22287
-0.28937
-0.28583
-0.28983
-0.22641
-0.12943
-0.067108
0.017822
0.10339
0.15292
0.21066
0.2468
0.23148
0.19446
0.14505
0.065887
0.021881
0.0096741
0.015228
0.026581
0.045288
0.045685
-0.0063171
-0.082031
-0.17126
-0.27109
-0.43762
-0.49841
-0.54364
-0.56317
-0.41061
-0.21335
0.035065
0.29532
0.56775
0.65631
0.72452
0.67035
0.504
0.34659
0.16306
-0.036804
-0.1806
-0.27756
-0.38611
-0.38611
-0.34735
-0.27576
-0.14853
0.021179
0.13187
0.22455
0.29721
0.24188
0.20261
0.13251
0.030579
-0.041168
-0.096619
-0.17688
-0.22543
-0.23929
-0.25452
-0.23575
-0.14676
-0.092682
-0.016571
0.076538
0.12247
0.18423
0.22125
0.25443
0.23187
0.22284
0.15396
0.084167
0.041199
-0.0071716
-0.032501
-0.011139
-0.025574
-0.08847
-0.14038
-0.26007
-0.45013
-0.54434
-0.59766
-0.6293
-0.46146
-0.23224
0.017242
0.29938
0.58075
0.67975
0.75732
0.73465
0.58319
0.42773
0.25729
0.039276
-0.13342
-0.25369
-0.39145
-0.42456
-0.39487
-0.33191
-0.20486
-0.033813
0.076935
0.17612
0.25043
0.23358
0.20691
0.17252
0.089233
0.0010071
-0.050598
-0.14868
-0.21234
-0.23727
-0.26648
-0.26624
-0.22308
-0.17795
-0.11041
-0.0098877
0.08725
0.18405
0.28329
0.31989
0.32587
0.28986
0.20801
0.13071
0.069519
0.020264
-0.0037537
-0.0040588
-0.065552
-0.13782
-0.22205
-0.4035
-0.55087
-0.6055
-0.68805
-0.59714
-0.39417
-0.14572
0.11893
0.44327
0.62228
0.70667
0.76385
0.66068
0.53793
0.41324
0.24536
0.077942
-0.033264
-0.19891
-0.32068
-0.38144
-0.41769
-0.39722
-0.27924
-0.14209
-0.035706
0.12424
0.18301
0.20773
0.20807
0.16544
0.10742
0.071503
0.028595
-0.030365
-0.068573
-0.13589
-0.21503
-0.25064
-0.27164
-0.25995
-0.17227
-0.081024
0.02948
0.13177
0.21759
0.24533
0.26874
0.2543
0.2182
0.19336
0.15622
0.11856
0.077026
0.0050354
-0.092499
-0.21222
-0.38037
-0.48639
-0.60028
-0.61856
-0.56747
-0.41495
-0.23541
0.0021667
0.22421
0.37552
0.50235
0.53931
0.53833
0.50494
0.45886
0.38333
0.31677
0.22183
0.10889
-0.0037231
-0.11942
-0.22571
-0.30688
-0.33438
-0.34412
-0.29037
-0.21805
-0.13763
-0.058197
0.0048523
0.039429
0.069366
0.10489
0.12189
0.14426
0.15137
0.12802
0.079498
0.029633
-0.029999
-0.079742
-0.10739
-0.12189
-0.11984
-0.10748
-0.082733
-0.053955
-0.018463
0.011597
0.036316
0.060883
0.076813
0.081665
0.076904
0.066315
0.022919
-0.02597
-0.087921
-0.14716
-0.18799
-0.19833
-0.18466
-0.1434
-0.091217
-0.041382
6.1035e-05
0.031952
0.055176
0.078979
0.10519
0.13821
0.17416
0.19922
0.2117
0.20309
0.17554
0.13541
0.092316
0.045197
0.0018311
-0.033752
-0.057556
-0.080322
-0.089752
-0.087189
-0.08609
-0.078217
-0.065521
-0.056946
-0.046417
-0.031128
-0.016113
-3.0518e-05
0.014862
0.020477
0.016815
0.0093689
-0.0025024
-0.014862
-0.017761
-0.021332
-0.021454
-0.021942
-0.028625
-0.039032
-0.040009
-0.036652
-0.01886
0.013
0.042603
0.062805
0.074554
0.06601
0.042664
0.022675
-0.00012207
-0.014862
-0.024109
-0.033051
-0.045715
-0.05542
-0.067688
-0.080139
-0.078125
-0.07193
-0.059265
-0.037354
-0.014008
0.0045471
0.021423
0.037903
0.043243
0.047668
0.051147
0.049377
0.05423
0.056
0.055267
0.054077
0.047241
0.037659
0.02829
0.020874
0.016388
0.012695
0.011627
0.0087891
0.00067139
-0.0024109
-0.0015259
0.0032349
0.0052185
0.01825
0.023224
0.021606
0.021332
0.016937
0.011078
0.0032959
-0.0069885
-0.024506
-0.040466
-0.054932
-0.068695
-0.073883
-0.074158
-0.07309
-0.066315
-0.058075
-0.047913
-0.036926
-0.025757
-0.011688
-0.0020752
0.0089111
0.023682
0.034302
0.043701
0.048004
0.043823
0.029724
0.016846
0.0029602
-0.0024414
0.00085449
0.0078125
0.017761
0.027344
0.031738
0.034241
0.035645
0.033417
0.035553
0.035156
0.031281
0.026215
0.01535
-0.0016785
-0.021759
-0.039368
-0.050598
-0.061371
-0.064117
-0.063171
-0.061951
-0.058533
-0.0513
-0.039368
-0.028534
-0.014069
0.0028992
0.014496
0.029419
0.042328
0.055054
0.065125
0.073059
0.07605
0.067719
0.053223
0.031372
0.0071716
-0.011414
-0.030121
-0.040558
-0.045105
-0.042419
-0.038055
-0.027649
-0.016449
-0.0036926
0.015442
0.026733
0.035187
0.040161
0.037018
0.028351
0.016388
0.0010376
-0.014618
-0.028564
-0.03598
-0.039154
-0.034515
-0.025452
-0.01712
-0.0050964
0.0016174
0.0095215
0.012665
0.017487
0.020905
0.022888
0.023407
0.015991
0.010162
-0.0018921
-0.01181
-0.021515
-0.029083
-0.033386
-0.035553
-0.038879
-0.03714
-0.034943
-0.033295
-0.026123
-0.017822
-0.0057373
0.0047913
0.015228
0.024231
0.036285
0.045105
0.05069
0.053986
0.046936
0.035309
0.018066
-0.0036926
-0.022827
-0.034546
-0.038696
-0.03598
-0.026642
-0.014374
-0.003418
0.0097351
0.0224
0.032623
0.040649
0.044586
0.045685
0.041168
0.031555
0.015533
-0.0035706
-0.021332
-0.03302
-0.04248
-0.044373
-0.041412
-0.034241
-0.027557
-0.01947
-0.0077209
0.0020142
0.011078
0.018219
0.023407
0.022308
0.020691
0.018921
0.01474
0.011017
0.0091248
0.00354
-0.0041504
-0.011169
-0.02121
-0.028137
-0.031738
-0.030426
-0.028046
-0.022217
-0.019257
-0.012787
-0.0028992
0.0044556
0.014923
0.026215
0.033142
0.036591
0.038605
0.033386
0.023254
0.010437
-0.0019531
-0.017334
-0.027191
-0.033325
-0.033691
-0.028412
-0.022491
-0.01474
-0.0047607
0.0055847
0.014008
0.025177
0.032623
0.035675
0.035797
0.029602
0.019287
0.0087585
-0.0046387
-0.017151
-0.025146
-0.031769
-0.034851
-0.033813
-0.0289
-0.022583
-0.01532
-0.0066223
0.0019531
0.012299
0.01889
0.024109
0.028625
0.031067
0.029633
0.026611
0.022339
0.013092
0.0059204
-0.0024719
-0.011444
-0.018066
-0.0242
-0.029572
-0.027985
-0.02475
-0.020721
-0.012543
-0.0052795
-0.0005188
0.0054932
0.012329
0.016113
0.022614
0.02652
0.025391
