0.032745
0.028046
0.022064
0.01474
0.0066833
-0.0013428
-0.0095215
-0.017761
-0.024963
-0.031219
-0.036652
-0.040649
-0.042542
-0.043335
-0.042389
-0.039124
-0.034973
-0.029358
-0.022369
-0.014832
-0.0075073
-0.00094604
0.0041199
0.0078125
0.010376
0.011688
0.012512
0.012726
0.012421
0.010803
0.0096436
0.0093994
0.0093994
0.0097046
0.010223
0.011719
0.012543
0.013031
0.013855
0.014709
0.014679
0.014282
0.013611
0.011749
0.010071
0.008728
0.0066528
0.0035095
0.00030518
-0.0025024
-0.0047607
-0.0066223
-0.0084839
-0.0096436
-0.010956
-0.013031
-0.014618
-0.016022
-0.017365
-0.019196
-0.019226
-0.018097
-0.016235
-0.014008
-0.011688
-0.0081787
-0.0045776
-0.0013123
0.0025635
0.0066833
0.0097351
0.010803
0.0097961
0.0068054
0.002594
-0.0018005
-0.005188
-0.0063782
-0.0045166
-0.00030518
0.0057678
0.013489
0.02121
0.027405
0.031921
0.03656
0.040863
0.043457
0.043945
0.042633
0.038849
0.032684
0.023865
0.013367
0.003418
-0.0065918
-0.017242
-0.027222
-0.036438
-0.043976
-0.05011
-0.054443
-0.055664
-0.055206
-0.052399
-0.047272
-0.041199
-0.033844
-0.02597
-0.018402
-0.0098572
-0.0014038
0.0055847
0.011292
0.01651
0.02063
0.022583
0.02298
0.022797
0.022827
0.021942
0.021118
0.02121
0.021027
0.020447
0.01889
0.01712
0.015137
0.012878
0.0112
0.0094604
0.0072632
0.0059509
0.0045471
0.002533
0.00088501
-0.0011902
-0.0035706
-0.0050354
-0.0070496
-0.0087891
-0.010742
-0.013672
-0.016052
-0.018829
-0.022156
-0.024567
-0.025482
-0.02475
-0.024048
-0.022797
-0.019745
-0.016815
-0.01474
-0.01178
-0.008728
-0.0050964
-0.00045776
0.0037231
0.0081177
0.012817
0.015808
0.016022
0.013733
0.010773
0.0068054
0.0032959
0.0036011
0.0089417
0.016602
0.024902
0.033905
0.042206
0.048035
0.051514
0.053925
0.055847
0.056274
0.05484
0.051147
0.043396
0.031647
0.017578
0.0023193
-0.01297
-0.027985
-0.040863
-0.052216
-0.062988
-0.071075
-0.076935
-0.080322
-0.080444
-0.076599
-0.06958
-0.060577
-0.050049
-0.03891
-0.027893
-0.017151
-0.0072937
0.0032654
0.012177
0.016937
0.02301
0.028778
0.032806
0.033508
0.032349
0.031189
0.029175
0.027466
0.026978
0.026917
0.023376
0.018799
0.01355
0.0075989
0.0057068
0.0057678
0.0079346
0.0085449
0.0080872
0.0084229
0.0084839
0.0092773
0.0088196
0.0089111
0.0082703
0.0067749
0.0058289
0.0036621
0.00024414
-0.0036926
-0.008606
-0.01416
-0.020691
-0.025208
-0.02774
-0.028381
-0.028229
-0.026428
-0.023651
-0.02298
-0.021698
-0.020721
-0.018646
-0.013702
-0.0074158
0.0012512
0.0094604
0.015564
0.018341
0.015991
0.011108
0.004303
-0.0024719
-0.0061951
-0.0046692
0.00061035
0.0087585
0.019379
0.029572
0.037201
0.043182
0.048737
0.054352
0.058502
0.060699
0.061554
0.058594
0.050781
0.039001
0.02533
0.010284
-0.0055237
-0.020813
-0.035919
-0.050201
-0.064301
-0.075104
-0.082581
-0.08728
-0.088043
-0.08493
-0.07843
-0.069824
-0.057129
-0.041473
-0.025482
-0.010101
0.0041504
0.01532
0.022522
0.029297
0.034149
0.0354
0.034546
0.033569
0.031464
0.028473
0.025787
0.022888
0.019867
0.016235
0.01355
0.012238
0.011292
0.011383
0.012543
0.01416
0.015442
0.016907
0.018036
0.017548
0.016815
0.014923
0.013092
0.010895
0.0075989
0.0049744
0.0015259
-0.003418
-0.0067749
-0.010834
-0.017059
-0.021454
-0.025482
-0.029999
-0.031738
-0.032227
-0.034668
-0.034119
-0.030518
-0.0289
-0.026917
-0.022552
-0.018738
-0.014587
-0.0090942
-0.0031433
0.0037231
0.0094604
0.012573
0.01239
0.0082703
0.0028687
-0.0026245
-0.0061951
-0.0052795
0.00048828
0.0097351
0.021271
0.033691
0.044342
0.054352
0.063477
0.071442
0.07782
0.080139
0.079407
0.073669
0.063263
0.049652
0.032928
0.015076
-0.002594
-0.021332
-0.039978
-0.05661
-0.071167
-0.083344
-0.092194
-0.096832
-0.096527
-0.091766
-0.084869
-0.074829
-0.061707
-0.046753
-0.030579
-0.015442
-0.00057983
0.013245
0.024078
0.032074
0.037781
0.040375
0.039276
0.035431
0.029785
0.023926
0.017365
0.011169
0.0073547
0.0064087
0.0061646
0.0075378
0.010254
0.01355
0.016479
0.018127
0.019501
0.021545
0.023071
0.023102
0.022797
0.021271
0.018127
0.015015
0.01062
0.0032349
-0.0016479
-0.0046692
-0.01059
-0.016052
-0.019989
-0.024323
-0.027924
-0.029022
-0.032593
-0.034576
-0.036316
-0.037445
-0.033691
-0.033112
-0.031281
-0.02359
-0.018188
-0.013275
-0.0061951
0.00012207
0.007782
0.015381
0.020966
0.024323
0.023315
0.01828
0.0097351
-0.00088501
-0.0075684
-0.0068054
-0.0019226
0.0072937
0.021637
0.037445
0.052307
0.065002
0.074585
0.079926
0.083191
0.084198
0.080048
0.071503
0.057831
0.039703
0.019714
-0.0023499
-0.025238
-0.044769
-0.062347
-0.078796
-0.092133
-0.10229
-0.10876
-0.11035
-0.1055
-0.095276
-0.082092
-0.066101
-0.048157
-0.028809
-0.0096741
0.0081787
0.022675
0.033295
0.040588
0.045013
0.047302
0.047363
0.044189
0.039154
0.032166
0.022827
0.012939
0.003418
-0.0036011
-0.0080872
-0.010529
-0.0097351
-0.0052185
0.0011292
0.0087891
0.017242
0.024902
0.031342
0.036743
0.03949
0.038849
0.036926
0.033264
0.026978
0.01947
0.012512
0.00354
-0.0062561
-0.015564
-0.023315
-0.02948
-0.03363
-0.03421
-0.03418
-0.033844
-0.034393
-0.034912
-0.033203
-0.030609
-0.028809
-0.02533
-0.020111
-0.018188
-0.017853
-0.016724
-0.01532
-0.01236
-0.0082092
-0.0038757
-0.002533
-0.0035706
-0.008606
-0.015533
-0.020233
-0.021332
-0.013733
0.0012512
0.020874
0.044464
0.069
0.091553
0.10968
0.12198
0.12872
0.12906
0.12115
0.10675
0.087097
0.060394
0.031036
-0.00088501
-0.034515
-0.064972
-0.091003
-0.11105
-0.12415
-0.13135
-0.13269
-0.1272
-0.11636
-0.1004
-0.079193
-0.05542
-0.03064
-0.0064697
0.013855
0.030792
0.043182
0.050323
0.052551
0.049927
0.043671
0.0354
0.024658
0.013245
0.0028381
-0.0060425
-0.011292
-0.013885
-0.014679
-0.012909
-0.01004
-0.0055542
0.0016785
0.010498
0.020294
0.031799
0.043274
0.052673
0.058105
0.057892
0.054932
0.047852
0.03595
0.022125
0.0058594
-0.0085144
-0.019073
-0.028595
-0.034943
-0.037384
-0.03714
-0.033478
-0.028107
-0.02243
-0.0177
-0.018005
-0.020844
-0.024902
-0.03244
-0.038208
-0.041901
-0.043884
-0.043213
-0.041229
-0.035339
-0.028046
-0.021912
-0.014374
-0.012543
-0.015564
-0.016968
-0.026337
-0.033722
-0.028259
-0.018555
0.0045776
0.038391
0.068787
0.10812
0.14188
0.15994
0.17773
0.17926
0.16473
0.15128
0.11887
0.077332
0.043549
-0.00024414
-0.037781
-0.065796
-0.1004
-0.1188
-0.12674
-0.13712
-0.12939
-0.11612
-0.10333
-0.076904
-0.05542
-0.036743
-0.011444
0.0019836
0.012726
0.024933
0.022736
0.018036
0.011108
-0.0052795
-0.015564
-0.024384
-0.034393
-0.033112
-0.032196
-0.029327
-0.018127
-0.010925
-0.00097656
0.011688
0.01889
0.028717
0.03479
0.0354
0.039154
0.037323
0.032349
0.027985
0.020844
0.019806
0.023193
0.025085
0.033112
0.041077
0.044281
0.046661
0.04071
0.031677
0.024628
0.010681
-0.0027466
-0.012238
-0.023956
-0.02887
-0.030029
-0.031616
-0.024811
-0.022003
-0.028259
-0.031586
-0.040771
-0.05481
-0.061554
-0.068207
-0.069458
-0.061768
-0.059357
-0.055695
-0.04834
-0.054993
-0.059235
-0.059937
-0.075958
-0.075989
-0.055237
-0.029877
0.022247
0.091461
0.1543
0.22256
0.27026
0.28183
0.28088
0.25003
0.19675
0.14209
0.067505
-0.0040283
-0.05957
-0.11734
-0.14905
-0.15533
-0.15701
-0.13458
-0.10229
-0.074158
-0.036194
-0.007843
0.0076294
0.01886
0.0099182
-0.0079041
-0.028412
-0.056061
-0.074554
-0.088196
-0.10056
-0.098022
-0.089172
-0.07486
-0.0466
-0.01593
0.014954
0.044189
0.061615
0.070557
0.070679
0.061859
0.049957
0.029968
0.0095215
-0.0083313
-0.029724
-0.043793
-0.047729
-0.046631
-0.028503
-0.0056152
0.011719
0.044067
0.078094
0.10324
0.12796
0.13815
0.13007
0.10965
0.07486
0.032043
-0.0093689
-0.043427
-0.064484
-0.074188
-0.071869
-0.056519
-0.037231
-0.015289
0.0080261
0.019775
0.019989
0.011658
-0.010437
-0.037994
-0.06604
-0.092224
-0.11377
-0.12915
-0.12924
-0.12799
-0.13599
-0.12576
-0.11343
-0.12338
-0.10327
-0.043518
0.011322
0.083679
0.18109
0.26163
0.30673
0.32889
0.32083
0.26202
0.18567
0.10983
0.016266
-0.065216
-0.10809
-0.13156
-0.13556
-0.1012
-0.040527
0.011169
0.052887
0.091064
0.0979
0.066956
0.025757
-0.026062
-0.096069
-0.15909
-0.20288
-0.23068
-0.22601
-0.18433
-0.12308
-0.050934
0.026825
0.091125
0.12506
0.13519
0.12653
0.090149
0.036407
-0.018433
-0.071655
-0.11176
-0.12964
-0.12512
-0.09787
-0.05249
-0.0016174
0.04541
0.085114
0.1123
0.13156
0.12997
0.1102
0.085938
0.046326
0.0049744
-0.029236
-0.051422
-0.052155
-0.041687
-0.0096741
0.034424
0.07135
0.10657
0.12146
0.10974
0.077148
0.033051
-0.015411
-0.056519
-0.077545
-0.082947
-0.070892
-0.055939
-0.036926
-0.016937
-0.027069
-0.034515
-0.040009
-0.069366
-0.095551
-0.1088
-0.1098
-0.14676
-0.16809
-0.15317
-0.20407
-0.19708
-0.11884
-0.053589
0.074158
0.21732
0.34891
0.41705
0.41653
0.40112
0.28159
0.13583
0.032654
-0.083679
-0.17529
-0.1911
-0.1431
-0.090088
0.002594
0.12643
0.18829
0.20929
0.1991
0.13272
0.014709
-0.10187
-0.19543
-0.29489
-0.33401
-0.31061
-0.25623
-0.15994
-0.041199
0.078735
0.15164
0.1828
0.18185
0.11301
0.023499
-0.054413
-0.12888
-0.18182
-0.19183
-0.16364
-0.12097
-0.05191
0.031097
0.091553
0.13437
0.15146
0.1282
0.085876
0.042603
-0.0020142
-0.036224
-0.051697
-0.045715
-0.032471
-0.0058899
0.040375
0.069824
0.099182
0.11993
0.11938
0.11661
0.09613
0.074768
0.045685
0.01062
-0.01825
-0.048584
-0.059418
-0.062195
-0.044525
-0.017029
-0.0048523
0.01532
0.016174
-0.0014954
-0.026215
-0.065643
-0.11093
-0.15793
-0.19113
-0.25101
-0.27075
-0.24854
-0.29932
-0.22076
-0.095306
-0.0027466
0.18655
0.33899
0.43527
0.47263
0.43872
0.3273
0.16632
0.019867
-0.1279
-0.20502
-0.21338
-0.1611
-0.027649
0.12012
0.23679
0.32437
0.34128
0.24997
0.12775
-0.011658
-0.19226
-0.32181
-0.37143
-0.38016
-0.32373
-0.19217
-0.060974
0.054169
0.14767
0.18042
0.16708
0.11224
0.020935
-0.088562
-0.17834
-0.23239
-0.23978
-0.17297
-0.082886
0.010559
0.095459
0.12567
0.13168
0.10727
0.069397
0.014465
-0.035034
-0.069458
-0.094025
-0.063049
-0.022736
0.033539
0.08432
0.10077
0.10544
0.093628
0.075134
0.064667
0.06665
0.065277
0.063416
0.069397
0.071808
0.067047
0.060272
0.039307
0.013885
-0.018494
-0.038483
-0.030975
-0.025787
-0.02475
-0.018066
-0.047974
-0.1037
-0.14505
-0.2103
-0.28525
-0.27676
-0.3566
-0.38849
-0.23495
-0.15848
0.032257
0.28162
0.43152
0.48016
0.51605
0.39453
0.16486
0.025818
-0.15314
-0.2742
-0.2377
-0.1543
-0.02829
0.17065
0.32639
0.3905
0.41974
0.332
0.1445
-0.041473
-0.22028
-0.38443
-0.41486
-0.35669
-0.26492
-0.092255
0.052155
0.14862
0.21204
0.19992
0.10721
0.0070801
-0.1076
-0.23389
-0.27283
-0.24817
-0.19
-0.076263
0.047089
0.11377
0.15732
0.15851
0.10315
0.033325
-0.04129
-0.10382
-0.15186
-0.13242
-0.078857
-0.0079041
0.082611
0.12347
0.12006
0.08786
0.04364
0.0022583
-0.0038452
0.012787
0.025818
0.06665
0.098083
0.11691
0.13113
0.11896
0.072113
0.035126
0.0082092
-0.01474
0.002533
0.010437
0.019775
-0.012482
-0.061768
-0.11237
-0.22604
-0.30209
-0.30621
-0.47595
-0.41165
-0.22223
-0.12384
0.13962
0.40561
0.46933
0.46078
0.47552
0.22052
0.00091553
-0.14432
-0.32352
-0.36353
-0.24078
-0.08313
0.14685
0.39566
0.48148
0.50351
0.40756
0.19522
-0.029755
-0.21777
-0.3949
-0.47931
-0.38229
-0.26624
-0.063049
0.16031
0.25717
0.27997
0.23798
0.10269
-0.045135
-0.14471
-0.25626
-0.30716
-0.27496
-0.19473
-0.062286
0.10022
0.19882
0.216
0.16818
0.055298
-0.052795
-0.12701
-0.15921
-0.14911
-0.10861
-0.058624
0.016937
0.083038
0.13098
0.12344
0.077118
0.0066223
-0.043365
-0.046539
-0.019287
0.031921
0.058807
0.071381
0.072723
0.066895
0.05661
0.053864
0.036621
0.027924
0.018402
0.028473
0.057678
0.039307
-0.027039
-0.09964
-0.22928
-0.29803
-0.41257
-0.52249
-0.31018
-0.21039
0.028473
0.33957
0.56891
0.57675
0.62476
0.42725
0.08667
-0.12805
-0.35309
-0.4838
-0.40576
-0.21759
-0.0056152
0.30679
0.48853
0.58652
0.55063
0.33578
0.047424
-0.23462
-0.45407
-0.57886
-0.50961
-0.35913
-0.16116
0.084534
0.26285
0.34491
0.34509
0.21957
0.02771
-0.13681
-0.28683
-0.36646
-0.33261
-0.22864
-0.098053
0.069885
0.19122
0.24869
0.24387
0.15326
0.035583
-0.064178
-0.15356
-0.1713
-0.11975
-0.073029
0.01123
0.0784
0.12268
0.13892
0.14224
0.095093
0.056061
0.015503
-0.020264
-0.018158
-0.025879
-0.025696
0.0040894
0.013519
0.010498
0.032928
0.0071716
-0.01709
-0.052856
-0.10217
-0.14273
-0.23587
-0.26437
-0.44601
-0.44833
-0.26373
-0.18109
0.073212
0.35107
0.52167
0.56686
0.66104
0.43378
0.18057
-0.036865
-0.25903
-0.35898
-0.27158
-0.14871
0.051849
0.27859
0.39978
0.48563
0.43903
0.26041
0.044739
-0.17972
-0.38452
-0.47998
-0.46017
-0.37292
-0.20483
0.019928
0.14996
0.22964
0.24551
0.14581
0.027069
-0.093231
-0.22958
-0.30765
-0.29495
-0.2258
-0.12405
0.021118
0.11484
0.14804
0.151
0.093018
0.043579
0.0025024
-0.042175
-0.050781
-0.035736
0.0031128
0.088287
0.17184
0.17471
0.1438
0.081909
0.0027771
-0.0091553
0.0062256
0.0018311
0.045502
0.042328
0.040497
0.093719
0.073425
-0.0040283
-0.11639
-0.21661
-0.3028
-0.39285
-0.39816
-0.54395
-0.41861
-0.2294
-0.071899
0.21283
0.4574
0.5513
0.57339
0.54166
0.25275
0.019073
-0.1821
-0.33813
-0.35315
-0.20602
-0.064301
0.19104
0.45132
0.60736
0.63364
0.50824
0.24475
-0.062592
-0.3205
-0.49283
-0.56415
-0.50394
-0.32928
-0.13211
0.096863
0.27371
0.34018
0.32574
0.18216
0.0045166
-0.16159
-0.30035
-0.36496
-0.34268
-0.27029
-0.16312
-0.018463
0.091522
0.14642
0.18436
0.13278
0.052155
-0.00097656
-0.04361
-0.042572
-0.00045776
0.045929
0.078613
0.11005
0.1088
0.076416
0.048065
0.02005
0.025757
0.040741
0.041199
0.059784
0.054199
0.029053
-0.055908
-0.11813
-0.23981
-0.38156
-0.52679
-0.535
-0.3576
-0.26611
0.022766
0.28189
0.49576
0.60367
0.67084
0.4502
0.21548
-0.033234
-0.24615
-0.38464
-0.39047
-0.29614
-0.12329
0.1683
0.38525
0.53873
0.57962
0.49121
0.31149
0.075134
-0.16748
-0.39563
-0.51355
-0.52081
-0.427
-0.22858
-0.0448
0.13571
0.26694
0.31195
0.3111
0.23645
0.061951
-0.12305
-0.25613
-0.34894
-0.37286
-0.29822
-0.21219
-0.085114
0.03067
0.1322
0.20575
0.23672
0.22388
0.17737
0.098328
0.018005
-0.018036
-0.049744
-0.056122
-0.043091
-0.035492
0.020264
0.077271
0.12149
0.13669
0.0979
0.01532
-0.053558
-0.20395
-0.34631
-0.46057
-0.61182
-0.46851
-0.36383
-0.1727
0.11664
0.42593
0.55762
0.70563
0.62369
0.41797
0.20624
-0.046906
-0.29498
-0.41895
-0.43716
-0.36438
-0.1022
0.15186
0.33945
0.51883
0.5723
0.50107
0.34781
0.10968
-0.17383
-0.3923
-0.5036
-0.53864
-0.46854
-0.32547
-0.095276
0.1532
0.30182
0.36517
0.36096
0.26712
0.1348
-0.040894
-0.2298
-0.36441
-0.37973
-0.30743
-0.20151
-0.090881
0.037567
0.16034
0.26776
0.28979
0.23962
0.15982
0.070007
-0.016174
-0.072571
-0.093536
-0.10416
-0.078186
-0.025848
0.014587
0.022095
-0.0022583
-0.03363
-0.060577
-0.16318
-0.23648
-0.43188
-0.37869
-0.33014
-0.27499
-0.10806
0.12344
0.31628
0.51166
0.59549
0.50784
0.43881
0.24908
0.039764
-0.16312
-0.314
-0.40079
-0.28662
-0.11191
0.019409
0.2196
0.40314
0.49222
0.48151
0.35175
0.1391
-0.066284
-0.26227
-0.43097
-0.53113
-0.55698
-0.44788
-0.24655
-0.062195
0.098236
0.27365
0.37534
0.36301
0.26401
0.11615
-0.031128
-0.19397
-0.30881
-0.35538
-0.3139
-0.18439
-0.010437
0.12103
0.2088
0.27902
0.31226
0.28445
0.20395
0.108
0.041595
-0.010162
-0.083344
-0.093231
-0.082123
-0.1055
-0.11118
-0.14346
-0.19565
-0.28781
-0.36792
-0.2778
-0.31979
-0.28903
-0.121
0.094086
0.24292
0.3873
0.41135
0.45334
0.40573
0.27213
0.10483
-0.10519
-0.25656
-0.27225
-0.26785
-0.25876
-0.14478
0.050934
0.25269
0.3678
0.40594
0.41898
0.35858
0.23206
0.086151
-0.10141
-0.26517
-0.36401
-0.40244
-0.38898
-0.31668
-0.18277
-0.0067139
0.10986
0.21408
0.2648
0.27557
0.19858
0.079681
-0.048981
-0.16211
-0.24731
-0.28549
-0.27399
-0.21268
-0.10522
0.01001
0.11716
0.1976
0.23373
0.26404
0.25439
0.17596
0.12866
0.0030823
-0.091492
-0.19263
-0.29773
-0.40405
-0.47562
-0.34244
-0.35544
-0.24655
-0.080261
0.1803
0.31546
0.43652
0.48822
0.5481
0.45367
0.36829
0.21741
0.010101
-0.11633
-0.22864
-0.32837
-0.34195
-0.31821
-0.25259
-0.15118
-0.040802
0.07608
0.17767
0.23917
0.25375
0.23981
0.19611
0.13272
0.016724
-0.081665
-0.13141
-0.23047
-0.25015
-0.2019
-0.1489
-0.081421
-0.015686
0.071136
0.1282
0.16214
0.18845
0.1684
0.11972
0.07785
0.011505
-0.050598
-0.10773
-0.14716
-0.14334
-0.1214
-0.08194
-0.02832
0.0045471
0.05542
0.082336
0.061401
0.044983
-0.015961
-0.070374
-0.22549
-0.24338
-0.28912
-0.42706
-0.36969
-0.20276
-0.03653
0.064667
0.24069
0.40958
0.50238
0.50519
0.50735
0.40823
0.32693
0.18491
-0.0039673
-0.11194
-0.17548
-0.27771
-0.31735
-0.28128
-0.20612
-0.15826
-0.11002
-0.036194
0.040253
0.083557
0.10168
0.11032
0.11716
0.093384
0.065247
0.0048218
-0.021271
-0.038879
-0.077148
-0.11035
-0.10056
-0.087677
-0.086365
-0.050385
0.009552
0.034637
0.052948
0.085999
0.10892
0.12045
0.09726
0.06485
0.050659
0.039215
0.032776
0.00012207
-0.020966
-0.022797
-0.033813
-0.085175
-0.14142
-0.22903
-0.26892
-0.24026
-0.34866
-0.31378
-0.22754
-0.10364
-0.069794
0.10391
0.22495
0.31689
0.38327
0.42435
0.40012
0.37875
0.26892
0.20834
0.10168
0.017792
-0.067596
-0.14227
-0.18771
-0.20337
-0.24139
-0.24167
-0.20319
-0.13602
-0.1178
-0.067902
0.0075989
0.053528
0.10233
0.11679
0.17804
0.17892
0.15717
0.12857
0.069305
0.013611
-0.040375
-0.10846
-0.15991
-0.15985
-0.15439
-0.13879
-0.095612
-0.053131
0.02533
0.079071
0.10437
0.12766
0.13068
0.11502
0.089111
0.070709
0.026886
-0.02951
-0.054565
-0.10953
-0.18607
-0.17398
-0.22818
-0.30136
-0.24048
-0.17026
-0.1973
-0.11594
-0.01062
0.048309
0.15338
0.23093
0.29889
0.37305
0.39502
0.39981
0.38504
0.30304
0.22549
0.1286
-0.01004
-0.10471
-0.19312
-0.30252
-0.33597
-0.34647
-0.33453
-0.29349
-0.23328
-0.15323
-0.068634
-0.01004
0.058044
0.117
0.14343
0.17368
0.18027
0.17551
0.19177
0.14999
0.10547
0.076996
0.023438
-0.030884
-0.078583
-0.11261
-0.12119
-0.13565
-0.12567
-0.095612
-0.054138
-0.020844
0.029816
0.066864
0.073914
0.07782
0.066193
0.0067749
-0.03537
-0.07431
-0.15421
-0.17792
-0.18616
-0.18387
-0.15845
-0.082306
-0.051758
0.031952
0.086365
0.151
0.20056
0.22833
0.25076
0.26968
0.23996
0.22635
0.21866
0.15567
0.098633
0.062195
-0.0032959
-0.057037
-0.13849
-0.19629
-0.22247
-0.27167
-0.29889
-0.28632
-0.26218
-0.23181
-0.16235
-0.091675
-0.0090027
0.07489
0.14297
0.2056
0.24115
0.23163
0.23438
0.20554
0.13251
0.083344
0.029358
-0.017761
-0.045135
-0.081757
-0.087677
-0.076904
-0.065948
-0.047058
-0.034973
-0.033844
-0.025848
-0.041565
-0.061768
-0.090393
-0.10406
-0.12854
-0.16367
-0.15665
-0.12869
-0.12344
-0.084839
-0.018311
0.0074158
0.062775
0.11633
0.1658
0.19095
0.2175
0.23236
0.25873
0.2355
0.21515
0.21881
0.17685
0.11896
0.096436
0.045624
-0.029297
-0.076874
-0.11841
-0.1669
-0.21991
-0.24173
-0.24747
-0.2468
-0.24026
-0.20502
-0.16531
-0.12439
-0.074524
-0.011658
0.029816
0.075317
0.1127
0.14679
0.15369
0.15787
0.17032
0.15039
0.12378
0.094696
0.065094
0.027466
-0.0074768
-0.034851
-0.063416
-0.079346
-0.093872
-0.084229
-0.071564
-0.056396
-0.030853
-0.020844
-0.022552
-0.033722
-0.030518
-0.081665
-0.10764
-0.11932
-0.12613
-0.13779
-0.10211
-0.069244
-0.02063
0.019653
0.076965
0.1228
0.16632
0.19336
0.22614
0.23233
0.22302
0.20947
0.19058
0.15588
0.11868
0.076813
0.039948
-0.0087891
-0.043457
-0.078094
-0.11478
-0.13821
-0.14984
-0.16629
-0.17148
-0.17126
-0.17215
-0.15826
-0.14041
-0.11652
-0.089935
-0.058136
-0.017822
0.023926
0.049652
0.082916
0.10684
0.12027
0.11838
0.11176
0.097595
0.080933
0.060059
0.035461
0.022217
0.0086975
-0.0054321
-0.010254
-0.01474
-0.023315
-0.030304
-0.036285
-0.039124
-0.046112
-0.050385
-0.051361
-0.044983
-0.061066
-0.069092
-0.049622
-0.056061
-0.066589
-0.057159
-0.048035
-0.041412
-0.02951
-0.00015259
0.028107
0.050751
0.076599
0.11395
0.13031
0.13028
0.14294
0.14301
0.11914
0.10007
0.075775
0.053284
0.032349
0.015442
-0.00076294
-0.0076904
-0.015869
-0.019073
-0.028687
-0.042999
-0.052429
-0.064026
-0.074951
-0.084045
-0.096863
-0.10046
-0.095154
-0.083496
-0.074738
-0.060181
-0.037048
-0.016144
-0.0042725
0.0098267
0.018158
0.022156
0.024597
0.024841
0.01825
0.012329
0.0082703
0.0038452
0.0056458
0.0040894
0.006958
0.014862
0.024628
0.028931
0.034027
0.040649
0.042664
0.040436
0.039581
0.036377
0.031586
0.02298
0.020905
0.022247
0.011017
0.0071106
0.0014954
-0.0084229
-0.027039
-0.035217
-0.056946
-0.078278
-0.085358
-0.089996
-0.097717
-0.097717
-0.091003
-0.0755
-0.055511
-0.03476
-0.0054321
0.023041
0.054077
0.085327
0.11105
0.1235
0.13443
0.13892
0.13202
0.11734
0.1015
0.081451
0.058441
0.031616
0.011658
-0.0010376
-0.020386
-0.036591
-0.040558
-0.046875
-0.050507
-0.052734
-0.054413
-0.053131
-0.05719
-0.059937
-0.060242
-0.061096
-0.064514
-0.067596
-0.063446
-0.059326
-0.058167
-0.05191
-0.04248
-0.03186
-0.01947
-0.0077515
0.0062866
0.020691
0.034027
0.042206
0.050446
0.056427
0.056702
0.056061
0.05069
0.047058
0.043121
0.040558
0.033691
0.028259
0.026978
0.018463
0.010986
0.0044556
-0.0027466
-0.012482
-0.021759
-0.024689
-0.023804
-0.024536
-0.022797
-0.016144
-0.0083313
0.002594
0.0086365
0.011841
0.012665
0.010681
0.007843
0.0026855
-0.0072327
-0.015533
-0.021362
-0.023926
-0.023865
-0.023682
-0.017456
-0.011108
-0.0034485
0.0040283
0.0076599
0.010651
0.012329
0.012726
0.011047
0.0030212
-0.0024109
-0.0079346
-0.014771
-0.021851
-0.025482
-0.027924
-0.025391
-0.018585
-0.010071
-0.001709
0.011505
0.026062
0.035828
0.046509
0.050232
0.050934
0.051208
0.046997
0.038696
0.029083
0.020355
0.011169
0.0014038
-0.0067444
-0.015381
-0.020355
-0.028168
-0.036285
-0.03894
-0.039429
-0.040924
-0.037445
-0.03186
-0.023682
-0.013885
-0.0063477
0.0021362
0.009552
0.013855
0.012421
0.0094299
0.010162
0.0057678
-0.0029602
-0.0085144
-0.0098267
-0.013763
-0.020111
-0.021332
-0.023529
-0.023163
-0.020538
-0.017365
-0.011078
-0.0020447
0.0037231
0.011047
0.020721
0.026306
0.031097
0.034546
0.037201
0.034363
0.031219
0.028137
0.023438
0.015839
0.0067749
0.00045776
-0.0033264
-0.0054932
-0.0038757
-0.00018311
0.0028076
0.007843
0.013214
0.015564
0.014374
0.0096436
0.0038147
-0.0050964
-0.014374
-0.022156
-0.029816
-0.036163
-0.037567
-0.036591
-0.036682
-0.032135
-0.024261
-0.017639
-0.0099182
-0.0018005
0.0084229
0.016418
0.019897
0.022552
0.025391
0.025604
0.023163
0.019287
0.013489
0.0081482
0.0024109
-0.0022888
-0.0049744
-0.0073853
-0.010468
-0.0086975
-0.0096436
-0.013977
-0.01239
-0.010193
-0.010376
-0.0089722
-0.0071716
-0.0033875
0.0017395
