-0.036133
-0.029877
-0.027283
-0.024628
-0.017517
-0.013275
-0.010742
-0.0052185
-6.1035e-05
0.0015564
0.0046082
0.0065002
0.005127
0.0050659
0.0066833
0.0039978
0.002594
0.004425
0.0020142
0.0033264
0.006897
0.0039368
0.0024719
0.0073242
0.0081177
0.0029297
0.00042725
0.0016479
6.1035e-05
-0.0049133
-0.0075378
-0.0084229
-0.011169
-0.014954
-0.017334
-0.017395
-0.017792
-0.01709
-0.012665
-0.0072937
-0.0046387
-0.0016479
0.0066528
0.014526
0.016571
0.02066
0.026794
0.03067
0.031799
0.030579
0.028564
0.028595
0.025543
0.019226
0.015198
0.012238
0.0059509
0.00082397
-0.00073242
-0.0044556
-0.0097351
-0.010498
-0.011383
-0.013977
-0.010956
-0.0071106
-0.010834
-0.011536
-0.0054321
-0.0041504
-0.0081177
-0.0047607
-0.00079346
-0.0026855
-0.0027161
-0.0024109
-0.0047607
-0.0039978
-0.0041199
-0.0073242
-0.0091553
-0.0079651
-0.0082703
-0.011322
-0.0080566
-0.0032959
-0.0021973
-0.002655
0.002655
0.0084229
0.0070496
0.00079346
0.0005188
-0.0036011
-0.0094299
-0.01236
-0.023071
-0.031708
-0.024902
-0.032837
-0.047058
-0.03598
-0.03302
-0.04837
-0.03299
-0.02417
-0.028168
-0.013885
0.003418
-0.0012817
0.026123
0.053558
0.05484
0.069977
0.097687
0.10144
0.10703
0.12335
0.11288
0.10144
0.099457
0.080597
0.050751
0.034973
0.0083618
-0.026978
-0.042816
-0.05896
-0.086853
-0.097534
-0.099518
-0.10794
-0.10574
-0.090576
-0.088287
-0.075012
-0.049744
-0.03479
-0.024841
-0.0014954
0.011871
0.016968
0.032074
0.038696
0.031647
0.034546
0.034302
0.022064
0.015381
0.012848
-0.0014648
-0.0083313
-0.0095215
-0.01709
-0.022736
-0.019653
-0.020325
-0.019073
-0.012909
-0.0077515
-0.00177
0.0072021
0.011871
0.014343
0.021027
0.026611
0.024994
0.026642
0.027771
0.025116
0.021301
0.018555
0.014709
0.012726
0.010864
0.0052795
0.0022888
0.0007019
-0.0028687
-0.0049438
-0.0048523
-0.0057373
-0.0072632
-0.0070801
-0.0070496
-0.0029907
-0.0033875
-0.00354
0.00042725
0.0041809
0.0010376
0.0018311
0.0050354
0.0032959
0.003418
0.0021057
0.003418
0.0022583
0.0027771
-0.0021667
-0.0014038
0.00024414
-0.0064392
-0.0013123
-0.0039978
-0.011719
-0.016632
-0.00030518
-0.014709
-0.031464
-0.022125
-0.034393
-0.045929
-0.041504
-0.042694
-0.094727
-0.071259
-0.059113
-0.085968
-0.062073
-0.044952
-0.057556
-0.025177
0.063629
0.029755
0.070465
0.1337
0.14685
0.15488
0.22421
0.20264
0.16022
0.19995
0.17862
0.10486
0.09491
0.055481
-0.026581
-0.05661
-0.060516
-0.14633
-0.17328
-0.16498
-0.19019
-0.19803
-0.15762
-0.1553
-0.15585
-0.094482
-0.060211
-0.050659
-0.0036621
0.029938
0.035797
0.064117
0.097351
0.079651
0.075836
0.087769
0.070557
0.049988
0.044861
0.025055
-0.0068359
-0.0079041
-0.020386
-0.041016
-0.048798
-0.049072
-0.059265
-0.057709
-0.039062
-0.03717
-0.031525
-0.014282
0.0059509
0.01355
0.035431
0.051056
0.054443
0.065582
0.0784
0.076813
0.070679
0.072021
0.06073
0.049225
0.043671
0.031128
0.010193
0.0031433
-0.0034485
-0.020782
-0.025665
-0.032043
-0.039368
-0.036255
-0.037445
-0.034882
-0.037567
-0.032715
-0.031769
-0.025696
-0.031555
-0.025818
-0.018921
-0.034393
-0.038513
-0.03949
-0.055725
-0.067108
-0.060638
-0.10947
-0.11426
-0.095795
-0.11124
-0.10446
-0.076172
-0.07016
-0.043793
0.053925
0.062805
0.10489
0.172
0.21603
0.23257
0.29608
0.29538
0.25217
0.26883
0.2485
0.17395
0.12888
0.077087
-0.014862
-0.072479
-0.091492
-0.17703
-0.22263
-0.22488
-0.24124
-0.24857
-0.21533
-0.19824
-0.1897
-0.12802
-0.076721
-0.050964
-0.0079956
0.02948
0.05011
0.075745
0.10666
0.10031
0.090912
0.090485
0.076599
0.058868
0.040771
0.018524
-0.01651
-0.030945
-0.043579
-0.064331
-0.082642
-0.082611
-0.082855
-0.077698
-0.061584
-0.043854
-0.027588
0.0033569
0.035278
0.058655
0.080872
0.10269
0.11707
0.1282
0.13553
0.12488
0.112
0.098053
0.079193
0.050354
0.020569
-0.0067139
-0.036652
-0.058044
-0.072144
-0.090546
-0.094116
-0.095825
-0.090271
-0.088379
-0.063141
-0.055206
-0.045868
-0.027344
-0.03067
-0.032288
-0.028778
-0.028168
-0.057556
-0.085236
-0.0802
-0.09137
-0.10114
-0.0896
-0.087585
-0.091034
-0.041809
0.031281
0.029968
0.092285
0.15363
0.19214
0.23242
0.29807
0.29111
0.26639
0.29367
0.26547
0.2063
0.16574
0.10583
0.018921
-0.035217
-0.064392
-0.151
-0.20197
-0.21896
-0.24298
-0.25653
-0.24097
-0.22922
-0.22781
-0.17929
-0.13165
-0.10254
-0.065399
-0.024231
0.0075684
0.03772
0.078888
0.091248
0.09198
0.10056
0.10364
0.097046
0.08075
0.063599
0.031982
0.0072937
-0.0073547
-0.024384
-0.04892
-0.064697
-0.066406
-0.070007
-0.063782
-0.039032
-0.026703
-0.011963
0.028717
0.06131
0.076935
0.11139
0.13565
0.13739
0.15167
0.15771
0.12933
0.10339
0.09198
0.048004
0.0088501
-0.021179
-0.058411
-0.097931
-0.12393
-0.12408
-0.16019
-0.16656
-0.14142
-0.15939
-0.15695
-0.12912
-0.11948
-0.12112
-0.082916
-0.1033
-0.10605
-0.069733
-0.06485
-0.063049
-0.041168
-0.018585
-0.0093384
0.079712
0.10538
0.13217
0.19308
0.25009
0.2753
0.31845
0.35135
0.31168
0.31351
0.30777
0.24323
0.18423
0.13354
0.052185
-0.031799
-0.072876
-0.14328
-0.21692
-0.24738
-0.27341
-0.29575
-0.29776
-0.27774
-0.27301
-0.24371
-0.19556
-0.15765
-0.11829
-0.07373
-0.029694
0.0064392
0.048401
0.084442
0.099243
0.11209
0.12283
0.13019
0.12155
0.10944
0.086517
0.059357
0.038025
0.01712
-0.0094604
-0.038757
-0.050568
-0.058319
-0.057922
-0.050415
-0.038666
-0.024536
-0.00354
0.03244
0.059052
0.096832
0.10193
0.068512
0.15823
0.20761
0.13077
0.081207
0.14365
0.12582
0.05191
0.0011597
-0.045441
-0.059631
-0.077728
-0.13202
-0.18292
-0.20166
-0.22922
-0.27893
-0.2674
-0.23233
-0.38235
-0.41296
-0.28711
-0.19846
-0.22427
-0.1575
-0.025024
0.14407
0.38956
0.45309
0.48517
0.56787
0.70834
0.66257
0.53259
0.38077
0.20859
0.080017
-0.024323
-0.21774
-0.40277
-0.45908
-0.39474
-0.35941
-0.29654
-0.22253
-0.11713
0.057648
0.21692
0.23993
0.19547
0.20453
0.20703
0.12885
0.0083923
-0.13376
-0.23343
-0.2504
-0.25217
-0.30939
-0.31467
-0.22241
-0.10812
-0.0097961
0.055054
0.087952
0.12024
0.1741
0.17166
0.062469
-0.024017
-0.049805
-0.065063
-0.10794
-0.12552
-0.094604
-0.030823
0.06543
0.11496
0.15622
0.20596
0.24707
0.25934
0.25067
0.22278
0.15607
0.11768
0.066559
0.039886
-0.019226
-0.087128
-0.08783
-0.073883
-0.17044
-0.28928
-0.32504
-0.35132
-0.39877
-0.45789
-0.71561
-0.56415
-0.27841
-0.10464
-0.17358
0.10873
0.45697
0.68158
0.83936
0.70993
0.63293
0.64264
0.58987
0.1936
-0.16177
-0.28363
-0.3465
-0.35709
-0.35016
-0.39172
-0.2431
0.07132
0.29581
0.27121
0.2598
0.29147
0.29184
0.20425
-0.032623
-0.28906
-0.37848
-0.34613
-0.36523
-0.42117
-0.3493
-0.15463
0.076263
0.19916
0.20795
0.22067
0.27969
0.25598
0.10193
-0.094177
-0.22852
-0.26349
-0.30411
-0.38919
-0.36813
-0.20798
-0.024353
0.10931
0.25485
0.3649
0.43741
0.45688
0.38449
0.26129
0.13611
0.011871
-0.090424
-0.125
-0.14554
-0.16562
-0.059326
0.022797
0.029663
0.053528
0.15833
0.10468
-0.086578
-0.23538
-0.38358
-0.45554
-0.6488
-0.98563
-0.82895
-0.43018
-0.21704
-0.20578
0.20261
0.67529
0.94452
0.99997
0.94766
0.78836
0.73801
0.5441
0.014954
-0.38263
-0.49704
-0.54099
-0.51193
-0.36508
-0.28174
-0.0097656
0.35031
0.547
0.49384
0.41241
0.3064
0.14102
-0.075745
-0.3573
-0.62497
-0.64163
-0.53824
-0.45099
-0.32181
-0.108
0.16409
0.38855
0.48276
0.40796
0.30164
0.21204
0.0090027
-0.2616
-0.47342
-0.57913
-0.57095
-0.47812
-0.34927
-0.16367
0.1459
0.39883
0.52988
0.58649
0.60477
0.522
0.38681
0.22104
0.0028992
-0.11368
-0.11493
-0.12646
-0.15723
-0.074554
0.04657
0.10022
0.13412
0.13196
0.057373
-0.12183
-0.30643
-0.57498
-0.68106
-0.97198
-1
-0.81552
-0.54147
-0.3063
-0.11322
0.51572
0.83911
0.99997
0.99997
0.98761
0.87164
0.70526
0.2648
-0.18301
-0.45969
-0.52969
-0.55225
-0.3761
-0.21558
-0.038666
0.35895
0.61856
0.63388
0.53928
0.38123
0.17001
-0.08255
-0.36359
-0.67026
-0.82831
-0.69455
-0.5502
-0.36243
-0.12656
0.14532
0.42947
0.59509
0.56012
0.37878
0.19312
0.01413
-0.28693
-0.54962
-0.74835
-0.74579
-0.56299
-0.38876
-0.19995
0.085968
0.4523
0.62946
0.65689
0.62579
0.53299
0.41736
0.21979
-0.008728
-0.093231
-0.064758
-0.05661
-0.083923
0.0046997
0.070831
0.17206
0.22446
0.10477
-0.13803
-0.33679
-0.43475
-0.64319
-1
-1
-0.79443
-0.48776
-0.37253
-0.071838
0.47989
0.85266
0.99997
0.99997
0.83322
0.76761
0.52335
0.076538
-0.34167
-0.59442
-0.60556
-0.48758
-0.21799
-0.15549
0.10815
0.55084
0.76956
0.71387
0.52432
0.30832
0.11935
-0.12805
-0.44061
-0.77722
-0.79184
-0.56351
-0.40887
-0.22498
-0.012543
0.27734
0.54837
0.63608
0.51028
0.26593
0.10165
-0.098633
-0.41205
-0.66147
-0.76746
-0.66113
-0.47946
-0.2735
-0.032715
0.2326
0.4823
0.59827
0.57321
0.48434
0.37134
0.23959
0.06958
-0.032196
-0.072693
-0.071869
-0.04248
-0.0094299
0.068512
0.15448
0.1933
0.052643
-0.18439
-0.42889
-0.47342
-0.88989
-1
-0.89227
-0.67117
-0.43536
-0.18414
0.38257
0.69122
0.99997
0.99997
0.92978
0.86026
0.68427
0.18277
-0.26642
-0.55978
-0.66403
-0.70209
-0.45374
-0.25653
-0.023224
0.45511
0.76874
0.75931
0.69577
0.51379
0.26495
-0.052399
-0.35718
-0.71255
-0.8869
-0.72726
-0.55429
-0.3967
-0.10263
0.21353
0.52191
0.66626
0.63538
0.43301
0.2236
0.025391
-0.34415
-0.64697
-0.79581
-0.741
-0.52756
-0.25052
-0.013245
0.23932
0.54074
0.69809
0.61758
0.46622
0.32645
0.16589
0.039948
-0.051758
-0.14038
-0.14474
-0.11011
-0.006134
0.099335
0.12952
0.07608
-0.2034
-0.32281
-0.47812
-1
-1
-0.87305
-0.6185
-0.51477
-0.067871
0.48846
0.80219
0.99997
0.99997
0.98108
0.9314
0.62222
0.063721
-0.41641
-0.59125
-0.70956
-0.74365
-0.46326
-0.2662
0.04776
0.55029
0.79749
0.78357
0.6676
0.48248
0.18265
-0.177
-0.49149
-0.85696
-0.93091
-0.72525
-0.54355
-0.32364
-0.0062561
0.36078
0.64355
0.72876
0.6445
0.35156
0.15189
-0.095215
-0.42313
-0.65945
-0.77386
-0.63733
-0.36179
-0.0495
0.15613
0.37848
0.66455
0.72446
0.62042
0.41702
0.22476
0.10294
0.023529
-0.070587
-0.28748
-0.30557
-0.10526
0.024048
-0.10468
-0.35129
-0.39429
-0.57986
-0.82819
-0.78763
-0.81616
-0.69803
-0.46402
0.057068
0.39359
0.73486
0.99997
0.99997
0.99997
0.99997
0.57925
0.095795
-0.22958
-0.41354
-0.64124
-0.61835
-0.42722
-0.23813
0.16241
0.52243
0.68799
0.73074
0.66705
0.48291
0.16095
-0.14578
-0.50696
-0.82712
-0.90848
-0.81393
-0.61203
-0.35938
-0.082947
0.2171
0.46765
0.58417
0.51822
0.27814
0.054443
-0.13943
-0.314
-0.48422
-0.49762
-0.34134
-0.11649
0.10196
0.25699
0.38635
0.51178
0.5491
0.45111
0.30753
0.2211
0.13049
0.020386
-0.037811
-0.1268
-0.20053
-0.13879
-0.31256
-0.44379
-0.72723
-0.93164
-0.7771
-0.69839
-0.55478
-0.56186
0.026337
0.45862
0.7377
0.91428
0.81927
0.90002
0.83823
0.59637
0.12085
-0.29272
-0.40964
-0.58273
-0.53452
-0.45322
-0.33725
-0.035004
0.37469
0.6777
0.70102
0.63608
0.59027
0.46848
0.26749
-0.097168
-0.43933
-0.57568
-0.56842
-0.51511
-0.48764
-0.37762
-0.16486
0.074921
0.2348
0.19614
0.1344
0.079285
0.069519
-0.041016
-0.20593
-0.28186
-0.22607
-0.1142
-0.082916
-0.028168
0.063293
0.2049
0.32703
0.35468
0.37247
0.35907
0.31741
0.25223
0.12405
-0.035492
-0.13885
-0.53983
-1
-1
-0.77359
-0.68106
-0.83911
-0.40717
0.22202
0.7485
0.99997
0.96442
0.86798
0.99335
0.95529
0.40634
-0.14053
-0.34747
-0.61005
-0.56116
-0.45392
-0.45908
-0.31546
0.11292
0.51895
0.49188
0.43384
0.3165
0.18484
0.14886
0.019623
-0.23004
-0.44199
-0.35355
-0.22238
-0.1972
-0.16177
-0.079712
0.087006
0.20697
0.26068
0.15186
0.093231
0.10687
0.086243
-0.011017
-0.10294
-0.11136
-0.090424
-0.026947
-0.034363
-0.10336
-0.090302
-0.0097656
0.04541
-0.019806
-0.037018
0.0069275
0.041718
0.07019
-0.023956
-0.6442
-0.9624
-0.72803
-0.5321
-0.69687
-0.6832
-0.19501
0.18365
0.7587
0.91415
0.82513
0.88556
0.99997
0.96439
0.52145
0.27579
0.02063
-0.099854
-0.082123
-0.2428
-0.41061
-0.35022
-0.088623
-0.061859
-0.10156
-0.13562
-0.15555
-0.08075
-0.028076
-0.057648
-0.14886
-0.12997
-0.042297
-0.017639
-0.01593
-0.061493
-0.02951
0.026154
0.11365
0.13712
0.088043
0.086426
0.096619
0.070587
-0.00045776
-0.04248
-0.061768
-0.099701
-0.096039
-0.07663
-0.070892
-0.056641
-0.041443
-0.059296
-0.058624
-0.015106
-0.022461
-0.043762
0.0073547
-0.051971
-0.22604
-0.28146
-0.24176
-0.26401
-0.3064
-0.2218
-0.14658
-0.03418
0.10583
0.22406
0.29443
0.36191
0.38943
0.3248
0.31332
0.30029
0.23895
0.20306
0.17654
0.12482
0.091736
0.11508
0.10251
0.047699
-0.0087891
-0.083618
-0.14429
-0.17636
-0.22189
-0.24506
-0.21759
-0.17542
-0.1427
-0.060822
0.011841
0.027802
0.044617
0.069946
0.072144
0.051758
0.038116
-0.0013428
-0.011536
-0.048279
-0.062469
-0.072723
-0.078644
-0.070435
-0.062897
-0.019409
0.0082092
0.0093384
0.00054932
-0.0047913
-0.024292
-0.042969
-0.02597
-0.062561
-0.09848
-0.049194
-0.044495
-0.069336
-0.028564
0.03891
0.0014343
0.015686
0.048126
0.050995
0.073883
0.048248
0.034943
0.045746
0.025604
-0.0010681
-0.015137
0.0018616
0.026764
0.038849
0.040741
0.070129
0.075226
0.079712
0.087616
0.065125
0.074127
0.035919
0.033905
0.055328
0.029541
0.0072021
-0.012482
-0.017365
-0.023743
-0.045898
-0.049713
-0.078064
-0.073425
-0.04303
-0.035065
-0.013031
-0.022003
0.027466
0.040039
0.055511
0.025574
0.0067139
-0.016357
-0.070831
-0.045166
-0.056427
-0.0802
-0.057159
-0.051086
0.0012207
0.043304
0.015137
-0.018951
0.026367
0.027344
-0.024078
-0.084015
-0.020752
0.0038452
0.0030212
-0.045746
0.0088196
0.0495
0.0094299
0.073395
0.024536
0.011566
0.025787
0.026642
-0.027527
-0.034088
-0.0012207
-0.062927
-0.063995
-0.10028
0.0013733
0.016052
0.038574
-0.010651
0.059601
0.083313
0.046753
0.087372
0.037476
0.019196
0.094604
0.045929
-0.069153
0.0012512
0.0005188
0.0042114
-0.014465
-0.042084
-0.0096436
-0.028503
0.0068054
-0.035858
-0.05307
-0.056061
-0.023743
-0.047974
-0.011353
-0.013824
-0.020172
-0.026062
0.036591
0.024933
0.037659
-0.00082397
0.025085
0.057281
0.011841
0.032867
-0.0021057
-0.0026245
0.014557
0.045227
0.0061646
-0.037598
0.056427
0.033813
0.016083
0.066345
0.0289
0.024261
-0.01767
0.064392
-0.036896
-0.023804
0.00054932
-0.032166
-0.054688
-0.027191
-0.049408
-0.080353
-0.031342
-0.026276
-0.030884
-0.02774
-0.032806
-0.01123
-0.025024
-0.017761
-0.010254
-0.015656
0.015015
0.010773
-0.0089417
0.023682
0.014313
0.015289
0.0049438
-0.024811
0.01474
0.032806
0.030182
-0.018646
0.014526
-0.012543
0.009491
0.015076
-0.028961
0.014862
-0.0050049
0.0052795
-0.00064087
-0.0019836
0.026794
0.026947
0.033081
0.014771
0.049927
0.015198
0.024048
0.019165
0.013062
0.0083313
-0.027557
-0.0084839
-0.010956
-0.031281
-0.04007
-0.019806
-0.016937
-0.012878
0.006012
0.031586
0.004303
0.035828
0.061035
0.00067139
0.042084
0.025177
-0.020721
0.016937
-0.0090027
-0.039246
-0.01416
0.016724
-0.00018311
-0.032227
0.0012207
0.0075073
0.0075378
-0.023834
-0.030212
-0.025879
-0.015442
-0.027161
-0.045563
-0.019501
-0.02243
-0.025482
-0.029694
-0.0032959
-0.0061035
-0.0058594
-0.0028687
-0.037476
-0.016327
0.011627
0.011627
0.0050659
0.02063
0.029663
0.020325
0.032379
0.036713
0.032196
0.032654
0.034515
0.022461
0.031158
0.018372
-0.0036316
0.0012512
-0.0066223
-0.0036926
-0.023804
-0.032257
-0.028778
0.0044556
-0.03009
-0.037354
-0.011169
-0.014435
0.028442
0.014099
-0.020325
0.015656
0.0092468
-0.018341
-0.0031738
0.0083313
-0.016846
-0.0097046
0.017639
0.010864
0.0065918
0.016602
0.04071
0.032776
0.024811
0.057526
-0.0030823
0.015686
0.045319
0.0097351
-0.01004
0.014496
-0.017303
-0.042114
-0.012817
-0.042175
-0.054749
-0.029388
0.0022583
-0.05423
-0.042603
-0.0067444
-0.0062866
-0.0013733
-0.0043335
-0.0099792
0.018555
0.010223
-0.025635
0.010956
-0.0071411
-0.0040588
-0.010834
0.016693
0.011902
0.0042114
0.029968
-0.016205
0.0033569
0.0030518
-0.0031433
-0.0042725
0.0032349
-6.1035e-05
-0.012939
0.0085449
-0.01062
-0.006134
0.036102
0.020813
-0.0037842
-0.0028381
0.029633
0.015656
0.0023499
0.0012817
0.0058594
0.016357
0.012146
-0.0011292
0.00082397
0.034637
-0.015686
-0.027832
0.01004
-0.0047913
0.00067139
0.028412
0.0068665
0.014709
0.038666
0.0085144
0.006958
0.018951
-0.0055542
-0.027374
-0.018311
-0.043182
-0.026978
-0.027985
-0.036499
-0.032043
-0.0054626
-0.0024719
-0.007019
0.037842
0.0068054
0.010406
0.012238
-0.019623
0.0091248
-0.015991
-0.0063477
-0.015381
-0.00088501
-0.0038757
-0.027679
0.00036621
-0.0050049
-0.011292
-0.0064087
-0.0011292
-0.00079346
0.0031738
-0.010681
0.0039673
0.010956
-0.0087891
0.018951
-0.018433
0.0097656
0.05011
0.0065308
0.008606
0.034729
-0.012848
-0.007782
0.0040283
-0.0069885
0.0072937
0.016937
0.006958
-0.014465
0.028931
0.0075684
-0.0018616
0.031555
0.041809
0.0083008
0.013367
0.023529
-0.0032654
0.019806
0.0096436
-0.014435
-0.0023804
-0.012787
-0.041626
-0.030945
-0.0097656
-0.041809
-0.028992
-0.028198
-0.0048523
0.0032349
-0.016785
-0.017456
-0.0010681
0.0021057
-0.007843
0.0057068
-0.0013428
0.015808
0.010925
-0.00048828
0.0061646
0.0053101
-0.0051575
-0.017975
0.014862
0.0021362
-0.014343
-0.0015564
-0.013306
0.035095
0.037415
-0.021118
0.0049438
0.015442
-0.0058289
0.010132
-0.0080261
-0.022369
0.014557
0.00042725
-0.047729
-0.017181
0.0092468
-0.014099
0.022125
0.011078
-0.012787
0.035187
0.038422
0.015991
0.0097656
0.012146
0.0046692
0.00094604
0.017059
-0.0016785
-0.01236
-0.0013123
-0.0043335
0.0043945
-0.0042725
-0.022583
0.0074158
0.011841
-0.007019
-0.041687
-0.034424
0.011749
-0.01059
-0.0011292
-0.020416
-0.011749
0.021973
0.0017395
0.0029602
0.014374
0.013153
0.022919
0.0021057
-0.0015564
9.1553e-05
-0.0082703
-0.016541
-0.010406
-0.014191
-0.0058899
-0.02124
0.0067444
0.026428
-0.0083313
0.0033264
0.017975
0.030792
-0.0040588
-0.0082397
-0.00024414
0.0083923
0.0098267
-0.025269
0.012878
0.014984
-0.012665
-3.0518e-05
0.0071716
-0.0013428
0.0159
-0.022125
-0.022003
0.007019
-0.021759
-0.004303
-0.013824
-0.0177
0.013245
0.026398
0.0086365
0.016022
0.012268
-0.0010681
0.010498
-0.0027161
0.0019226
-0.0039368
-0.0089417
0.0079346
-0.010254
-0.044312
-0.0077515
0.01947
-0.015228
0.032166
-0.0064392
0.0018005
0.0354
0.0021362
0.0092773
-0.0031738
-0.015381
-0.0049744
0.0090332
-0.012451
