6.1035e-05
-9.1553e-05
-0.00015259
-6.1035e-05
0.00018311
0.00082397
0.0005188
-0.0013733
-0.0011292
0.00021362
-0.00042725
-0.00018311
-0.00024414
-0.00076294
-0.0011292
-0.00039673
0.00057983
0.00024414
-0.00039673
-0.00042725
0.00048828
0.00039673
0.00012207
-0.00036621
-0.0010071
-0.00033569
-0.00018311
-0.00039673
-9.1553e-05
0.00021362
-0.00039673
-0.0007019
0
3.0518e-05
-0.00067139
-0.00018311
0.0010376
0.0013733
0.0015259
0.0021057
0.0024414
0.0016174
0.0013428
0.0020447
0.0015259
0.0005188
-0.00048828
-0.00073242
-0.0023804
-0.0035095
-0.0029297
-0.0036926
-0.006012
-0.0057678
-0.0044861
-0.0045471
-0.0043945
-0.0027466
-0.0026245
-0.00012207
0.0031433
0.0059814
0.0076294
0.010834
0.013885
0.016296
0.017059
0.015808
0.015137
0.013824
0.01062
0.0071411
0.0028381
-0.0037231
-0.0098572
-0.014648
-0.02002
-0.024231
-0.02652
-0.025665
-0.026306
-0.024689
-0.02298
-0.015503
-0.011475
-0.0038452
0.0033569
0.011444
0.016083
0.02182
0.026031
0.027588
0.027252
0.022675
0.014008
9.1553e-05
-0.0098572
-0.022614
-0.031189
-0.042755
-0.050659
-0.053253
-0.049866
-0.045288
-0.036499
-0.021881
-0.0047913
0.017914
0.040314
0.06073
0.076843
0.09314
0.10388
0.10889
0.10654
0.096771
0.082062
0.062958
0.039307
0.0097961
-0.017395
-0.043549
-0.06543
-0.082794
-0.096069
-0.10361
-0.10419
-0.097473
-0.086426
-0.071167
-0.053528
-0.034149
-0.014679
0.0034485
0.017731
0.029297
0.038544
0.043762
0.044891
0.042786
0.036682
0.029419
0.022003
0.013306
0.0034485
-0.0046997
-0.011536
-0.016724
-0.020599
-0.023224
-0.022736
-0.020264
-0.016479
-0.011444
-0.0053711
-0.0014954
0.0034485
0.011322
0.016357
0.018311
0.018616
0.019958
0.019409
0.018951
0.012787
0.0093994
0.0069885
0.0072937
0.0061035
0.0033569
0.0012817
0.0031128
0.0094604
0.012268
0.010559
0.0097351
0.013733
0.016388
0.014526
0.0079956
0.0011902
9.1553e-05
-0.0064697
-0.0098572
-0.023132
-0.02771
-0.016571
-0.010895
-0.026703
-0.02356
-0.011353
-0.0085144
0.00033569
-0.0073242
-0.073761
-0.036163
-0.015442
-0.047882
-0.069275
-0.079407
-0.077209
-0.051453
-0.017975
-0.060211
-0.037811
0.0038147
0.052063
0.071533
0.091766
0.098206
0.12186
0.18802
0.17853
0.15369
0.13089
0.13824
0.11276
0.085815
0.030914
-0.036652
-0.04837
-0.063812
-0.091553
-0.14191
-0.14441
-0.14688
-0.12619
-0.104
-0.11249
-0.097839
-0.061951
-0.018433
-0.013489
0.0019531
0.01297
0.02652
0.050629
0.054443
0.03949
0.030548
0.047333
0.040314
0.031219
0.016632
-0.0007019
-0.0016479
0.0033875
-0.0080261
-0.030304
-0.026001
-0.023071
-0.01712
-0.013947
-0.016785
-0.016937
-0.004364
0.016022
0.012878
0.012634
0.017975
0.025482
0.03183
0.035156
0.025421
0.015625
0.020874
0.016266
0.0080566
-0.0043945
-0.014709
-0.01886
-0.018585
-0.02179
-0.030457
-0.038208
-0.035492
-0.022736
-0.020264
-0.016052
-0.01474
-0.009613
0.013519
0.026062
0.024628
0.030121
0.046539
0.053467
0.061279
0.059692
0.051117
0.051971
0.05188
0.039764
0.022308
0.0076599
-0.0095825
-0.017883
-0.026733
-0.04541
-0.059143
-0.051849
-0.041046
-0.048462
-0.053253
-0.045532
-0.030396
-0.015045
-0.0086365
-0.062378
-0.056793
-0.010254
-0.026794
-0.048706
-0.069244
-0.068787
-0.056335
-0.018677
-0.042786
-0.063354
-0.024323
0.017853
0.049774
0.06369
0.079803
0.085938
0.14423
0.18292
0.16544
0.14136
0.14062
0.1445
0.1199
0.093658
0.026581
-0.013
-0.017578
-0.037292
-0.085419
-0.11682
-0.11911
-0.12579
-0.10672
-0.1087
-0.11874
-0.10843
-0.074219
-0.049805
-0.044159
-0.029694
-0.024506
-0.00097656
0.023224
0.032471
0.023895
0.028748
0.048126
0.049957
0.050415
0.037384
0.027435
0.027863
0.033844
0.019135
-0.0034485
-0.005249
-0.0075073
-0.0085449
-0.013092
-0.021881
-0.029205
-0.019165
-0.0079651
-0.010956
-0.013794
-0.012024
-0.0014343
0.0049438
0.0083313
0.0056458
0.00354
0.01123
0.01889
0.0112
0.010315
0.017334
0.021484
0.027893
0.028992
0.018402
0.021698
0.029053
0.026031
0.018005
0.013153
0.0054932
0.0062866
0.0056458
-0.0081177
-0.018585
-0.018433
-0.022552
-0.02829
-0.027985
-0.033752
-0.028992
-0.016876
-0.018188
-0.020905
-0.010986
0.00015259
-0.0011597
0.0031738
-0.019714
-0.026215
-0.006073
-0.015198
-0.034241
-0.047668
-0.052399
-0.054382
-0.038666
-0.046631
-0.062714
-0.04599
-0.017273
0.0086365
0.021606
0.0448
0.063568
0.094391
0.13037
0.1369
0.12607
0.12454
0.12851
0.10806
0.088959
0.062286
0.027405
0.0083923
-0.0022278
-0.024109
-0.051941
-0.058807
-0.064911
-0.06897
-0.065826
-0.071594
-0.07901
-0.070984
-0.055664
-0.05719
-0.058899
-0.054443
-0.048553
-0.038605
-0.028107
-0.026337
-0.026581
-0.013519
-0.0027771
0.0029297
0.0093994
0.014038
0.017273
0.02243
0.029663
0.027039
0.02124
0.025177
0.026947
0.019379
0.018707
0.01416
0.007019
0.0079651
0.011444
0.0080261
-0.006958
-0.00094604
0.0060425
0.0018616
0.0066528
0.014008
0.006897
0.011292
0.017761
0.0062561
0.02652
-0.047699
-0.031097
0.068573
0.043945
0.068634
0.086823
0.10553
0.10364
0.040771
-0.017487
0.0076904
-0.0080261
-0.062775
-0.069092
-0.083679
-0.07962
-0.071869
-0.077881
-0.1282
-0.23825
-0.14133
-0.050385
-0.15457
-0.18375
-0.12195
-0.091003
0.0038147
0.0896
0.014435
0.064972
0.27432
0.32559
0.2269
0.22894
0.23251
0.19818
0.22473
0.10907
-0.080841
-0.061462
0.0071106
-0.11041
-0.19537
-0.16333
-0.1506
-0.061096
0.0041809
-0.07132
-0.059814
0.087891
0.10077
0.0092163
-0.0036316
-0.023682
-0.024231
0.0023193
-0.072113
-0.1546
-0.077332
-0.0036926
-0.048096
-0.049622
-0.012268
0.021851
0.065582
0.046448
-0.0052795
0.01355
0.04541
0.0031128
-0.060364
-0.072937
0.017548
0.049042
0.017761
0.045837
0.10995
0.11868
0.10236
0.053223
0.024689
0.039459
0.012695
-0.037933
-0.034424
-0.0055237
0.024231
0.049927
0.01416
0.01355
0.081726
0.089142
0.033417
-0.015991
-0.057098
-0.05835
-0.2377
-0.72433
-0.57495
-0.23532
-0.42603
-0.41214
-0.12021
0.055634
0.3483
0.56821
0.34561
0.40747
0.71805
0.55573
0.18872
0.063202
-0.048309
-0.14703
-0.11179
-0.29221
-0.31906
0.0045776
0.17883
0.14355
0.18466
0.25977
0.22937
0.2352
0.057465
-0.19165
-0.21643
-0.19388
-0.33157
-0.40482
-0.31024
-0.21219
-0.044708
0.064178
0.05011
0.12561
0.23495
0.16486
0.030029
-0.022461
-0.10626
-0.16782
-0.21909
-0.26828
-0.12619
0.019958
0.051575
0.1329
0.26291
0.25546
0.23419
0.16891
0.072693
0.035492
0.0072937
-0.057678
-0.061157
0.00067139
0.024841
0.060089
0.083344
0.11646
0.12277
0.080597
0.041443
-0.052155
-0.12057
-0.26184
-0.82553
-0.80814
-0.30469
-0.45898
-0.51672
-0.064087
0.25003
0.39572
0.68646
0.53085
0.41006
0.66818
0.54379
0.056061
-0.12576
-0.13156
-0.28842
-0.26126
-0.22314
-0.24146
0.04422
0.37668
0.3512
0.27374
0.37265
0.27069
0.089935
-0.05835
-0.30704
-0.42496
-0.34561
-0.36108
-0.41751
-0.22577
-0.014984
0.10779
0.23184
0.25076
0.21381
0.20413
0.15009
-0.071472
-0.21866
-0.21356
-0.34152
-0.32794
-0.11734
-0.027557
0.029938
0.23965
0.29037
0.26193
0.27969
0.14062
0.039368
0.026154
-0.051514
-0.11356
-0.019928
0.01123
0.02417
0.11636
0.15298
0.10916
0.14246
0.14932
0.032043
-0.10687
-0.14325
-0.28265
-0.91595
-0.939
-0.35303
-0.4838
-0.55365
-0.052582
0.24222
0.41742
0.74139
0.55273
0.3894
0.67038
0.51358
-0.0075073
-0.15308
-0.15637
-0.30731
-0.24118
-0.15097
-0.12595
0.1958
0.49646
0.44827
0.37119
0.42499
0.26996
0.031219
-0.15286
-0.38669
-0.45813
-0.37643
-0.39044
-0.37946
-0.1387
0.069946
0.15759
0.24152
0.20636
0.16623
0.12506
-0.028412
-0.19601
-0.34668
-0.36914
-0.22751
-0.15555
-0.12198
0.082153
0.24969
0.25388
0.27103
0.20956
0.13248
0.061859
-0.058716
-0.11475
-0.058472
-0.024902
-0.0040283
0.087219
0.16263
0.16565
0.18716
0.21915
0.15308
0.040588
-0.13232
-0.14157
-0.54333
-1
-0.61026
-0.27835
-0.64444
-0.35367
0.24707
0.38687
0.58923
0.74344
0.46033
0.52036
0.63135
0.18735
-0.23862
-0.21866
-0.26245
-0.39746
-0.24243
-0.1344
0.027283
0.40582
0.54419
0.39053
0.37595
0.38016
0.090363
-0.13965
-0.30249
-0.47281
-0.4184
-0.32932
-0.34305
-0.20303
0.076782
0.1723
0.20819
0.26486
0.19778
0.12466
0.0088501
-0.23886
-0.30688
-0.17267
-0.20276
-0.21991
0.0064087
0.13293
0.16113
0.21313
0.16599
0.13184
0.11884
-0.019318
-0.11362
-0.046326
-0.023987
-0.035919
0.063629
0.11578
0.11893
0.1839
0.2348
0.1987
0.058258
-0.14066
-0.10587
-0.55817
-1
-0.63647
-0.28445
-0.70349
-0.32715
0.27884
0.37167
0.66141
0.82202
0.4324
0.52554
0.71262
0.16913
-0.27866
-0.21652
-0.28201
-0.41843
-0.21664
-0.11142
0.038086
0.45886
0.59247
0.40561
0.37335
0.36884
0.052399
-0.20804
-0.35306
-0.51886
-0.45786
-0.34201
-0.31647
-0.17053
0.1022
0.21179
0.2106
0.24683
0.16803
0.04776
-0.12729
-0.20352
-0.22226
-0.22748
-0.16211
-0.04071
0.063416
0.1416
0.20496
0.1944
0.17203
0.11972
0.029633
-0.034943
-0.03714
-0.02832
-0.0012512
0.025879
0.12686
0.14456
0.14832
0.20416
0.23352
0.028503
-0.164
-0.09903
-0.79785
-1
-0.47479
-0.39865
-0.84216
-0.22134
0.40015
0.39993
0.71823
0.82935
0.44495
0.63776
0.69052
0.016846
-0.36417
-0.19565
-0.31519
-0.46368
-0.18686
-0.058197
0.14496
0.58344
0.63495
0.39566
0.42065
0.37323
-0.034943
-0.27136
-0.38864
-0.52039
-0.43405
-0.35651
-0.33008
-0.1127
0.1825
0.2305
0.20276
0.18979
0.060028
0.045929
-0.073853
-0.25287
-0.25162
-0.13574
-0.14398
-0.085663
0.046234
0.099274
0.16199
0.17688
0.11856
0.098816
0.099152
0.024841
-0.0031433
0.020172
0.061584
0.095093
0.082916
0.14816
0.22607
0.15018
-0.09256
-0.012177
-0.52982
-1
-0.54224
-0.30014
-0.8826
-0.42307
0.31213
0.36353
0.59912
0.83102
0.44507
0.59659
0.78464
0.16409
-0.33469
-0.20267
-0.27121
-0.51761
-0.29703
-0.14987
0.009491
0.47174
0.62668
0.42728
0.42859
0.48703
0.11661
-0.21072
-0.3035
-0.43512
-0.43597
-0.33841
-0.285
-0.14926
0.10666
0.2608
0.15558
0.15771
0.19577
0.067993
-0.089508
-0.17853
-0.2063
-0.21628
-0.15707
-0.1745
-0.057556
0.076996
0.08252
0.040405
0.054626
0.088531
0.08313
0.042847
0.014984
0.080292
0.15634
0.12982
0.15918
0.18738
0.1528
-0.015961
0.031219
-0.55399
-1
-0.44525
-0.21402
-0.92184
-0.46091
0.41132
0.44385
0.62457
0.87155
0.46658
0.61752
0.81439
0.12387
-0.43417
-0.23038
-0.24362
-0.55609
-0.35312
-0.15588
0.00021362
0.43582
0.57458
0.32462
0.33142
0.43002
0.052124
-0.2803
-0.33511
-0.45901
-0.40793
-0.28909
-0.2309
-0.077942
0.20096
0.30179
0.1857
0.26923
0.2132
0.048279
-0.072113
-0.13242
-0.20203
-0.1611
-0.12558
-0.11627
0.026398
0.11798
0.082397
0.075256
0.083191
0.039154
0.013489
-0.022491
-0.048218
0.018127
0.10889
0.082489
0.13062
0.14084
-0.032684
0.048065
-0.58255
-1
-0.37936
-0.22385
-0.95901
-0.45792
0.40222
0.43448
0.65851
0.8931
0.51175
0.72632
0.89627
0.18042
-0.38287
-0.21161
-0.24484
-0.53156
-0.33731
-0.17822
-0.010406
0.43323
0.54929
0.29117
0.29254
0.38782
-0.0014648
-0.33362
-0.3728
-0.5101
-0.45694
-0.28146
-0.23959
-0.091644
0.2276
0.3118
0.26974
0.33325
0.24057
0.053009
-0.0013123
-0.1557
-0.22522
-0.17593
-0.1438
-0.11865
0.032501
0.10602
0.1004
0.1506
0.11658
0.080963
0.059357
0.018799
-0.031036
0.0083313
0.04541
0.050385
0.010437
-0.054718
0.068237
-0.49289
-1
-0.41342
-0.12018
-0.91647
-0.53922
0.32629
0.38519
0.54416
0.8569
0.49533
0.66135
0.92996
0.2941
-0.27704
-0.10654
-0.1167
-0.47659
-0.32935
-0.164
-0.062958
0.3707
0.51263
0.26547
0.26779
0.37851
0.031128
-0.33679
-0.35019
-0.50302
-0.50574
-0.30743
-0.27872
-0.16187
0.11502
0.34668
0.27567
0.28644
0.27383
0.18616
0.044342
-0.1123
-0.19461
-0.16898
-0.10211
-0.14999
-0.066498
0.080353
0.1293
0.11661
0.12619
0.11823
0.10596
0.096191
0.042175
0.041992
0.06601
0.054657
-0.10815
-0.08667
-0.23447
-1
-0.84586
0.006134
-0.80548
-0.81094
0.23352
0.46982
0.40839
0.91672
0.61972
0.5123
0.95401
0.48502
-0.28491
-0.21643
-0.03299
-0.41553
-0.36758
-0.062439
-0.059418
0.33411
0.6308
0.38306
0.25342
0.40717
0.16214
-0.32101
-0.35672
-0.52231
-0.60242
-0.38403
-0.38202
-0.32669
0.034332
0.32117
0.26135
0.27954
0.29584
0.20105
0.10312
-0.061401
-0.20416
-0.16037
-0.088196
-0.1203
-0.055206
0.0784
0.12607
0.13388
0.14099
0.13846
0.12357
0.11777
0.10403
0.088928
0.10593
0.029602
-0.17117
-0.075012
-1
-1
-0.1123
-0.48499
-1
-0.17184
0.54785
0.31763
0.72504
0.87573
0.48111
0.90103
0.87173
-0.047607
-0.39172
-0.076263
-0.32382
-0.62555
-0.24133
-0.10455
0.12323
0.62054
0.57355
0.31567
0.44547
0.43817
-0.14581
-0.32059
-0.33246
-0.6452
-0.46045
-0.34482
-0.40915
-0.16568
0.20752
0.2652
0.27121
0.33121
0.16541
0.13495
0.024628
-0.1937
-0.23471
-0.13699
-0.17816
-0.14526
0.059265
0.12366
0.12897
0.17389
0.16986
0.1582
0.17072
0.096069
0.04068
0.19653
0.059814
-0.19351
-0.0023804
-0.91876
-1
-0.16156
-0.39917
-1
-0.28781
0.55652
0.2652
0.67761
0.9342
0.53326
0.95999
0.99997
0.070068
-0.33823
-0.0085144
-0.33221
-0.71332
-0.27591
-0.16852
-0.034363
0.52151
0.57895
0.2948
0.44012
0.48141
-0.095215
-0.27701
-0.31403
-0.66028
-0.51917
-0.37759
-0.4657
-0.22787
0.19684
0.30478
0.34174
0.40439
0.26108
0.21436
0.088013
-0.16922
-0.25729
-0.19159
-0.24615
-0.20651
-0.0081482
0.057251
0.10565
0.19806
0.20956
0.16904
0.20612
0.15152
0.075562
0.088043
-0.018188
-0.0022278
-0.47253
-1
-0.62933
-0.059906
-1
-0.82071
0.21417
0.35556
0.43524
0.87973
0.50009
0.71936
0.99997
0.6087
-0.16782
-0.067291
-0.0078125
-0.49515
-0.4664
-0.30197
-0.24939
0.28851
0.56641
0.31067
0.31912
0.59631
0.29874
-0.14349
-0.20837
-0.50565
-0.58432
-0.38321
-0.51138
-0.53149
-0.13757
0.20679
0.24377
0.31479
0.34882
0.33755
0.27191
0.052246
-0.13544
-0.14828
-0.16693
-0.23911
-0.1665
-0.03595
0.03598
0.093506
0.12686
0.19128
0.25076
0.20703
0.12924
0.15445
0.010559
-0.05304
-0.60477
-1
-0.57925
-0.25018
-1
-0.61911
0.2377
0.31189
0.54282
0.92847
0.4472
0.76642
0.99997
0.52859
-0.1124
-0.066803
-0.081085
-0.48825
-0.35898
-0.33984
-0.2731
0.38452
0.55713
0.28461
0.3382
0.57111
0.28186
-0.25922
-0.25851
-0.39502
-0.48471
-0.4274
-0.34418
-0.28745
-0.055603
0.18121
0.16272
0.31055
0.29257
0.18195
0.11731
0.030426
-0.10822
-0.15683
-0.15848
-0.20456
-0.097198
-0.051727
-0.026764
0.04776
0.096832
0.14969
0.18192
0.18817
0.14996
-0.0040283
0.033936
-0.29703
-1
-0.69086
-0.095428
-0.96326
-0.80118
0.19281
0.26422
0.40625
0.9476
0.44962
0.71649
0.99997
0.63297
0.029816
0.033966
-0.027527
-0.46371
-0.29047
-0.32877
-0.39163
0.092926
0.41168
0.27179
0.19858
0.41913
0.2543
0.12018
-0.031952
-0.34171
-0.31787
-0.27359
-0.47864
-0.44208
-0.13937
-0.063873
0.064484
0.20959
0.19275
0.26547
0.2684
0.055511
0.011993
0.034729
-0.099121
-0.14981
-0.086212
-0.06604
-0.043732
0.027191
0.017944
0.071625
0.18579
0.18118
0.16049
0.069305
0.23062
-0.61209
-1
-0.26248
-0.33295
-1
-0.65002
0.11221
0.010956
0.61423
0.84592
0.27594
0.99997
0.99997
0.59875
0.17062
0.20364
-0.093292
-0.40088
-0.28952
-0.63416
-0.45425
0.11246
0.30884
0.11218
0.26334
0.50742
0.28494
0.19659
-0.053406
-0.25565
-0.17484
-0.21411
-0.51865
-0.49356
-0.22083
-0.12143
0.052002
0.10306
0.15204
0.30984
0.30344
0.10178
0.056366
0.034515
-0.08844
-0.075134
-0.086456
-0.1312
-0.012451
0.068665
-0.00048828
0.071594
0.18866
0.1572
0.16245
0.10596
0.17072
-0.84219
-1
-0.09198
-0.51883
-1
-0.57474
-0.045654
-0.12369
0.51138
0.47028
0.2774
0.99997
0.99997
0.67548
0.37366
0.41339
0.046906
-0.08374
-0.13605
-0.55334
-0.44452
-0.097382
0.10138
-0.076355
0.085266
0.26154
0.24356
0.25293
0.00021362
-0.069489
-0.027954
-0.079407
-0.35922
-0.39813
-0.30658
-0.20602
-0.028503
-0.054169
0.059235
0.23914
0.25
0.13516
0.12299
0.086426
-0.011292
-0.016724
-0.092804
-0.074829
0.0073547
0.031494
-0.016235
0.039307
0.12723
0.10324
0.15121
0.039764
0.11227
-0.15027
-1
-0.69946
-0.26813
-0.72742
-0.67969
-0.23636
-0.14218
0.14651
0.63007
0.28256
0.43906
0.88165
0.79672
0.5824
0.42975
0.29514
0.013245
0.13751
-0.035919
-0.41226
-0.31366
-0.031494
0.017578
-0.15869
-0.048248
-0.047241
0.041473
0.15817
-0.049835
-0.10513
-0.0086975
0.028046
-0.12439
-0.19235
-0.1355
-0.07666
0.024536
-0.0084229
-0.030914
0.018951
0.089478
0.070404
-0.023682
-0.054749
-0.057739
-0.015045
-0.0014343
-0.021851
-0.012085
0.028381
0.068451
0.055206
0.036987
0.025696
-0.00082397
0.005127
-0.0112
-0.015991
0.04483
-0.26813
-0.61978
-0.29178
-0.14127
-0.35602
-0.25723
-0.13937
-0.1687
0.10022
0.32446
0.15991
0.22748
0.4939
0.48349
0.41028
0.39737
0.26312
0.15619
0.24286
0.16287
-0.062073
-0.10706
-0.073792
-0.14093
-0.18369
-0.16791
-0.22198
-0.17151
-0.069366
-0.091217
-0.083588
-0.027069
-0.0099792
-0.0018005
0.014801
0.04126
0.044098
0.065552
0.067017
0.04303
0.0041199
-0.022461
-0.029083
-0.065033
-0.08548
-0.0802
-0.058289
-0.03598
-0.023468
-0.011353
0.006073
0.032227
0.049927
0.015778
-0.028992
-0.012421
-0.0083923
-0.048645
-0.052551
-0.032349
-0.051453
-0.004364
0.031219
-0.097137
-0.11636
-0.070648
-0.079132
-0.064941
-0.061584
-0.099579
-0.014557
0.089111
0.070648
0.094574
0.11862
0.13486
0.19833
0.20435
0.14142
0.10287
0.11105
0.083496
0.061035
0.032715
-0.0056763
0.00091553
-0.0056763
-0.028717
-0.049805
-0.047638
-0.055084
-0.062408
-0.05127
-0.058868
-0.05014
-0.022583
-0.0020752
-0.018677
-0.014679
0.0048218
0.0086365
0.014832
0.002594
-0.03363
-0.036133
-0.014923
-0.033844
-0.055023
-0.0466
-0.030457
-0.024231
-0.0083313
-0.0053406
-0.035461
-0.031372
-0.0093994
0.0073242
-0.01828
-0.017822
0.011047
0.0014343
0.011902
0.011261
0.0057678
0.015137
0.019531
0.023926
0.029694
-0.0012207
0.002533
0.052338
0.011261
0.021973
0.0383
0.0072937
0.0014648
-0.01889
-0.0466
-0.047699
-0.048798
-0.058105
-0.032013
-0.018982
-0.025818
0.017609
0.023926
0.015472
0.034515
0.03656
0.07486
0.069702
0.049103
0.060822
0.051971
0.044739
0.03299
0.033234
-0.00033569
0.026276
0.039734
-0.010864
-3.0518e-05
-0.0094604
-0.0065918
-0.033478
-0.059357
-0.036682
-0.03653
-0.037415
-0.046234
-0.02121
-0.045013
-0.037598
-0.034302
-0.04071
0.0014648
-0.0077515
0.0033875
0.0020142
0.0087891
0.020996
-0.0073242
0.0090637
0.011688
-0.0035706
0.010406
-0.0075684
-0.0053406
-0.0057983
0.0025635
0.022858
0.0069885
0.014679
0.022156
0.008606
-0.015686
-0.007019
-0.012909
-0.050079
-0.012024
-0.010284
0.011719
0.021088
-0.021942
-0.026093
-0.012634
0.0077515
0.043945
0.01767
0.0081787
0.035919
0.022034
0.012604
0.0014038
-0.0041504
0.0033569
0.021942
-0.0021973
-0.007782
-0.0040588
-0.00042725
0.00073242
-0.035522
-0.0080261
-0.0056763
-0.0062866
0.013763
0.0084534
0.0050049
0.018677
0.030945
0.0096741
0.040802
0.011108
0.0084839
0.03241
-0.00015259
-0.01181
-0.019043
0.010315
-0.014343
-0.015717
-0.023499
-0.010315
-0.0011292
-0.033295
-0.0042725
-9.1553e-05
-0.023743
-0.02124
0.010162
0.0016479
-0.026031
0.0098267
0.0018005
-0.005249
0.01062
-0.017151
-0.021423
0.040833
-0.0086975
-0.038971
-0.0091553
-0.0042725
0.0080872
-0.038971
0.0028381
0.014191
0.0081177
0.039154
-0.011688
0.0028076
0.03891
0.029327
0.014984
0.021729
0.031372
0.0071716
-0.0048218
-0.018066
-0.052704
-0.019653
-0.0070496
-0.024384
-0.045166
-0.035034
0.010986
-0.023285
0.0014038
-0.011688
0.023895
0.043091
0.018127
0.032166
0.0097351
0.042419
0.020477
0.0079346
0.0050354
0.0020752
0.03183
0.0032349
0.0056152
0.0049133
-0.004425
0.025024
-0.016998
-0.033722
-0.022491
-0.01355
-0.017303
-0.037323
-0.029388
0.010132
-0.01004
-0.026855
0.013397
0.011078
0.0079651
0.029785
0.0027466
0.0031433
0.0080566
-0.036652
-0.018433
0.0032043
-0.0075989
0.0052185
0.0088196
0.016327
0.017853
0.0073853
0.017944
0.016357
0.02829
0.027435
-0.014954
-0.0051575
0.0015564
-0.012695
-0.015228
-0.010651
-0.0080261
-0.012512
-0.022095
-0.017487
-0.0097961
-0.022766
-0.013397
-0.0037231
-0.015472
-0.0077515
-0.0057068
0.0007019
0.012878
-0.0014343
0.0021667
0.016998
0.017883
0.016388
0.031189
0.027954
0.028809
0.0077515
-0.012878
0.010376
-0.0049438
-0.028473
-0.023499
-0.014282
-0.02478
-0.0058899
-0.0097656
-0.018219
0.016388
0.0067749
0.0010071
0.0051575
-0.0011292
0.012604
0.020721
-0.003479
0.0013733
0.020782
0.0049744
