0.00024414
-0.0012817
-0.00024414
-0.0013733
-0.0015564
-0.00057983
-0.0022278
-0.00042725
-0.0012817
0.00012207
-3.0518e-05
-0.0013733
0.00018311
0.0011292
0.00085449
0.00039673
-0.00039673
-6.1035e-05
0.0013733
3.0518e-05
0.00027466
0.00097656
0.0011292
-0.00094604
-0.00073242
0.00054932
0.00057983
0
0.0011597
-0.00094604
-0.00012207
-0.00085449
0.00021362
0.00018311
-0.00079346
0.00018311
0.001709
-0.00091553
0.0018616
0.00042725
-0.001709
0.0015564
-0.00054932
-0.00045776
0.00064087
-6.1035e-05
-0.00015259
0.00064087
0.00079346
-0.0016785
0.00048828
0.00018311
-0.0010376
-0.00033569
-0.00079346
0.00027466
0.00082397
3.0518e-05
0.00088501
-0.0022888
-0.00033569
0.0020142
-0.00015259
-0.0073853
0.015228
-0.015961
-0.018005
0.042084
-0.032867
0.01889
0.0036926
-0.0092468
0.0077209
-0.004364
0.0016785
-0.0019226
0.008728
-0.0057983
0.0018616
0.0014038
-0.0077515
-6.1035e-05
-0.0029297
-0.00067139
-0.005249
0.00045776
0.0015564
-0.0037842
0.0018311
-0.0025024
0.0050049
0.0032959
0.0049438
0.00027466
0.0048828
-0.0054932
-0.0014648
-0.003479
0.0061646
-0.012878
-0.069122
0.033722
0.020447
0.010284
0.026917
0.0056458
0.013519
0.015076
0.0050659
0.0022583
-0.018921
-0.049286
-0.023071
0.030182
0.0020142
-0.0046082
0.0044861
-0.065735
-0.0047913
0.022614
0.037659
0.026062
0.018768
0.018768
0.014862
0.022003
0.011902
0.011597
0.014221
-0.03363
-0.02536
-0.080078
-0.038666
0.018341
-0.0112
0.0089417
-0.020874
0.0099487
0.01358
0.018524
0.011322
-0.011353
-0.02243
-0.011261
-0.012329
-0.0081482
-0.0061951
-0.0005188
0.011963
0.0028992
0.0057373
0.020599
0.021606
0.0080566
0.006073
0.004425
-0.0068665
0.016052
0.029083
-0.00177
-0.015167
0.01532
0.0020752
0.020203
0.072662
0.054382
0.048035
0.04715
0.019348
0.0053101
-0.019318
-0.054993
-0.045227
-0.048096
-0.066528
-0.059692
-0.041016
-0.048889
-0.0495
-0.016052
-0.0040588
0.003418
-0.00012207
0.0041809
-0.038574
-0.12256
-0.12613
-0.14124
-0.11151
-0.04834
-0.0068665
0.014496
0.04248
0.095306
0.12509
0.2023
0.23019
0.21378
0.18594
0.14865
0.088715
0.052856
0.029083
-0.021942
-0.064911
-0.084717
-0.10202
-0.10019
-0.066254
-0.052795
-0.045044
-0.026154
-0.0078125
0.0020752
0.031525
0.033356
0.008606
-0.014587
-0.035431
-0.058319
-0.052917
-0.049042
-0.063263
-0.060577
-0.055054
-0.050781
-0.029205
0.0072937
0.0086365
0.018341
0.029144
0.026184
0.024933
0.040314
0.035309
0.028839
0.035675
0.023163
0.017456
0.028503
0.029907
0.029633
0.036041
0.033508
0.026672
0.032562
0.033447
0.030792
0.037567
0.038177
0.023956
0.0087891
0.011292
-0.019897
-0.073059
-0.089081
-0.12704
-0.21622
-0.2038
-0.21155
-0.54492
-0.50156
-0.33743
-0.33234
0.015228
0.27802
0.31302
0.30472
0.52927
0.43893
0.47504
0.56702
0.36099
0.1449
0.02948
-0.1257
-0.29541
-0.15945
-0.13651
-0.1619
-0.012268
0.12979
0.14081
0.2515
0.29257
0.11133
0.013733
-0.047974
-0.18353
-0.25558
-0.24258
-0.33536
-0.38303
-0.2702
-0.16309
-0.02887
0.15225
0.22256
0.17868
0.15674
0.1171
0.020142
-0.026855
-0.087189
-0.2092
-0.26672
-0.23444
-0.18692
-0.084503
0.062805
0.13434
0.16605
0.21243
0.20993
0.15543
0.11526
0.034149
-0.07785
-0.13898
-0.16022
-0.16934
-0.11996
-0.032135
0.015686
0.097168
0.17117
0.18451
0.17505
0.14819
0.076904
-0.00073242
-0.033264
-0.066711
-0.069946
-0.038483
-0.00085449
0.044647
0.083618
0.092651
0.076172
0.047577
0.0099182
-0.031006
-0.051422
-0.079468
-0.043457
-0.019897
-0.023712
-0.0012207
-0.018646
-0.062103
-0.12198
-0.1218
-0.10971
-0.38364
-0.70544
-0.56534
-0.56622
-0.29376
0.24512
0.41287
0.48734
0.53503
0.58643
0.42618
0.55365
0.48862
0.19617
0.015472
-0.2355
-0.41907
-0.37405
-0.10187
-0.019073
0.12799
0.323
0.29877
0.31882
0.33057
0.18942
-0.064941
-0.20807
-0.37103
-0.50833
-0.43094
-0.34323
-0.26025
-0.11481
0.068329
0.17294
0.28525
0.35669
0.25653
0.10443
-0.054016
-0.20883
-0.3367
-0.34695
-0.3306
-0.29532
-0.16821
-0.023987
0.11694
0.2547
0.33807
0.30176
0.21826
0.11526
-0.032532
-0.13922
-0.1904
-0.2388
-0.24728
-0.16449
-0.060577
0.050842
0.1937
0.2746
0.25571
0.2196
0.14908
0.049011
-0.012207
-0.060577
-0.10458
-0.085236
-0.022705
0.037933
0.11566
0.16855
0.1528
0.11591
0.087982
0.020813
-0.041687
-0.052917
-0.10321
-0.146
-0.12628
-0.10349
-0.078308
-0.010803
0.023804
0.0083313
0.011963
0.010315
-0.10403
-0.1673
-0.164
-0.57031
-0.76407
-0.3949
-0.42401
-0.064545
0.42673
0.42471
0.41281
0.47238
0.49207
0.31131
0.50143
0.38016
0.041595
-0.06134
-0.23859
-0.32651
-0.17938
0.12094
0.13483
0.20081
0.34903
0.20541
0.18811
0.17188
0.017731
-0.20218
-0.27997
-0.35422
-0.43906
-0.26978
-0.1431
-0.090668
0.019867
0.1236
0.12717
0.13419
0.16183
0.04071
-0.096832
-0.17291
-0.25967
-0.3024
-0.21973
-0.14035
-0.087067
0.028198
0.12091
0.15332
0.19803
0.20764
0.12308
0.026886
-0.041992
-0.14255
-0.19669
-0.15579
-0.11209
-0.040436
0.081146
0.15121
0.20157
0.2532
0.24191
0.1907
0.13623
0.063507
-0.012604
-0.039703
-0.046387
-0.039307
-0.001709
0.030792
0.039734
0.055634
0.053467
0.0271
0.0058594
-0.035614
-0.08316
-0.10806
-0.11935
-0.1156
-0.096527
-0.099426
-0.11658
-0.14301
-0.16653
-0.18149
-0.1814
-0.1712
-0.39795
-0.63766
-0.43466
-0.29025
0.095703
0.60696
0.73413
0.70239
0.51996
0.37878
0.17804
0.2215
0.25388
0.077454
-0.041779
-0.2226
-0.30978
-0.17938
0.12793
0.35339
0.41913
0.4274
0.19742
-0.036011
-0.16315
-0.26654
-0.336
-0.36584
-0.37357
-0.39914
-0.29456
-0.099274
0.065491
0.20743
0.27011
0.20587
0.073029
-0.046204
-0.13617
-0.21268
-0.23071
-0.21893
-0.20776
-0.14471
-0.037048
0.081055
0.19009
0.25925
0.24792
0.16861
0.075928
-0.029633
-0.10739
-0.15994
-0.20551
-0.19275
-0.15359
-0.042999
0.1026
0.17883
0.22424
0.21695
0.17487
0.12656
0.10864
0.093964
0.024872
-9.1553e-05
-0.019257
-0.023407
0.03598
0.07901
0.082153
0.064514
0.044556
0.0045776
-0.0033875
0.010681
-0.032318
-0.10135
-0.11673
-0.12936
-0.10397
-0.0466
-0.071808
-0.13879
-0.2131
-0.29938
-0.33322
-0.32907
-0.65952
-0.67371
-0.36758
-0.2496
0.31577
0.72058
0.86218
0.74738
0.51169
0.34622
0.077515
0.17221
0.14679
0.033325
-0.063812
-0.25125
-0.23569
-0.055603
0.2905
0.52612
0.57962
0.51654
0.17484
-0.11545
-0.32413
-0.44595
-0.4364
-0.41061
-0.31949
-0.28522
-0.17438
-0.0112
0.10638
0.22876
0.24725
0.16245
0.0090332
-0.17703
-0.30206
-0.38318
-0.34052
-0.23871
-0.12894
0.01004
0.09201
0.16895
0.21445
0.22833
0.20026
0.11014
-0.0026855
-0.14352
-0.27448
-0.30951
-0.25342
-0.12027
0.071655
0.22589
0.31924
0.32614
0.27045
0.19455
0.12827
0.070038
0.0090027
-0.010956
-0.023163
-0.0078125
0.052765
0.11618
0.16019
0.15497
0.11191
0.031219
-0.027863
-0.036774
-0.070679
-0.098785
-0.095795
-0.09317
-0.12552
-0.14655
-0.15952
-0.24899
-0.2605
-0.28397
-0.32852
-0.496
-0.84198
-0.65915
-0.42905
-0.10913
0.57416
0.85498
0.94858
0.72043
0.45364
0.21881
0.035339
0.1738
0.10394
0.031769
-0.13809
-0.30743
-0.1962
0.036163
0.40973
0.6312
0.66144
0.47159
0.078064
-0.21375
-0.42169
-0.48248
-0.41428
-0.34702
-0.2525
-0.18921
-0.062195
0.081268
0.18314
0.27188
0.22885
0.098389
-0.10068
-0.28723
-0.39951
-0.43881
-0.33453
-0.198
-0.052368
0.084412
0.15302
0.19647
0.18442
0.15225
0.10144
-0.00094604
-0.11948
-0.23334
-0.30161
-0.28482
-0.1774
0.0014038
0.20071
0.34055
0.38803
0.35699
0.26196
0.14941
0.064392
0.012085
-0.023834
-0.019989
0.017883
0.057831
0.11212
0.15369
0.13995
0.10495
0.046295
-0.010223
-0.030792
-0.049957
-0.045776
-0.069916
-0.1459
-0.28186
-0.39755
-0.38693
-0.39404
-0.39792
-0.62103
-0.7662
-0.52628
-0.41333
0.085022
0.66125
0.84726
0.90359
0.66269
0.43454
0.15005
0.062317
0.14359
0.045837
-0.0045166
-0.17151
-0.22296
-0.078644
0.15479
0.4725
0.62173
0.59897
0.34546
-0.022217
-0.31427
-0.50504
-0.50696
-0.39713
-0.26794
-0.14566
-0.072723
0.0053406
0.085754
0.1647
0.23318
0.19818
0.074371
-0.12997
-0.34113
-0.46783
-0.46686
-0.30823
-0.10925
0.076752
0.19559
0.2149
0.19263
0.13873
0.073364
-0.0054626
-0.10529
-0.20773
-0.27475
-0.26733
-0.17267
-0.0090942
0.1857
0.33487
0.37442
0.3248
0.20496
0.067657
-0.01059
-0.020874
0.022766
0.083374
0.11877
0.1171
0.097046
0.084045
0.082825
0.087585
0.090057
0.057098
-0.019073
-0.087799
-0.15927
-0.23495
-0.29419
-0.35107
-0.36453
-0.45291
-0.75342
-0.79022
-0.52698
-0.34796
0.12509
0.62054
0.77094
0.75
0.58377
0.40027
0.20132
0.14511
0.17969
0.080627
-0.045349
-0.19907
-0.25101
-0.082245
0.16647
0.45148
0.5799
0.49686
0.26526
-0.063446
-0.30087
-0.4202
-0.40118
-0.30386
-0.22021
-0.13956
-0.0896
-0.025879
0.072113
0.16412
0.22122
0.18347
0.043365
-0.14572
-0.30746
-0.38031
-0.32596
-0.17715
-0.0065918
0.11755
0.14951
0.12869
0.076538
0.015808
-0.024292
-0.059784
-0.10376
-0.16159
-0.19025
-0.15103
-0.060913
0.085938
0.21744
0.25928
0.22574
0.12762
0.022095
-0.021301
0.013275
0.073273
0.12735
0.15649
0.12964
0.095306
0.077942
0.087982
0.10907
0.099945
0.083923
-0.016052
-0.17508
-0.27057
-0.39304
-0.41867
-0.47198
-0.79883
-0.68869
-0.46017
-0.30725
0.25882
0.62189
0.75003
0.66394
0.46371
0.21759
0.011444
0.045563
0.056885
0.075531
0.021637
-0.073914
-0.069794
0.044678
0.26505
0.43729
0.52283
0.40634
0.10214
-0.1922
-0.45728
-0.50369
-0.38391
-0.20435
-0.0069885
0.063934
0.076935
0.043793
0.012543
0.023468
0.016693
-0.0077515
-0.10773
-0.22339
-0.27936
-0.27344
-0.14618
0.023346
0.17575
0.23145
0.16528
0.059937
-0.056335
-0.13605
-0.14392
-0.085236
-0.020172
0.021271
0.058838
0.087067
0.10626
0.13092
0.1413
0.12286
0.085602
0.045288
0.015533
0.026276
0.051636
0.08078
0.071625
0.044708
0.028534
-0.025726
-0.022827
-0.0090942
-0.035767
-0.11444
-0.25726
-0.39279
-0.46497
-0.75601
-0.86877
-0.50046
-0.3421
0.10297
0.57297
0.71024
0.69949
0.49384
0.37759
0.1467
0.15826
0.19992
0.097931
0.061249
-0.0914
-0.13559
-0.046722
0.16696
0.42715
0.49518
0.44238
0.18494
-0.14587
-0.36121
-0.46838
-0.36749
-0.22638
-0.078033
0.012848
0.016602
0.038879
0.037598
0.044464
0.058319
0.016907
-0.086029
-0.2356
-0.31546
-0.32013
-0.23752
-0.064789
0.064331
0.11954
0.066803
-0.0224
-0.11096
-0.11761
-0.039124
0.024902
0.1236
0.17599
0.1601
0.15128
0.14426
0.14041
0.13031
0.12695
0.098267
0.059479
0.079163
0.12378
0.16364
0.14658
0.099579
0.028778
-0.070312
-0.10834
-0.10287
-0.1076
-0.16525
-0.3244
-0.43079
-0.68436
-1
-0.83572
-0.54385
-0.22879
0.46851
0.68387
0.75333
0.54587
0.32187
0.173
0.074036
0.25485
0.21564
0.15024
-0.0030518
-0.19305
-0.12149
0.089172
0.42548
0.67227
0.66135
0.46466
0.055237
-0.26828
-0.44406
-0.43573
-0.25989
-0.13095
-0.054749
-0.081329
-0.10266
-0.060547
0.006134
0.10611
0.14062
0.037323
-0.13663
-0.30838
-0.36856
-0.33023
-0.20517
-0.057648
0.045624
0.059601
0.013733
-0.01474
-0.031616
0.024292
0.090607
0.1337
0.14716
0.10938
0.064331
0.024078
0.027069
0.057648
0.11615
0.21286
0.25845
0.276
0.24017
0.14014
0.044128
-0.028168
-0.062317
-0.12256
-0.17352
-0.28143
-0.37042
-0.59366
-1
-0.81534
-0.63107
-0.33875
0.38165
0.59723
0.75641
0.55673
0.34006
0.138
-0.014648
0.13748
0.082703
0.065613
-0.020599
-0.18448
-0.10318
0.093719
0.36716
0.59399
0.59052
0.4375
0.085632
-0.19022
-0.34207
-0.35428
-0.19522
-0.071808
0.010254
0.0177
-0.008667
-0.0021667
-0.0097046
0.024658
0.036804
-0.047272
-0.15652
-0.28888
-0.32138
-0.26251
-0.096985
0.076965
0.15018
0.1778
0.075867
-0.045898
-0.085693
-0.085419
-0.015503
0.060608
0.11093
0.10428
0.065399
0.05188
0.073181
0.15784
0.198
0.18918
0.16592
0.085297
-0.012329
-0.083405
-0.13797
-0.24234
-0.302
-0.43665
-0.93857
-0.90674
-0.63205
-0.50046
0.24884
0.62228
0.72308
0.6741
0.39957
0.23566
0.05719
0.18399
0.20013
0.0867
-0.011688
-0.23605
-0.26465
-0.034943
0.23209
0.51511
0.5787
0.41855
0.11832
-0.17548
-0.30276
-0.31671
-0.16266
-0.03891
-0.0044556
-0.010895
-0.038788
-0.047485
-0.0037842
0.052734
0.041656
-0.060364
-0.18478
-0.28268
-0.2981
-0.17627
0.0019226
0.16623
0.23172
0.18304
0.067322
-0.045776
-0.087067
-0.060425
0.010223
0.075775
0.079468
0.07489
0.10349
0.11227
0.11383
0.13132
0.11774
0.069183
0.02536
-0.02478
-0.14566
-0.29138
-0.31873
-0.52887
-1
-0.83154
-0.60971
-0.4476
0.32434
0.60556
0.73749
0.66208
0.45468
0.29431
0.12259
0.24026
0.18124
0.07251
-0.031494
-0.23743
-0.23151
-0.0050354
0.22733
0.47778
0.5311
0.39468
0.12878
-0.13852
-0.28278
-0.33188
-0.228
-0.14023
-0.09317
-0.051025
-0.04303
-0.032349
-0.00048828
-0.021515
-0.029816
-0.077606
-0.19052
-0.19406
-0.14804
-0.086243
0.034882
0.11389
0.12741
0.096161
0.048676
0.010071
0.0032043
0.046722
0.088562
0.14267
0.21552
0.22977
0.18146
0.12073
0.047638
0.028961
0.020081
-0.011993
-0.054718
-0.20453
-0.3237
-0.58597
-1
-0.90344
-0.65369
-0.42502
0.31961
0.55206
0.63919
0.53726
0.33646
0.2485
0.13574
0.2692
0.21274
0.050812
-0.10284
-0.28696
-0.24182
0.012817
0.27533
0.50986
0.50861
0.34055
0.10397
-0.11533
-0.18402
-0.17184
-0.074951
-0.019318
-0.034821
-0.049438
-0.046844
-0.041748
-0.017029
0.036774
0.022919
-0.075562
-0.095764
-0.11096
-0.13437
-0.073822
-0.041077
-0.03537
-0.017548
-0.014923
-0.028687
-0.028381
-0.01236
0.0042725
0.049866
0.12668
0.1882
0.18683
0.10281
0.037903
-0.00079346
-0.029297
0.0036621
-0.035614
-0.14902
-0.23792
-0.76553
-1
-0.73483
-0.63779
-0.066864
0.61255
0.70065
0.74362
0.48392
0.35675
0.24762
0.2489
0.35587
0.18607
-0.036285
-0.25159
-0.39447
-0.22388
0.089874
0.35184
0.51059
0.388
0.1535
-0.10214
-0.28061
-0.31363
-0.25504
-0.18652
-0.16986
-0.18787
-0.15155
-0.08136
-0.0011597
0.13269
0.19388
0.1781
0.138
0.060638
0.0224
0.013702
0.018585
0.027008
0.011047
0.0159
-0.011047
-0.010681
0.039032
0.082947
0.15396
0.21146
0.21017
0.13004
0.025909
-0.078247
-0.20569
-0.25104
-0.34167
-0.42068
-0.48578
-0.99716
-1
-0.6478
-0.53488
0.16547
0.64233
0.70877
0.69107
0.45755
0.3819
0.29227
0.34671
0.39987
0.18854
-0.056427
-0.22897
-0.27087
-0.016235
0.29733
0.52353
0.5661
0.32974
0.083466
-0.13837
-0.2706
-0.23694
-0.18344
-0.18707
-0.26697
-0.33786
-0.29602
-0.20554
-0.021667
0.13126
0.16824
0.16373
0.069305
-0.0016479
-0.0097656
-0.022186
0.013245
0.0049744
-0.017273
-0.011993
-0.034485
0.022491
0.10675
0.19412
0.2742
0.24402
0.17972
0.10623
-0.023621
-0.11182
-0.24222
-0.36584
-0.4801
-1
-1
-0.6694
-0.5784
0.071472
0.58768
0.62311
0.63885
0.4451
0.36926
0.31726
0.3078
0.34641
0.15353
-0.1261
-0.25943
-0.30048
-0.095093
0.18781
0.3714
0.45587
0.30771
0.14847
0.042786
-0.065155
-0.094543
-0.10577
-0.19382
-0.27209
-0.3024
-0.24063
-0.1084
0.0098572
0.10568
0.1311
0.10452
0.067871
0.041229
0.045074
0.017181
-0.020477
-0.048828
-0.077362
-0.059052
-0.019318
0.035736
0.11435
0.17621
0.19846
0.19434
0.17859
0.091431
0.0059509
-0.10986
-0.34979
-0.51697
-1
-1
-0.72189
-0.57526
-0.044922
0.52066
0.53082
0.52817
0.43097
0.38419
0.42316
0.40189
0.37466
0.19446
-0.1626
-0.27722
-0.2261
-0.03421
0.28369
0.43427
0.44568
0.30148
0.11859
0.060486
-0.01944
-0.088226
-0.11343
-0.25327
-0.34302
-0.31882
-0.22687
-0.082428
0.0029907
0.039703
0.043823
0.035889
0.06839
0.11118
0.1304
0.081543
-0.00054932
-0.064819
-0.10095
-0.07251
-0.030426
0.0085754
0.058624
0.11044
0.14224
0.16699
0.18854
0.13354
0.069824
-0.092133
-0.31866
-0.53687
-1
-1
-0.61057
-0.52966
0.037231
0.45065
0.4144
0.45813
0.46414
0.47742
0.52325
0.44275
0.30997
0.071228
-0.27896
-0.30246
-0.15689
0.014587
0.25
0.35449
0.32986
0.27261
0.20288
0.18488
0.092529
-0.089111
-0.21454
-0.36206
-0.41553
-0.31891
-0.18356
-0.084656
-0.045807
-0.021942
0.016663
0.071747
0.14407
0.19574
0.16547
0.071655
-0.0021667
-0.039154
-0.019104
0.037598
0.057678
0.082245
0.12012
0.14291
0.14627
0.15518
0.16599
0.081482
-0.054321
-0.21146
-0.45547
-0.98703
-1
-0.75125
-0.59067
-0.27399
0.29874
0.32074
0.24728
0.37421
0.44995
0.54208
0.5484
0.34119
0.17999
-0.082825
-0.24796
-0.025665
0.16006
0.20755
0.28162
0.26065
0.21558
0.2431
0.25931
0.21216
0.0076294
-0.21872
-0.31396
-0.32751
-0.29297
-0.21552
-0.15891
-0.19379
-0.23456
-0.063995
0.14517
0.19058
0.23059
0.22287
0.077454
-0.0033875
0.017883
0.016205
0.0085449
-0.010162
-0.012665
0.025482
0.069489
0.1629
0.22079
0.16748
0.1091
0.013306
-0.13992
-0.45639
-1
-1
-0.60336
-0.4303
-0.18259
0.41373
0.2962
0.042755
0.33228
0.55048
0.61679
0.59006
0.29434
0.062317
-0.17358
-0.41797
-0.15997
0.20551
0.13556
0.13794
0.33301
0.35587
0.36124
0.39059
0.24249
-0.013641
-0.23584
-0.29242
-0.19751
-0.19403
-0.27097
-0.29733
-0.29269
-0.23041
-0.055206
0.15155
0.21304
0.13565
0.072632
0.049652
0.044128
0.07373
0.095886
0.065826
0.016724
-0.00177
0.083221
0.17419
0.16464
0.12405
0.084076
0.037872
0.024384
-0.040497
-0.62347
-1
-0.82007
-0.59433
-0.56714
-0.096588
0.142
0.021515
0.20831
0.46994
0.59705
0.65854
0.39203
0.17899
0.22629
0.043671
-0.062347
0.15891
0.082031
-0.17212
-0.076233
0.14514
0.276
0.33252
0.21271
0.017303
-0.12524
-0.23615
-0.17429
-0.014252
-0.057648
-0.17004
-0.13837
-0.10684
-0.066864
0.061523
0.10281
0.05368
0.053253
0.037506
0.032623
0.092468
0.081482
0.03302
0.053131
0.049713
0.012085
0.027802
0.048981
0.064819
0.060852
-0.31979
-0.85236
-0.78024
-0.4986
-0.47153
-0.31171
-0.10101
-0.037567
0.1322
0.34769
0.46619
0.57584
0.46967
0.242
0.27151
0.28452
0.080475
0.012756
0.022064
-0.08847
-0.087585
0.022491
0.086334
0.15723
0.13135
-0.015015
-0.026489
0.017212
-0.04718
-0.058777
-0.027954
-0.055481
-0.029053
0.020355
0.0071106
0.023773
0.02832
-0.032562
-0.0083923
0.034973
-0.034424
-0.048126
0.023987
0.041351
0.048859
0.037506
-0.020569
-0.006134
0.045929
0.032654
-0.10138
-0.38699
-0.58853
-0.5087
-0.34641
-0.30392
-0.27759
-0.19321
-0.075012
0.12442
0.28671
0.33353
0.36066
0.35281
0.30798
0.30035
0.26776
0.17847
0.12518
0.078888
0.0033569
-0.016235
0.0053711
-0.003418
-0.0057068
-0.00097656
-0.019562
-0.013794
-0.00091553
-0.023285
-0.033173
-0.02124
-0.0056763
-0.0054016
-0.036377
-0.049438
-0.0084839
0.04245
0.043091
0.016663
-0.0066833
-0.03891
-0.038177
-0.012268
-0.02536
-0.063263
-0.085785
-0.098785
-0.081757
-0.041656
-0.02829
-0.017792
-0.010681
-0.025024
-0.049713
-0.065735
-0.071289
-0.076019
-0.068665
-0.064423
-0.056763
-0.022003
0.0036316
-0.00354
-0.012604
-0.0049744
0.011414
0.041016
0.068787
0.069641
0.058838
0.058167
0.064575
0.08374
0.086823
0.060669
0.052887
0.067932
0.086151
0.10852
0.11835
0.094574
0.061829
0.03714
0.012939
-0.0031128
-0.019592
-0.034241
-0.040985
-0.056335
-0.071625
-0.067657
-0.051575
-0.027374
-0.0022888
0.0045166
-0.0088501
-0.031799
-0.042206
-0.027222
-0.01416
-0.027893
-0.057953
-0.080627
-0.071991
-0.037048
0.0060425
0.025391
0.005127
-0.015869
-0.0098572
0.0095215
0.019775
-0.00030518
-0.038269
-0.058502
-0.04776
-0.0177
0.001709
-0.0016479
-0.024139
-0.035736
-0.019989
0.0041809
0.018188
0.015564
0.0021362
-0.0021667
0.014679
0.032806
0.037506
0.033691
0.02948
0.035919
0.065674
0.091187
0.091614
0.083099
0.070496
0.060455
0.050476
0.033783
0.014069
-0.0019226
-0.011963
-0.025146
-0.038727
-0.044952
-0.041016
-0.026703
-0.010651
-0.0057373
-0.013916
-0.027374
-0.03421
-0.034454
-0.033295
-0.031158
-0.033081
-0.030609
-0.022644
-0.0096741
0.0061035
0.01001
0.00054932
-0.0050659
-0.0092163
-0.015381
-0.016144
-0.019684
-0.018372
-0.012421
-0.010468
-0.010315
-0.012054
-0.016602
-0.019562
-0.017365
-0.0065613
0.0057068
0.0073853
0.0033875
0.0016785
0.0096741
0.017426
0.0242
0.034546
0.039307
0.047546
0.057434
0.057495
0.053192
0.037231
0.019135
0.010651
0.008667
0.013306
0.0098572
-0.00097656
-0.0043335
-0.0043945
-0.0052185
-0.0041199
-0.0057678
-0.013458
-0.022003
-0.028625
-0.031067
-0.034302
-0.03772
-0.037567
-0.033813
-0.024811
-0.017059
-0.013336
-0.010681
-0.0037231
0.0059509
0.0083008
0.0048218
0.0005188
-0.00024414
0.0032043
0.0015869
-0.0027161
-0.0075073
-0.0082397
-0.0028381
0.0028687
0.0069275
0
-0.016144
-0.018982
-0.0098267
0.0011597
0.0098877
0.0082397
0.010742
0.018463
0.03009
0.04248
0.039093
0.027588
0.020599
0.020874
0.024963
0.020813
0.0080872
-0.00085449
-0.00024414
0.010223
0.024536
0.028748
0.01297
-0.0062256
-0.015564
-0.018524
-0.01535
-0.014893
-0.02182
-0.033417
-0.042816
-0.03952
-0.02887
-0.022552
-0.021759
-0.019867
-0.01593
-0.011841
-0.006958
-0.0025024
-0.002655
-0.006134
-0.0070496
-0.0028076
0.0022583
0.0025024
-0.0019836
-0.0036316
-0.0047913
0.0014038
0.015533
0.023773
0.022644
0.01062
0.00064087
-0.00024414
0.0037537
0.0087891
0.013123
0.012787
0.0072021
