-0.00039673
-0.00036621
-0.00054932
-0.00054932
-0.00057983
-0.00061035
-0.0005188
-0.00036621
-0.00057983
-0.00076294
-0.00054932
-0.00027466
-0.00057983
-0.00076294
-0.00039673
-0.00027466
0.00018311
0.00045776
0.00033569
0.00024414
6.1035e-05
0.00033569
0.0005188
0.00061035
0.00064087
0.00057983
0.00048828
3.0518e-05
-0.00018311
-0.00045776
-0.00030518
-0.00021362
0.00012207
9.1553e-05
-0.00030518
-0.00036621
-0.00064087
-0.00048828
-0.00027466
-0.00015259
-0.00015259
-0.00039673
-0.00048828
9.1553e-05
0.00064087
0.00024414
-9.1553e-05
0
0.00054932
0.00057983
0.00021362
0.00054932
0.00076294
0.00042725
0.00012207
0.00012207
0.00030518
3.0518e-05
-0.00015259
-9.1553e-05
-0.00033569
-0.00027466
-0.00027466
-0.00036621
-0.00045776
-0.00030518
-0.00015259
-0.00061035
-0.00033569
-0.00042725
0.00021362
0.00021362
-0.00021362
0.00021362
-6.1035e-05
-0.00033569
-0.00018311
0.00076294
0.00094604
0.0007019
-0.00021362
-0.00076294
0.00033569
0.00048828
0.00054932
-0.0015564
-0.00054932
0.0030518
0.0037537
0.0020142
0.0010681
0.0065613
0.0057678
0.0027771
0.0017395
-0.00079346
-0.0083618
-0.017212
0.0018616
-0.026917
-0.058533
0.013214
-0.0026245
-0.038391
0.045166
0.02536
0
0.074921
0.046448
0.012024
0.056
0.037598
0.00033569
0.0090332
-0.0064697
-0.040222
-0.034271
-0.031799
-0.059784
-0.05542
-0.035034
-0.043732
-0.039825
-0.019135
-0.017853
-0.010773
0.0099487
0.014679
0.017059
0.02832
0.033569
0.030853
0.026611
0.026215
0.02063
0.010437
0.0062256
-0.0028076
-0.010315
-0.010376
-0.014587
-0.018494
-0.015228
-0.010681
-0.0076294
0.00054932
0.0097961
0.013458
0.019379
0.026001
0.028259
0.027313
0.029358
0.030853
0.02243
0.02359
0.023163
0.0070801
0.0090637
0.011078
-0.0035706
-0.0039978
0.0015259
-0.0086975
-0.012482
-0.00021362
-0.0099487
-0.019836
-0.0073547
-0.014404
-0.021362
-0.011932
-0.015411
-0.025116
-0.024567
-0.026276
-0.043091
-0.046051
-0.045166
-0.080627
-0.090454
-0.081909
-0.10812
-0.090729
-0.07605
-0.093567
-0.060669
-0.037476
-0.012634
0.03421
0.060211
0.098206
0.13525
0.16891
0.19778
0.21356
0.22409
0.21457
0.20364
0.17633
0.13779
0.098694
0.043701
-0.0039368
-0.060089
-0.10678
-0.14032
-0.17517
-0.18942
-0.19376
-0.18542
-0.1716
-0.14429
-0.1106
-0.079712
-0.032684
0.008606
0.041992
0.070587
0.090759
0.10736
0.11209
0.12305
0.11652
0.087708
0.064362
0.029816
0.0016174
-0.012085
-0.048462
-0.070221
-0.108
-0.21158
-0.18991
-0.21188
-0.2486
-0.15576
-0.22192
-0.20944
-0.1344
-0.12131
-0.023682
0.041595
0.10391
0.15433
0.21854
0.30252
0.32968
0.36932
0.38663
0.35013
0.3237
0.28864
0.22009
0.14163
0.063904
-0.030579
-0.12305
-0.18222
-0.2431
-0.28018
-0.29425
-0.2999
-0.27658
-0.2504
-0.20059
-0.13428
-0.070038
-0.010071
0.050812
0.093842
0.1221
0.17868
0.20056
0.19571
0.19797
0.16168
0.11862
0.081268
0.053131
0.010742
-0.053253
-0.056671
-0.19815
-0.30298
-0.23178
-0.3634
-0.29004
-0.25137
-0.36731
-0.26279
-0.24496
-0.15781
-0.069733
0.038055
0.11932
0.1546
0.31937
0.36169
0.42834
0.50131
0.47116
0.4364
0.39874
0.35941
0.25974
0.18256
0.068787
-0.084259
-0.16019
-0.25101
-0.31686
-0.34119
-0.36438
-0.354
-0.34
-0.27802
-0.2114
-0.14481
-0.04184
0.021912
0.025787
0.1185
0.24771
0.25284
0.2847
0.32806
0.26382
0.21631
0.20447
0.1373
0.038086
0.011475
-0.027863
-0.48563
-0.61099
-0.47318
-0.64224
-0.48672
-0.47141
-0.47491
-0.39926
-0.1062
0.3187
0.24619
0.44431
0.59247
0.58578
0.66718
0.71194
0.57318
0.21152
0.11096
-0.0043335
-0.18307
-0.22226
-0.29724
-0.42557
-0.3884
-0.25735
-0.1788
-0.063904
0.020935
0.11954
0.22159
0.29709
0.27658
0.19778
0.17621
0.14883
0.12405
0.025848
-0.013458
0.010834
0.026642
-0.010864
-0.13385
-0.12686
-0.24402
-0.20157
-0.41776
-0.88446
-0.57138
-0.52835
-0.45764
-0.21515
-0.12802
0.048523
0.2182
0.68732
0.59106
0.51263
0.61588
0.45322
0.40195
0.21957
0.068878
-0.2309
-0.26477
-0.25708
-0.30667
-0.10449
-0.06131
0.037994
0.11633
0.18576
0.14249
0.098938
0.14447
0.063354
0.047913
0.0056152
-0.061768
-0.13361
-0.10883
-0.017853
-0.016357
0.040924
0.11362
0.17953
0.2681
0.27438
0.095306
-0.074738
-0.24869
-0.1994
-0.51852
-1
-0.71246
-0.62778
-0.58044
-0.17407
-0.0068665
0.18164
0.37653
0.92551
0.71344
0.55365
0.6051
0.35794
0.22858
0.014374
-0.23013
-0.6163
-0.22433
-0.051239
-0.12894
0.10971
0.16397
0.2352
0.33173
0.50467
0.17499
-0.042328
0.01297
-0.11752
-0.18295
-0.25333
-0.29907
-0.33493
-0.098907
0.12677
0.15649
0.29269
0.42868
0.27319
0.13611
0.020111
-0.15015
-0.62741
-1
-0.92047
-0.71646
-0.69788
-0.25629
-0.052399
0.26547
0.58267
0.99997
0.90494
0.63519
0.65897
0.37515
0.19327
-0.19476
-0.43411
-0.74265
-0.45364
-0.076599
-0.098907
0.12729
0.29855
0.47168
0.53314
0.5119
0.23138
-0.019836
-0.033417
-0.14676
-0.30435
-0.39255
-0.35553
-0.26172
0.017883
0.23389
0.29074
0.44202
0.45892
0.29059
0.072479
-0.1192
-0.5062
-1
-1
-0.85172
-0.9736
-0.55301
-0.17822
0.20786
0.53647
0.99997
0.99997
0.74387
0.80743
0.53989
0.2673
-0.13596
-0.39267
-0.60577
-0.56372
-0.13132
-0.048309
0.08728
0.28357
0.63559
0.69263
0.49945
0.33533
0.069946
-0.082397
-0.14185
-0.26657
-0.46979
-0.42804
-0.21509
-0.0072937
0.15741
0.35681
0.46558
0.34488
0.25165
0.04425
-0.25189
-1
-1
-0.95538
-1
-0.79129
-0.33755
0.038605
0.39951
0.99997
0.99997
0.80334
0.84494
0.71243
0.34567
0.010651
-0.32617
-0.58347
-0.67212
-0.22977
-0.10605
-0.10818
0.21994
0.67004
0.76022
0.57068
0.40289
0.17288
0.033936
0.0015564
-0.17258
-0.45627
-0.40945
-0.15396
0.045258
0.19696
0.44223
0.44678
0.27951
0.32321
0.12134
-1
-1
-1
-1
-1
-0.70926
-0.32852
0.074432
0.85172
0.99997
0.92926
0.83905
0.9577
0.71249
0.38879
-0.079651
-0.52957
-0.78912
-0.40488
-0.16443
-0.30685
-0.10382
0.40137
0.75528
0.71582
0.48892
0.25104
0.12476
0.079407
-0.016632
-0.29111
-0.4259
-0.28363
-0.014648
0.18536
0.34961
0.41479
0.3508
0.42062
0.26233
-0.90521
-1
-1
-1
-1
-0.65698
-0.47433
-0.054047
0.75311
0.99997
0.85364
0.84
0.83484
0.64905
0.51068
0.032227
-0.44284
-0.65707
-0.40878
-0.22296
-0.2688
-0.1131
0.27734
0.64099
0.67664
0.41708
0.18289
0.13467
0.11343
-0.0026855
-0.21243
-0.28464
-0.19958
0.028198
0.20206
0.3443
0.4516
0.31033
0.39645
0.10587
-1
-1
-1
-1
-1
-0.69962
-0.30084
0.12875
0.97028
0.99997
0.80344
0.8999
0.82486
0.65851
0.3989
0.0066223
-0.48657
-0.57657
-0.2453
-0.36002
-0.33255
0.11115
0.42123
0.55759
0.58069
0.34824
0.11276
0.10745
0.052856
-0.18707
-0.23441
-0.1387
-0.060272
0.087402
0.31177
0.39697
0.21234
0.39624
0.19983
-1
-1
-1
-1
-1
-0.86191
-0.62094
-0.16144
0.80075
0.96585
0.78128
0.99997
0.94577
0.76782
0.66635
0.24054
-0.37308
-0.28452
-0.0058899
-0.41312
-0.31186
0.19153
0.28351
0.39844
0.5495
0.28607
0.017883
0.1676
0.081451
-0.21906
-0.1951
-0.14337
-0.16034
0.07663
0.31671
0.0961
0.075623
0.1438
-0.66522
-1
-0.79541
-1
-1
-0.79514
-0.55118
-0.43887
0.29053
0.7674
0.66232
0.87814
0.99997
0.79678
0.6593
0.50204
0.021027
-0.11383
-0.029846
-0.26462
-0.26016
0.086517
0.16666
0.19244
0.37604
0.26147
0.09494
0.18375
0.13702
-0.033234
-0.05069
-0.00061035
-0.026093
0.088623
0.22156
-0.015289
-0.0057373
-0.19772
-0.79343
-0.86258
-0.86758
-1
-1
-0.72571
-0.54181
-0.33969
0.22552
0.43555
0.54221
0.79663
0.8754
0.81747
0.74542
0.5817
0.28128
0.22177
0.17709
-0.0052185
0.026276
0.12573
0.089844
0.11508
0.1445
0.025452
-0.082001
-0.080902
-0.096252
-0.11517
-0.071564
-0.061432
-0.062836
0.021973
0.04538
-0.032837
-0.052765
-0.3132
-0.52618
-0.43265
-0.46783
-0.62366
-0.61649
-0.46985
-0.42804
-0.24911
0.0046082
0.055695
0.14853
0.28122
0.33636
0.36258
0.41373
0.43372
0.43124
0.48727
0.45679
0.39325
0.42474
0.37595
0.25067
0.17361
0.076874
-0.044708
-0.12552
-0.12552
-0.17392
-0.22324
-0.16833
-0.16693
-0.15353
-0.044006
-0.080017
-0.083832
-0.066071
-0.21002
-0.28494
-0.26465
-0.27374
-0.30698
-0.28366
-0.26611
-0.26404
-0.20795
-0.13889
-0.098419
-0.040802
-0.014008
0.019653
0.064209
0.12415
0.20499
0.25769
0.3483
0.41003
0.42056
0.41177
0.42258
0.41278
0.30923
0.22314
0.080963
0.018585
-0.039124
-0.081665
-0.076355
-0.1936
-0.13876
-0.18192
-0.22833
-0.060577
-0.099243
-0.11105
-0.066467
-0.11972
-0.14862
-0.16779
-0.22482
-0.19687
-0.19296
-0.24744
-0.15601
-0.10776
-0.092255
-0.035645
-0.018158
-0.026672
0.010193
0.01828
0.029572
0.094727
0.11685
0.10678
0.15991
0.21078
0.19864
0.23889
0.27164
0.25583
0.18948
0.14163
0.10394
0.087463
0.055054
-0.022156
-0.026337
-0.019562
-0.039673
-0.072754
-0.064941
-0.078613
-0.089813
-0.073883
-0.095856
-0.13998
-0.12057
-0.15201
-0.15997
-0.13345
-0.15689
-0.12094
-0.087097
-0.058716
-0.0043945
0.023468
0.026642
0.048889
0.039124
0.031708
0.041962
0.04245
0.028015
0.06723
0.075745
0.064178
0.11639
0.12595
0.079529
0.079285
0.091827
0.03476
0.032623
0.035126
-0.01886
-0.021484
0.014618
-0.020691
-0.047485
0.0014648
-0.0041504
-0.041748
0.0040283
-0.056396
-0.085175
-0.053864
-0.10358
-0.086975
-0.099182
-0.10837
-0.053406
-0.040131
-0.028442
0.019348
0.042389
0.050781
0.047974
0.046906
0.044922
0.0038452
0.025757
0.053406
0.02536
0.066406
0.07962
0.076935
0.086914
0.085297
0.064331
0.041779
0.0098267
-0.022003
-0.030884
-0.044098
-0.041229
-0.056641
-0.055817
-0.062988
-0.02655
-0.030426
-0.035278
-0.014404
-0.06012
-0.038849
-0.066406
-0.11191
-0.087036
-0.039612
-0.047058
-0.02356
0.011047
0.0064697
0.068573
0.055695
0.042877
0.072052
0.053131
0.015503
0.05896
0.039856
-0.00021362
0.072754
0.076843
0.070038
0.087463
0.069977
0.069366
0.093506
0.019562
-0.031891
0.0081177
-0.024872
-0.040283
-0.034668
-0.079468
-0.093933
-0.046478
-0.078888
-0.078278
-0.036804
-0.098267
-0.067719
-0.0032959
-0.064545
-0.091064
-0.014832
-0.045715
-0.046387
-0.016327
-0.043213
-0.0098572
0.05246
0.025757
0.029968
0.099915
0.071136
0.075623
0.067291
0.088928
0.080353
0.077545
0.10202
0.044281
0.057739
0.071747
0.033173
0.024353
0.022064
0.00088501
0.0075989
-0.0028687
-0.042542
-0.048676
-0.064789
-0.10236
-0.067657
-0.12985
-0.086243
-0.06485
-0.080963
-0.049164
-0.10968
-0.064911
-0.0042419
-0.036682
-0.05249
0.0092163
-0.017151
-0.013885
0.037262
-0.0020447
0.012878
0.074097
0.084778
0.10663
0.10684
0.086395
0.12659
0.10049
0.071472
0.074066
0.041443
0.030701
0.024963
0.035095
0.0030823
0.0011292
-0.006958
-0.016846
-0.012177
-0.060547
-0.048309
-0.067413
-0.084991
-0.11563
-0.091736
-0.075775
-0.089905
-0.095978
-0.073486
-0.053833
-0.077393
-0.047089
3.0518e-05
-0.0061035
0.0082703
0.052185
0.0024719
0.035889
0.064941
0.029388
0.090118
0.094238
0.082367
0.087799
0.092834
0.059845
0.061401
0.059143
0.034058
0.027863
0.041443
0.0401
-0.033936
0.041931
0.019226
-0.051971
0.013306
-0.027466
-0.0737
-0.046387
-0.056763
-0.093445
-0.063873
-0.075073
-0.10092
-0.058777
-0.055908
-0.084473
-0.066986
-0.055298
-0.027679
-0.01828
-0.023529
0.029938
0.025269
0.028046
0.055511
0.055481
0.050568
0.10352
0.079834
0.041443
0.10953
0.074524
0.044464
0.078522
0.011444
0.031372
0.041443
-0.013397
0.014038
0.011627
-0.023529
-0.0087891
-0.030548
-0.053009
-0.033966
-0.057404
-0.038849
-0.025421
-0.076721
-0.051453
-0.042603
-0.041779
-0.038452
-0.046844
-0.045563
-0.028076
-0.02121
-0.0082397
0.013489
-0.0082703
0.01297
0.030029
0.021698
0.025848
0.033447
0.065887
0.037842
0.042755
0.053925
0.034546
0.034485
0.025055
0.015869
0.020172
0.048035
0.021301
0.004425
-0.022888
-0.035339
-0.0045776
-0.036896
-0.033875
-0.0028381
-0.012726
-0.01767
-0.020538
-0.054443
-0.0090027
-0.030334
-0.031189
0.0099792
-0.0466
-0.015533
-0.00039673
-0.017914
-0.01947
0.00054932
-0.011047
0.007019
0.03006
-0.026184
0.031616
0.012878
0.010803
0.036224
0.039948
0.051819
0.043274
0.073425
0.053436
0.024902
0.04126
0.028931
0.019775
0.012573
-0.01535
-0.019958
-0.035858
-0.042419
-0.067993
-0.055084
-0.047302
-0.063477
-0.045135
-0.035004
-0.046112
-0.035797
-0.031647
-0.0047913
0.0023499
-0.018372
0.00048828
0.018433
-0.00091553
0.011475
0.025238
0.025238
0.0035706
0.021973
0.019409
0.0028992
0.032043
0.03186
0.056641
0.054016
0.036224
0.042603
0.04425
0.030426
0.02359
0.0448
0.0036011
0.0056152
0.010681
-0.031494
-0.032837
-0.025269
-0.030029
-0.056519
-0.028961
-0.049316
-0.033966
-0.054962
-0.05661
-0.025146
-0.020508
-0.031403
-0.013245
0.0022278
-0.036346
0.023254
0.0010376
0.0041199
-0.017517
0.043213
-0.0037842
0.0026245
0.046173
0.010162
0.063293
0.004303
0.031189
0.067047
0.014679
0.049347
0.045258
0.04776
0.034454
0.018372
0.014984
0.016937
0.013275
-0.025696
-0.027954
-0.013184
-0.056488
-0.046295
-0.039154
-0.053802
-0.070465
-0.019562
-0.047546
-0.076202
0.0088501
-0.054962
0.014496
0.0018005
-0.061066
0.053467
0.01178
-0.00177
0.0094299
0.0015564
0.0090332
0.0084534
0.0015259
0.026947
0.020325
0.0078735
0.073456
0.022461
0.031982
0.059418
0.025909
0.051239
0.033813
0.028137
0.028076
0.0059814
0.01886
-0.0042725
-0.026398
-0.0012207
-0.017883
-0.032837
-0.02298
-0.040863
-0.041168
-0.03775
-0.05011
-0.051483
-0.03656
-0.039246
-0.034882
-0.0048523
-0.012024
-0.013
0.0067444
0.011505
0.017181
0.019806
0.023193
0.031891
0.023712
0.015442
0.033417
0.019196
0.0083923
0.030273
0.0079956
0.015381
0.030121
0.0033264
0.0224
0.0028076
-9.1553e-05
0.016785
-0.002533
0.0056458
0.0059204
-0.0028381
-0.0049744
-0.0099792
-0.016785
-0.015656
-0.022919
-0.028473
-0.027863
-0.033997
-0.033234
-0.029877
-0.030609
-0.025757
-0.020447
-0.017273
-0.010315
-0.0066833
0.0027466
0.0042114
0.0060425
0.011383
0.013672
0.018066
0.022095
0.030365
0.032501
0.030426
0.024597
0.026398
0.024323
0.018402
0.014282
0.014069
0.0098877
0.0045471
0.0065308
0.0054321
0.0046387
0.0016174
-0.0031128
-0.006134
-0.012634
-0.013672
-0.02005
-0.02298
-0.026703
-0.028503
-0.028961
-0.025787
-0.020905
-0.017822
-0.012238
-0.0088196
-0.0038757
-0.00061035
0.0025635
0.0074463
0.01355
0.014404
0.012543
0.014801
0.016663
0.018066
0.017883
0.017273
0.013824
0.014526
0.017731
0.01413
0.0084839
0.0022583
