-0.00030518
-0.00015259
-0.00079346
-0.0020142
-0.00097656
0.00091553
-0.00067139
-0.00054932
0.0017395
0.00027466
-0.0013733
0.0014648
0.0029297
-0.0012817
0.00012207
0.0036011
-3.0518e-05
-0.0011292
0.003479
0.0022278
-0.0019836
0.00061035
0.0026855
0.0007019
-0.0017395
0.0011292
0.0012817
-0.0047913
-0.0010376
0.00054932
-0.0046082
-0.0023804
-0.0010071
-0.0021362
-0.0021667
-0.0016174
-0.00021362
-0.0020142
-0.0023499
0.002594
0.00036621
-0.0022278
0.010498
-0.0048218
-0.0049133
0.022125
-0.010895
-0.011017
0.022949
-0.00082397
-0.01059
0.009491
0.0084839
-0.0053711
-0.005127
0.0049438
0.0053101
-0.0053101
-0.0057983
0.0028381
0.0010681
0.0054321
-0.017853
-0.030914
0.034058
0.022797
-0.035736
0.012878
0.028687
-0.009613
0.0024109
0.0097351
-0.0037537
-0.009552
-0.0032349
0.0080566
-0.012024
-0.029266
-0.0037842
-0.0010376
-0.014069
-0.023621
-0.016083
0.010803
0.00076294
0.0018311
0.017029
0.0050049
0.021912
0.038147
0.003479
0.015778
0.034454
-0.0007019
0.0019836
0.012085
-0.018768
-0.031952
0.0063782
-0.017639
-0.072632
0.0067749
0.0094604
-0.043213
0.023987
0.020844
-0.0040283
0.027252
0.019135
0.0098877
0.0177
0.0014954
0.0062561
0.0025024
-0.027527
-0.004425
-0.0084839
-0.033508
-0.0053711
-0.0092773
-0.017609
0.0062561
-0.0023499
-0.014648
0.0037231
0.0020142
0.0095825
0.016937
-0.012939
0.031433
0.044861
-0.0021057
0.043152
0.041321
-0.0021667
0.022827
0.014282
-0.0093079
-0.011383
-0.021576
-0.01532
-0.025757
-0.0289
-0.013367
-0.015625
-0.008667
0.0049438
0.0098572
0.0066833
0.015625
0.010651
-0.0030212
-0.00012207
-0.0112
-0.018433
-0.024353
-0.027222
-0.027649
-0.033997
-0.036469
-0.033752
-0.025482
-0.017487
-0.00012207
0.0030823
0.010193
0.02478
0.026611
0.029541
0.028625
0.026093
0.0064392
-0.0040283
-0.020111
-0.039581
-0.031006
-0.033722
-0.018738
0.0037231
0.016632
0.039032
0.05368
0.080414
0.090759
0.10388
0.11243
0.097595
0.080353
0.049042
0.019836
-0.013794
-0.032623
-0.056732
-0.080292
-0.083893
-0.096558
-0.097534
-0.081116
-0.056061
-0.035217
-0.013092
0.0083313
0.016876
0.027649
0.029083
0.026947
0.021057
0.0085144
-0.0054932
-0.022064
-0.039154
-0.052216
-0.05603
-0.057404
-0.046143
-0.036438
-0.016449
0.0055237
0.023346
0.050629
0.061768
0.070312
0.078522
0.074097
0.062744
0.055206
0.043762
0.028809
0.022217
0.010773
-0.00094604
-0.0023499
-0.0053101
-0.011597
-0.01416
-0.015137
-0.0224
-0.026489
-0.040161
-0.050201
-0.067352
-0.087341
-0.096161
-0.10696
-0.11154
-0.1123
-0.098694
-0.079041
-0.042999
-0.016296
0.010651
0.038574
0.017822
-0.047882
-0.024139
0.02536
-0.0027771
0.10989
0.16116
0.14133
0.17276
0.16049
0.18793
0.16354
0.21548
0.21533
0.14731
0.11295
0.010101
-0.045776
-0.10547
-0.10464
-0.11035
-0.12579
-0.10532
-0.12442
-0.11783
-0.096527
-0.056549
-0.015106
0.013641
0.026184
0.016632
-0.0049133
-0.032623
-0.049713
-0.058044
-0.059937
-0.065704
-0.073761
-0.080231
-0.083069
-0.067047
-0.034546
0.0075073
0.043152
0.062531
0.063202
0.060516
0.054047
0.044067
0.041656
0.035614
0.018158
-0.0076904
-0.029816
-0.046051
-0.046204
-0.027069
-0.0007019
0.016937
0.029938
0.025757
0.015991
0.010803
0.0020142
0.0084839
0.013062
0.020874
0.021942
0.022583
0.024475
0.016235
0.027374
0.035187
0.039398
0.039459
0.032227
0.032043
0.023895
0.019958
0.023621
0.029388
0.029327
0.019806
0.0021362
-0.014862
-0.029572
-0.045471
-0.044189
-0.05127
-0.070557
-0.064972
-0.066193
-0.084564
-0.062897
-0.069
-0.088257
-0.06604
-0.045868
-0.033661
-0.049957
-0.040558
-0.046936
-0.072815
-0.064758
-0.021606
-0.11703
-0.13687
0.022339
-0.047333
0.090942
0.25687
0.23065
0.31686
0.28781
0.30521
0.2179
0.19366
0.21802
0.080933
0.040222
-0.052185
-0.14532
-0.22086
-0.19025
-0.14029
-0.11963
-0.018829
0.026031
0.0055847
0.016205
0.038635
0.003418
0.0069275
0.0091858
-0.043915
-0.10333
-0.14615
-0.18069
-0.20123
-0.16443
-0.10455
-0.060455
-0.014496
0.028778
0.040771
0.048126
0.080505
0.088806
0.082397
0.069824
0.039612
-0.0074158
-0.039642
-0.041931
-0.036926
-0.016876
0.0062561
0.022675
0.026306
0.032928
0.039368
0.036713
0.034454
0.027893
0.0072327
-0.012238
-0.023315
-0.016724
-0.0039673
0.011871
0.037109
0.039185
0.044128
0.044678
0.03537
0.04126
0.03537
0.029144
0.02417
0.010345
0.0048218
0.009491
0.019073
0.026611
0.025604
0.0099182
-0.010834
-0.03421
-0.047302
-0.055939
-0.051514
-0.029755
-0.042053
-0.05365
-0.07016
-0.11942
-0.13583
-0.11533
-0.10605
-0.068268
-0.048004
-0.060486
-0.036621
-0.052032
-0.046722
0.016083
-0.028107
-0.050629
0.055603
0.014587
0.069733
0.20938
0.16919
0.2446
0.24191
0.22672
0.21069
0.14536
0.1817
0.09201
0.040009
0.006073
-0.087555
-0.14923
-0.14072
-0.1181
-0.10547
-0.03775
-0.0028076
-0.0016174
-0.011749
0.0042419
-0.025085
-0.03891
-0.015625
-0.055054
-0.078735
-0.098328
-0.12527
-0.14197
-0.12027
-0.069489
-0.036011
0.013855
0.048401
0.049103
0.040527
0.038879
0.029816
0.019867
0.02356
0.014801
-0.0038757
-0.020081
-0.025909
-0.025543
-0.01709
0.0044556
0.01532
0.0075684
-0.0016785
-0.012939
-0.014893
-0.0036011
0.023468
0.042389
0.047455
0.051056
0.034149
0.025635
0.024017
0.02887
0.033081
0.03479
0.035278
0.018066
0.018433
0.024414
0.031281
0.046143
0.05014
0.039368
0.023285
0.0031738
-0.016418
-0.020386
-0.023346
-0.023224
-0.036194
-0.04422
-0.063965
-0.10263
-0.097046
-0.11758
-0.13821
-0.09024
-0.092163
-0.10373
-0.093353
-0.095245
-0.067261
-0.068512
0.00073242
-0.0058289
-0.075348
0.0755
0.049103
0.079742
0.25391
0.18814
0.26263
0.24774
0.20044
0.20108
0.1033
0.15283
0.08371
0.013062
0.0059814
-0.081451
-0.12241
-0.090698
-0.074677
-0.046051
0.018585
0.024139
0.020599
-0.020874
-0.033691
-0.061371
-0.099579
-0.067413
-0.09671
-0.11029
-0.11307
-0.1358
-0.12338
-0.097046
-0.035156
0.013153
0.037384
0.055237
0.031738
-0.0027161
-0.0072632
-0.020996
-0.018555
-0.0014954
-0.0041809
0.0015564
-0.00042725
0.0064087
0.015747
0.029968
0.05014
0.046783
0.035309
0.022491
0.010742
0.009613
0.029602
0.039185
0.05249
0.055084
0.043701
0.033783
0.02179
0.023621
0.022247
0.021332
0.013275
0.0062561
-0.0022278
-0.006897
-0.0029907
-0.004364
-0.0071411
-0.01413
-0.020752
-0.023499
-0.027588
-0.03598
-0.027985
-0.02066
-0.034302
-0.037506
-0.053986
-0.11237
-0.12607
-0.10147
-0.091888
-0.056366
-0.040924
-0.061523
-0.07489
-0.061035
-0.051239
-0.012299
0.053406
-0.014832
0.052582
0.09494
0.023163
0.21735
0.20407
0.24176
0.3161
0.19135
0.2157
0.085175
0.059692
0.044586
-0.030945
-0.0072327
-0.059662
-0.10229
-0.10794
-0.086121
-0.085815
-0.0096436
0.024109
0.035339
0.023956
-0.022888
-0.052673
-0.12094
-0.10504
-0.11417
-0.11313
-0.082153
-0.096558
-0.086792
-0.070007
-0.037872
0.0028381
0.041656
0.054169
0.043091
0.0022583
-0.027191
-0.04834
-0.065765
-0.029205
-0.019623
0.0024414
0.020416
0.015778
0.019897
0.01413
0.023438
0.027039
0.042236
0.049622
0.051636
0.060272
0.059052
0.064819
0.069672
0.072449
0.072418
0.061066
0.048828
0.039429
0.026367
0.016266
0.0096741
0.0037231
-0.0028076
-0.010254
-0.018402
-0.03653
-0.041016
-0.043579
-0.054779
-0.05658
-0.062805
-0.070496
-0.072968
-0.068207
-0.080963
-0.11511
-0.14767
-0.16754
-0.15579
-0.13809
-0.10907
-0.059448
-0.015106
0.0046082
0.002533
0.041229
0.082855
0.0057983
0.035309
0.14999
0.093475
0.18179
0.30554
0.23044
0.30103
0.26154
0.2132
0.22028
0.12543
0.14285
0.03064
-0.030334
-0.092163
-0.18756
-0.18738
-0.15521
-0.12451
-0.065216
0.011566
-0.012482
-0.0038147
-0.03421
-0.064636
-0.08493
-0.098053
-0.085358
-0.12823
-0.1268
-0.13571
-0.14432
-0.098938
-0.051422
0.013367
0.057739
0.078278
0.060944
0.022766
-0.019562
-0.034302
-0.049713
-0.035339
-0.0083008
-0.014618
0.0054016
-0.0047913
0.010284
0.029572
0.043488
0.082947
0.092407
0.1012
0.083862
0.059753
0.054596
0.035553
0.039001
0.051544
0.052368
0.059448
0.057709
0.048981
0.049957
0.039062
0.030457
0.023712
0.0033875
-0.01828
-0.047974
-0.059723
-0.06781
-0.068695
-0.066864
-0.063232
-0.058929
-0.078064
-0.081085
-0.089661
-0.13022
-0.15411
-0.16293
-0.17389
-0.14926
-0.13403
-0.13058
-0.080963
-0.017944
-0.0059814
0.026459
0.12866
0.038025
-0.0025635
0.13379
0.077789
0.14169
0.31857
0.28223
0.35678
0.32037
0.24817
0.25031
0.1236
0.16217
0.099945
0.038025
-0.0021973
-0.11615
-0.16437
-0.19077
-0.18112
-0.11829
-0.033356
-0.012817
0.015839
-0.024963
-0.087372
-0.13345
-0.16876
-0.14456
-0.14413
-0.11667
-0.1066
-0.1275
-0.1073
-0.079987
-0.033081
0.031189
0.084229
0.086487
0.06131
0.007019
-0.042114
-0.079315
-0.084961
-0.051941
-0.032837
-0.0011292
0.0039673
0.007782
0.02478
0.048004
0.083496
0.13345
0.15414
0.13318
0.11353
0.057465
0.024994
0.029785
0.031708
0.058807
0.071777
0.071198
0.061127
0.044556
0.038025
0.036316
0.030212
0.014893
-0.0047607
-0.034821
-0.065765
-0.086243
-0.087708
-0.07962
-0.066132
-0.066193
-0.058929
-0.085968
-0.12851
-0.14423
-0.19
-0.18805
-0.18393
-0.18698
-0.14899
-0.11703
-0.088776
-0.025818
0.042664
0.080811
0.11731
0.039093
0.035583
0.095947
0.042816
0.20416
0.31253
0.28339
0.39133
0.29282
0.26398
0.21939
0.13556
0.18774
0.11423
0.074463
-0.0052795
-0.10468
-0.18787
-0.2074
-0.1778
-0.10352
-0.018097
0.012787
0.02951
-0.041809
-0.09729
-0.15689
-0.18384
-0.16211
-0.15448
-0.11847
-0.13251
-0.13745
-0.12601
-0.096375
-0.036743
0.02887
0.08786
0.092499
0.06778
0.0051575
-0.044983
-0.094055
-0.087769
-0.062897
-0.03772
0.0071106
0.0088806
0.025879
0.046783
0.071198
0.12003
0.15543
0.15607
0.1481
0.10532
0.057709
0.034454
0.017731
0.03717
0.05368
0.066315
0.076477
0.057373
0.048187
0.032837
0.019226
0.014343
-0.0038757
-0.034851
-0.057556
-0.082581
-0.10464
-0.09787
-0.084534
-0.07663
-0.082764
-0.083679
-0.10471
-0.14395
-0.13483
-0.15533
-0.17227
-0.14343
-0.1637
-0.14355
-0.084442
-0.047516
-0.0032654
0.07251
0.068665
-0.032593
0.065582
0.10239
0.079437
0.31607
0.34793
0.3584
0.41028
0.26334
0.26575
0.15771
0.10992
0.15918
0.071442
0.036896
-0.037598
-0.12827
-0.19098
-0.17682
-0.13647
-0.046143
0.0084839
0.032593
0.012848
-0.089905
-0.1391
-0.20166
-0.19711
-0.16815
-0.1362
-0.10049
-0.11313
-0.10553
-0.10229
-0.071381
-0.01236
0.049866
0.078674
0.080811
0.037262
-0.031586
-0.066742
-0.10693
-0.078857
-0.04892
-0.0077209
0.029633
0.016968
0.028961
0.03476
0.063629
0.1124
0.14523
0.15283
0.14072
0.094971
0.055817
0.038727
0.029449
0.047363
0.061401
0.078949
0.074036
0.053162
0.04892
0.024078
0.012848
0.0079346
-0.012024
-0.031525
-0.062469
-0.089111
-0.09436
-0.095428
-0.10168
-0.089783
-0.10135
-0.11923
-0.085358
-0.10162
-0.13556
-0.15649
-0.19983
-0.20862
-0.20337
-0.16769
-0.082794
-0.016022
0.036133
0.11401
0.0070496
-0.0095825
0.15317
0.078949
0.2547
0.43295
0.35065
0.44812
0.30832
0.24017
0.19583
0.066772
0.15533
0.1188
0.061432
0.019562
-0.065643
-0.16827
-0.17453
-0.1499
-0.074188
0.013519
0.013824
0.026459
-0.079285
-0.15732
-0.21118
-0.24011
-0.18979
-0.16919
-0.11322
-0.1066
-0.11838
-0.10681
-0.098175
-0.047668
0.017456
0.053528
0.07547
0.062622
-0.0082397
-0.032776
-0.075592
-0.079315
-0.049194
-0.031982
0.0077209
0.0088806
0.029572
0.051544
0.078613
0.12457
0.1485
0.16028
0.15109
0.1199
0.084106
0.055786
0.045044
0.057068
0.064331
0.074524
0.082611
0.067413
0.059845
0.041962
0.026581
0.0078125
-0.011658
-0.047394
-0.082306
-0.099609
-0.12204
-0.12082
-0.12222
-0.11731
-0.11725
-0.11908
-0.11447
-0.16122
-0.18884
-0.19327
-0.23196
-0.21725
-0.18793
-0.13028
-0.061493
-0.023132
0.067505
-0.0095215
-0.003418
0.16083
0.12149
0.26483
0.43967
0.3894
0.46063
0.3504
0.28421
0.2399
0.096191
0.1705
0.1261
0.049622
0.013519
-0.055176
-0.14041
-0.14352
-0.11246
-0.044159
0.034271
0.036652
0.040588
-0.066345
-0.16006
-0.21695
-0.26093
-0.22394
-0.19043
-0.14001
-0.12201
-0.13101
-0.11713
-0.10959
-0.066925
-0.0043335
0.042389
0.058289
0.041107
-0.020721
-0.065247
-0.10663
-0.11069
-0.074463
-0.047638
-0.00036621
0.019012
0.044586
0.073425
0.10065
0.14105
0.17435
0.18246
0.16013
0.13278
0.093536
0.063599
0.059875
0.063782
0.082703
0.09259
0.096771
0.081024
0.058014
0.04538
0.018677
0.0066833
-0.018097
-0.055206
-0.070129
-0.1124
-0.13184
-0.12354
-0.14761
-0.14267
-0.11789
-0.095734
-0.10266
-0.14188
-0.16174
-0.17496
-0.29672
-0.30396
-0.19547
-0.25766
-0.1839
-0.019501
-0.10556
-0.0012817
0.19638
0.22769
0.42963
0.54037
0.53903
0.57294
0.37259
0.28281
0.19427
-0.0049438
0.060913
0.011597
-0.032501
-0.021667
-0.057892
-0.064362
-0.046875
0.0071411
0.063019
0.1058
0.070068
0.022736
-0.094055
-0.21762
-0.28348
-0.31158
-0.27325
-0.22073
-0.13776
-0.08609
-0.072388
-0.042023
-0.03299
-0.0051575
0.0093384
0.02594
0.0077515
-0.048523
-0.10123
-0.14578
-0.16327
-0.13815
-0.062317
-0.00085449
0.049683
0.071442
0.078613
0.087372
0.083984
0.1091
0.13409
0.13702
0.12738
0.1087
0.088837
0.068359
0.083527
0.10321
0.11673
0.12338
0.11282
0.087219
0.046906
0.032623
0.015839
0.0036011
-0.010315
-0.038696
-0.049408
-0.091095
-0.11703
-0.098816
-0.1116
-0.12082
-0.10202
-0.090271
-0.12625
-0.1951
-0.2027
-0.22745
-0.29861
-0.26633
-0.22559
-0.24774
-0.18231
-0.11646
-0.13437
-0.00030518
0.1633
0.24185
0.43863
0.55151
0.53561
0.54608
0.38248
0.31479
0.20377
0.050995
0.098022
0.01474
-0.035095
-0.049225
-0.064636
-0.070923
-0.035645
0.029999
0.095734
0.12085
0.0737
0.039612
-0.098938
-0.21762
-0.2706
-0.31091
-0.2778
-0.23727
-0.15448
-0.1076
-0.090576
-0.043945
-0.020691
0.01355
0.02829
0.046539
0.027771
-0.039429
-0.10907
-0.15451
-0.18472
-0.1683
-0.10052
-0.043274
0.016144
0.051605
0.084381
0.099548
0.10153
0.13354
0.14331
0.14322
0.13211
0.10974
0.093536
0.070099
0.084198
0.10684
0.12473
0.13495
0.12851
0.10904
0.07312
0.037262
0.013428
-0.0030823
-0.032043
-0.045654
-0.076874
-0.10645
-0.10733
-0.13141
-0.12854
-0.10938
-0.096039
-0.076538
-0.15225
-0.20895
-0.22241
-0.31842
-0.34531
-0.30545
-0.28339
-0.23456
-0.14908
-0.13925
-0.030762
0.17145
0.23694
0.44135
0.60892
0.56308
0.58591
0.44144
0.30212
0.21063
0.033813
0.056366
0.0093994
-0.047485
-0.027771
-0.044159
-0.050323
-0.0080261
0.053802
0.097504
0.13751
0.093109
0.040619
-0.073151
-0.21387
-0.27563
-0.31982
-0.29642
-0.23953
-0.16534
-0.09729
-0.075592
-0.036407
-0.016937
-0.0032654
0.016327
0.022919
0.0025024
-0.044556
-0.10712
-0.14328
-0.16818
-0.17288
-0.10999
-0.057922
-0.013397
0.020569
0.050171
0.072662
0.066742
0.093933
0.12274
0.12869
0.13235
0.13547
0.12619
0.10297
0.11008
0.1257
0.13364
0.1405
0.14481
0.12848
0.099365
0.074463
0.043976
0.017822
-0.018097
-0.037323
-0.058502
-0.089691
-0.097321
-0.13159
-0.13638
-0.10623
-0.12695
-0.15259
-0.18317
-0.25473
-0.29636
-0.35748
-0.36133
-0.29773
-0.32407
-0.22134
-0.096252
-0.11322
0.09201
0.29257
0.35519
0.56775
0.58499
0.55249
0.50839
0.2782
0.22751
0.089569
-0.022797
0.01236
-0.037933
-0.056641
-0.051483
-0.0093689
0.012787
0.083038
0.15094
0.17868
0.16028
0.057495
-0.03363
-0.17224
-0.27756
-0.30719
-0.2854
-0.24072
-0.18494
-0.10327
-0.071289
-0.04126
-0.0039368
0.031464
0.056061
0.039673
0.017792
-0.053314
-0.14609
-0.21329
-0.2359
-0.21576
-0.1694
-0.085754
-0.017914
0.016052
0.044891
0.0784
0.093201
0.10931
0.13776
0.14066
0.11768
0.08905
0.083496
0.07431
0.076721
0.12149
0.1554
0.1669
0.16574
0.15381
0.12277
0.07901
0.052704
0.040619
0.0093994
-0.0271
-0.042847
-0.075256
-0.11154
-0.10297
-0.081787
-0.078003
-0.064636
-0.080322
-0.19217
-0.31342
-0.42584
-0.51895
-0.51868
-0.43439
-0.29697
-0.13412
-0.039703
0.033966
0.21896
0.29425
0.36267
0.60886
0.60556
0.57629
0.51801
0.27753
0.17651
-0.051544
-0.084076
-0.006958
-0.042816
0.049164
0.088196
0.070953
0.0336
0.052399
0.049561
0.075623
0.07132
0.017059
-0.01709
-0.19098
-0.26691
-0.30576
-0.32065
-0.22775
-0.14117
-0.022278
-0.0013428
0.017212
0.01651
-0.022491
-0.03183
-0.040222
-0.026978
-0.063812
-0.098572
-0.13107
-0.16309
-0.15948
-0.13058
-0.057343
-0.0112
0.0177
0.033417
0.033051
0.024719
0.0034485
0.045044
0.075897
0.087311
0.11707
0.13657
0.12592
0.11588
0.13385
0.13821
0.14291
0.14108
0.14447
0.12402
0.095001
0.092438
0.061127
0.031921
0.012695
-0.0088196
-0.032593
-0.057007
-0.083405
-0.12354
-0.11581
-0.099304
-0.10205
-0.13556
-0.21729
-0.32208
-0.44186
-0.5076
-0.48196
-0.37674
-0.27478
-0.15118
-0.051666
0.083771
0.2439
0.31186
0.55234
0.65295
0.61908
0.62415
0.41595
0.2619
0.047119
-0.093201
-0.075562
-0.11029
-0.05777
0.015869
0.062897
0.040344
0.078186
0.088196
0.087128
0.1113
0.044006
0.020813
-0.11258
-0.23996
-0.28979
-0.34079
-0.28064
-0.20074
-0.08432
0.012329
0.049316
0.064758
0.055756
0.027008
-0.01889
-0.032074
-0.065399
-0.10324
-0.14856
-0.18295
-0.18039
-0.17542
-0.11688
-0.037933
0.0084839
0.036926
0.05368
0.046051
0.014587
0.021484
0.054138
0.077332
0.10458
0.13159
0.13959
0.1152
0.10846
0.12103
0.12985
0.13467
0.15271
0.15268
0.11462
0.086395
0.055084
0.033813
0.01059
0.0019226
0.0082092
-0.044891
-0.077423
-0.10541
-0.13269
-0.086151
-0.095612
-0.13156
-0.20218
-0.34622
-0.42715
-0.53122
-0.50186
-0.36166
-0.28098
-0.11746
-0.035217
0.10257
0.26108
0.28735
0.52075
0.62207
0.58661
0.59897
0.40817
0.26288
0.059937
-0.091248
-0.06366
-0.083405
-0.054718
0.020477
0.066101
0.048279
0.068115
0.073792
0.0849
0.082794
0.013184
-0.0090637
-0.1282
-0.24005
-0.28482
-0.30063
-0.22717
-0.15915
-0.044983
0.03598
0.054565
0.055664
0.031342
0.015167
-0.025116
-0.049103
-0.069641
-0.10461
-0.15152
-0.1842
-0.1749
-0.16019
-0.10278
-0.023041
0.017212
0.038055
0.040588
0.011383
-0.01767
-0.0086975
0.019745
0.075012
0.12384
0.14581
0.16464
0.1311
0.10654
0.11008
0.1062
0.12732
0.14713
0.13449
0.11627
0.089142
0.045532
0.03302
0.030762
0.021637
0.022186
0.00064087
-0.031982
-0.06192
-0.091217
-0.12119
-0.14774
-0.15378
-0.22748
-0.36761
-0.44089
-0.50403
-0.54956
-0.39468
-0.26657
-0.17426
0.0034485
0.13617
0.31027
0.36667
0.48193
0.63602
0.55902
0.53784
0.40842
0.24963
0.081238
-0.079254
-0.056946
-0.086273
-0.054352
0.0090332
0.083862
0.092621
0.073334
0.096924
0.06781
0.044861
-0.025513
-0.05484
-0.12653
-0.23969
-0.25705
-0.26904
-0.22638
-0.16577
-0.070801
0.02298
0.038147
0.06131
0.05307
0.029449
-0.022461
-0.068359
-0.082489
-0.12952
-0.15411
-0.15292
-0.13681
-0.11566
-0.08847
-0.020447
0.001709
0.0012512
0.01712
0.0027466
-0.0072021
0.0037231
0.030029
0.072998
0.10941
0.13541
0.16544
0.14886
0.125
0.13068
0.11377
0.11337
0.12082
0.11578
0.10986
0.087677
0.072693
0.06543
0.031342
0.0085449
0.0062561
-0.033936
-0.061157
-0.060547
-0.096893
-0.085632
-0.058014
-0.13748
-0.26688
-0.35873
-0.47232
-0.58139
-0.49091
-0.33633
-0.23627
-0.12051
-0.051483
0.096283
0.22562
0.28146
0.54056
0.66394
0.61017
0.59872
0.40573
0.20868
0.019012
-0.12265
-0.059387
-0.037506
-0.014008
0.048767
0.055511
0.0084839
-0.0018616
0.024353
0.064575
0.10361
0.06604
0.033112
-0.087006
-0.24637
-0.31616
-0.32718
-0.25119
-0.155
-0.041168
0.052948
0.054718
0.037537
0.017151
0.0067749
-0.005188
-0.0085754
-0.0076599
-0.042297
-0.11099
-0.17212
-0.18436
-0.18149
-0.13589
-0.048096
0.016113
0.039062
0.026703
-0.00076294
-0.033417
-0.039917
0.0054321
0.063507
0.11768
0.1499
0.15616
0.13934
0.11118
0.10315
0.11414
0.12485
0.13651
0.13602
0.11069
0.084351
0.059753
0.051178
0.044891
0.034271
0.042694
0.017822
-0.019287
-0.045959
-0.080627
-0.10519
-0.1384
-0.18018
-0.27151
-0.40518
-0.48654
-0.55228
-0.48679
-0.33386
-0.26697
-0.11908
-0.015259
0.10617
0.28125
0.33838
0.55981
0.64557
0.58972
0.56976
0.35663
0.19583
0.02124
-0.07666
-0.043274
-0.04892
-0.024719
0.00354
0.02771
-0.0019531
0.013062
0.053864
0.08432
0.10403
0.042694
-0.0021362
-0.11807
-0.24948
-0.29474
-0.29572
-0.22104
-0.13654
-0.043182
0.022278
0.034546
0.028534
0.025665
0.043365
0.029327
0.025543
0.00030518
-0.069794
-0.13257
-0.19598
-0.19757
-0.16306
-0.1069
-0.024261
0.023804
0.031799
0.0024719
-0.012848
-0.02417
-0.028809
0.00097656
0.037415
0.075958
0.086914
0.10849
0.12997
0.13678
0.14636
0.14771
0.16098
0.14337
0.11365
0.094727
0.071503
0.066071
0.063629
0.068024
0.074066
0.054169
0.025116
-0.0018616
-0.048004
-0.097321
-0.11331
-0.11646
-0.17422
-0.29526
-0.3974
-0.50085
-0.54813
-0.44006
-0.32422
-0.20071
-0.10992
-0.08609
0.074921
0.18951
0.2641
0.52588
0.61844
0.62051
0.58261
0.35513
0.22736
0.05423
-0.049561
0.010162
-0.0021362
-0.014679
-0.012482
-0.04068
-0.070923
-0.033112
0.010498
0.10107
0.1539
0.083496
0.032715
-0.10416
-0.23792
-0.27689
-0.27771
-0.18454
-0.10944
-0.058502
-0.014832
-0.024506
-0.037048
-0.0062561
0.047394
0.081848
0.086334
0.034515
-0.040985
-0.13425
-0.21872
-0.21542
-0.16956
-0.10028
-0.022552
0.0058289
0.0073853
-0.017609
-0.04895
-0.037506
-0.012146
0.014557
0.045044
0.055573
0.064606
0.074646
0.098816
0.14618
0.1803
0.1987
0.19482
0.16962
0.12619
0.085663
0.072144
0.069183
0.078613
0.086273
0.074799
0.058838
0.027832
-0.011078
-0.038269
-0.06546
-0.079285
-0.10861
-0.17505
-0.24762
-0.39633
-0.51855
-0.51062
-0.49435
-0.36853
-0.22745
-0.17035
-0.10394
-0.042786
0.14023
0.29144
0.43692
0.62662
0.63306
0.57394
0.40027
0.22955
0.14014
0.031097
0.023376
0.016846
-0.01123
-0.078583
-0.1134
-0.083496
-0.041473
0.053314
0.11887
0.17886
0.13727
0.012726
-0.081268
-0.18015
-0.21637
-0.21835
-0.18066
-0.13266
-0.12692
-0.12125
-0.11142
-0.057007
0.00033569
0.056091
0.11032
0.096893
0.038605
-0.0466
-0.112
-0.13306
-0.138
-0.11188
-0.075562
-0.055298
-0.064819
-0.0802
-0.06012
-0.030823
-0.008606
0.020569
0.037537
0.025726
0.011017
0.014709
0.049377
0.10046
0.14789
0.18091
0.1908
0.17032
0.13687
0.12115
0.11179
0.10266
0.089905
0.079742
0.073395
0.062653
0.051819
0.031799
0.017426
-0.0053711
-0.035492
-0.065979
-0.12085
-0.12964
-0.1467
-0.25174
-0.35278
-0.45901
-0.50928
-0.45169
-0.37228
-0.23895
-0.14713
-0.14685
-0.073639
0.097992
0.24655
0.40494
0.5994
0.64053
0.59857
0.45779
0.27603
0.21118
0.12589
0.071991
0.039093
-0.034607
-0.14352
-0.21521
-0.19519
-0.10474
0.022614
0.096527
0.15515
0.14694
0.051697
-0.031128
-0.085419
-0.084778
-0.083191
-0.11377
-0.14545
-0.18576
-0.22479
-0.22574
-0.1503
-0.04483
0.041687
0.075989
0.065948
0.042847
0.0014343
-0.021881
-0.015656
-0.0098267
-0.033051
-0.087402
-0.13251
-0.15326
-0.15384
-0.12558
-0.075989
-0.034149
-0.0073547
-0.0018005
0.0076599
0.059784
0.10629
0.15158
0.19833
0.20035
0.17764
0.1459
0.11969
0.11426
0.11163
0.09491
0.080109
0.063202
0.038696
0.036163
0.058502
0.070007
0.053253
0.028473
-0.0084229
-0.044159
-0.067291
-0.11127
-0.12234
-0.12387
-0.20984
-0.28613
-0.33206
-0.41519
-0.43829
-0.37772
-0.3111
-0.21628
-0.1705
-0.21216
-0.08728
0.15762
0.29538
0.45465
0.57095
0.56375
0.54474
0.45078
0.35336
0.33258
0.2879
0.16287
0.015289
-0.12933
-0.23267
-0.24246
-0.21371
-0.134
-0.053253
-0.020752
-0.0090332
0.0021057
0.040344
0.085724
0.11136
0.097748
0.045898
-0.041534
-0.12659
-0.1752
-0.19717
-0.18454
-0.17502
-0.18164
-0.18005
-0.16238
-0.11389
-0.049469
0.0098877
0.049225
0.067688
0.061676
0.042603
0.027771
0.0099182
-0.01767
-0.06723
-0.11984
-0.14468
-0.14056
-0.10437
-0.042206
0.019348
0.073303
0.12662
0.16608
0.19257
0.2178
0.2269
0.21725
0.1937
0.15302
0.10486
0.070221
0.035828
0.0032043
-0.010773
-0.022644
-0.034241
-0.049866
-0.072235
-0.080597
-0.075775
-0.079559
-0.092957
-0.10388
-0.1199
-0.13037
-0.14279
-0.17041
-0.19849
-0.20828
-0.18579
-0.16299
-0.11047
-0.047729
-0.031677
-0.033234
-0.053558
-0.026947
0.063263
0.17319
0.25446
0.2554
0.22202
0.18539
0.19815
0.24667
0.26999
0.25168
0.19037
0.12857
0.080933
0.059784
0.052216
0.042755
0.019775
-0.022614
-0.06192
-0.088043
-0.089783
-0.086426
-0.091888
-0.10745
-0.13278
-0.14536
-0.13324
-0.11105
-0.092529
-0.078613
-0.075104
-0.071503
-0.0578
-0.03421
-0.010406
-0.0043945
-0.014343
-0.030396
-0.041229
-0.045044
-0.04187
-0.032501
-0.033447
-0.045898
-0.054291
-0.050903
-0.03537
-0.013184
0.0048218
0.022949
0.034393
0.03299
0.035034
0.045502
0.057312
0.067932
0.072815
0.069916
0.063202
0.054382
0.055237
0.061951
0.069305
0.076874
0.075958
0.070526
0.061554
0.055023
0.047974
0.033569
0.016541
-0.0022583
-0.023285
-0.038818
-0.050323
-0.065765
-0.079193
-0.087952
-0.089661
-0.084839
-0.073975
-0.063446
-0.055603
-0.046875
-0.040771
-0.031006
-0.016296
-0.0039062
0.0073242
0.012054
0.0088196
0.010345
0.014893
0.018372
0.019287
0.018799
0.017273
0.016724
0.017944
0.018463
0.01947
0.020233
0.022827
0.026367
0.02951
0.03006
0.027344
0.026245
0.02832
0.034271
0.031372
0.022614
0.013336
0.0021667
-0.00027466
-0.00064087
0.0014954
0.0067749
0.0075378
0.0063477
0.0073242
0.013947
0.013885
0.010193
0.010864
0.0077515
0.0027466
-0.0027161
-0.0091248
-0.016205
-0.029388
-0.044189
-0.053436
-0.056915
-0.05484
-0.053802
-0.057434
-0.062073
-0.064056
-0.055725
-0.037567
-0.018219
-0.00094604
0.012909
0.018555
0.0177
0.021851
0.031525
0.040009
0.041321
0.039673
0.035797
0.02948
0.02298
0.0177
0.018433
0.018524
0.01712
0.014221
0.0082397
-0.00097656
-0.013489
-0.020599
-0.021912
-0.016052
-0.01123
-0.012207
-0.016113
-0.020233
-0.018127
-0.011749
-0.0023193
0.0059509
0.010742
0.011444
0.0077515
0.0072937
0.008667
0.0054321
0.0030823
0.0029602
-0.00036621
-0.0057678
-0.0097656
-0.0081787
-0.0019836
0.0036621
0.0090942
0.016174
0.021271
0.0224
0.023285
0.023224
0.024658
0.026123
0.023163
0.020233
0.01535
0.010071
0.0064697
6.1035e-05
-0.0056152
-0.0098572
-0.010437
-0.0096436
-0.0088501
-0.010468
-0.018646
-0.024078
-0.027222
-0.026398
-0.024872
-0.026184
-0.025055
-0.026764
-0.031464
-0.034485
-0.033386
-0.027588
-0.02301
-0.022095
-0.019806
-0.01474
-0.010101
-0.0045471
0.00079346
0.0094299
0.019714
0.025482
0.032776
0.038544
0.038086
0.037689
0.040192
0.046722
0.05191
0.050201
0.0466
0.040894
0.030396
0.022491
0.015808
0.010254
0.0065918
0
-0.007782
-0.013428
-0.019653
-0.024231
-0.025574
-0.027557
-0.027527
-0.027161
-0.029266
-0.031128
-0.03302
-0.032837
-0.028656
-0.023224
-0.018311
-0.014648
-0.015106
-0.016754
-0.017273
-0.015442
-0.0097046
-0.0057678
-0.0040894
-0.0046387
-0.0071106
-0.0046082
0.0007019
0.0060425
0.013367
0.016663
0.018524
0.022675
0.026642
0.032013
0.034454
0.032654
0.031525
0.028595
0.025696
0.022736
0.017822
0.014343
0.011749
0.0076904
0.0029297
-0.00015259
-0.0023193
-0.0040283
-0.0057373
-0.0088196
-0.01004
-0.010315
-0.010712
-0.010406
-0.013428
-0.019531
-0.0242
-0.025543
-0.02536
-0.026245
-0.027405
-0.026031
-0.021606
-0.017914
-0.016266
-0.015198
-0.011719
-0.0071716
-0.002533
0.0028992
0.008606
0.012909
0.011902
0.012909
0.01651
0.018768
0.023102
0.025543
0.024689
0.021667
0.016815
0.013123
0.013
0.011078
0.0079651
0.0070801
0.0053101
0.0026245
-0.0019226
-0.0065613
-0.004425
-0.0012512
-0.00082397
