0.0043335
0.014984
0.026337
0.036163
0.042419
0.043396
0.037323
0.025818
0.011749
-0.0023499
-0.013611
-0.020477
-0.024048
-0.025696
-0.025604
-0.025116
-0.024689
-0.023865
-0.020599
-0.013916
-0.0055237
0.0033875
0.011749
0.018707
0.0224
0.023041
0.021973
0.021454
0.020569
0.020203
0.01947
0.016907
0.011749
0.0041504
-0.0027466
-0.0079041
-0.011749
-0.013458
-0.013092
-0.011902
-0.010529
-0.0083008
-0.0059204
-0.0033264
-6.1035e-05
0.0037537
0.0079956
0.011383
0.013672
0.014221
0.013489
0.012512
0.010315
0.0075073
0.0037842
0.00036621
-0.0030212
-0.0076599
-0.011322
-0.014587
-0.01825
-0.022034
-0.024475
-0.023865
-0.021271
-0.01651
-0.0089111
-0.0015564
0.0052185
0.011719
0.019287
0.028473
0.036804
0.042786
0.043579
0.039459
0.032379
0.021881
0.010345
-0.00024414
-0.0093079
-0.015533
-0.021057
-0.026489
-0.031464
-0.036102
-0.037506
-0.03418
-0.026642
-0.017456
-0.0084229
-9.1553e-05
0.0062561
0.010986
0.01651
0.024445
0.031708
0.028259
0.0029907
-0.041138
-0.088318
-0.11765
-0.11722
-0.091187
-0.056366
-0.031158
-0.020203
-0.015137
-0.0039062
0.021973
0.062195
0.10992
0.15485
0.18417
0.1904
0.17255
0.13861
0.10059
0.067932
0.044189
0.023499
-0.0028381
-0.039429
-0.083191
-0.12482
-0.1521
-0.15793
-0.1427
-0.11368
-0.080231
-0.049469
-0.026825
-0.011169
0.0015869
0.015106
0.03183
0.049713
0.062714
0.065399
0.054352
0.032928
0.0075378
-0.015228
-0.029663
-0.035706
-0.035614
-0.032867
-0.03186
-0.032684
-0.033051
-0.029572
-0.018921
-0.0026855
0.016785
0.032654
0.04187
0.044708
0.04306
0.041687
0.039337
0.036285
0.032288
0.024719
0.012787
-0.0026855
-0.020081
-0.036377
-0.047424
-0.050659
-0.046906
-0.03894
-0.028748
-0.01709
-0.0021973
0.017303
0.039032
0.056091
0.064728
0.066467
0.062866
0.054596
0.041748
0.025787
0.0082703
-0.0082092
-0.021942
-0.032196
-0.03952
-0.04538
-0.049744
-0.051147
-0.046722
-0.035919
-0.019257
0.00061035
0.019958
0.036835
0.047913
0.045349
0.016052
-0.045654
-0.11935
-0.16971
-0.17355
-0.13495
-0.084381
-0.057434
-0.060028
-0.066345
-0.045654
0.012115
0.094055
0.1734
0.23062
0.26035
0.2627
0.24008
0.19907
0.15247
0.11389
0.087921
0.060059
0.013885
-0.055084
-0.13348
-0.19467
-0.22159
-0.21304
-0.18085
-0.14017
-0.1012
-0.068146
-0.041046
-0.018372
0.0054626
0.035461
0.069977
0.09729
0.10532
0.089905
0.054688
0.013123
-0.020294
-0.040039
-0.049591
-0.05481
-0.061005
-0.067474
-0.070404
-0.066406
-0.053619
-0.03244
-0.0047913
0.024231
0.046204
0.056183
0.055115
0.048462
0.044098
0.044891
0.04715
0.045319
0.036865
0.026062
0.018005
0.015167
0.0159
0.01593
0.014008
0.012817
0.012878
0.011322
0.0058594
-0.0047302
-0.014587
-0.019196
-0.019348
-0.018463
-0.021118
-0.026642
-0.030518
-0.029236
-0.02301
-0.014404
-0.0052795
0.0065002
0.019409
0.026489
0.011749
-0.041595
-0.12338
-0.19736
-0.22275
-0.18546
-0.11142
-0.047546
-0.025665
-0.033112
-0.027435
0.021362
0.10962
0.20529
0.27478
0.30655
0.30338
0.2699
0.21747
0.16055
0.11008
0.073181
0.041595
-0.0047607
-0.07489
-0.15823
-0.22638
-0.25357
-0.23697
-0.19257
-0.14224
-0.098633
-0.062866
-0.031128
0.00015259
0.031921
0.065094
0.097168
0.117
0.11398
0.084839
0.039032
-0.006958
-0.039612
-0.053131
-0.057343
-0.064484
-0.076477
-0.085571
-0.082733
-0.066437
-0.042175
-0.016327
0.0052185
0.02121
0.032104
0.03833
0.042542
0.044708
0.049652
0.060669
0.07193
0.076385
0.069366
0.054626
0.043213
0.039154
0.037994
0.032654
0.020752
0.0061951
-0.0068359
-0.018036
-0.027863
-0.034088
-0.034119
-0.027985
-0.018372
-0.013458
-0.016357
-0.020172
-0.016449
-0.0079041
-0.013
-0.065063
-0.17075
-0.28043
-0.32974
-0.28824
-0.18146
-0.080688
-0.041595
-0.046143
-0.031219
0.044037
0.17044
0.29987
0.38574
0.41934
0.40991
0.36337
0.2901
0.20853
0.13937
0.089539
0.042297
-0.029358
-0.13034
-0.22998
-0.28906
-0.28983
-0.24673
-0.1911
-0.14346
-0.10095
-0.054962
-0.0046997
0.040497
0.07312
0.095093
0.10934
0.10815
0.081238
0.029083
-0.034088
-0.082733
-0.10144
-0.10193
-0.10529
-0.11685
-0.12225
-0.10501
-0.066864
-0.023743
0.013641
0.04364
0.068115
0.083069
0.083801
0.075378
0.072815
0.08316
0.093964
0.08493
0.053528
0.019409
0.0042419
0.0099487
0.018799
0.017242
0.007019
-0.0041809
-0.0090637
-0.0084229
-0.002655
0.0076294
0.017303
0.022339
0.019928
0.010529
0.004364
0.010284
0.020203
0.014893
-0.048523
-0.1998
-0.37155
-0.44696
-0.37958
-0.2207
-0.07901
-0.045868
-0.079987
-0.057678
0.069733
0.24991
0.39648
0.46198
0.45544
0.41397
0.3461
0.24359
0.13666
0.062622
0.021851
-0.02533
-0.11487
-0.22534
-0.28857
-0.26804
-0.19281
-0.12073
-0.087799
-0.071014
-0.02533
0.049072
0.11032
0.12473
0.098785
0.067322
0.048279
0.02478
-0.021698
-0.077728
-0.11719
-0.13083
-0.12787
-0.12418
-0.12018
-0.10178
-0.06308
-0.013489
0.030823
0.062378
0.084229
0.091705
0.079071
0.057617
0.048035
0.051727
0.053375
0.038239
0.0086365
-0.0087585
-0.0033875
0.0033875
0.0020447
-0.0024414
-0.0013733
0.01239
0.0289
0.030457
0.025818
0.025757
0.029388
0.039429
0.044647
0.038971
0.033447
0.024292
0.0095825
-0.036255
-0.21786
-0.49237
-0.60709
-0.47406
-0.24341
-0.063873
-0.025696
-0.068756
0.01181
0.23273
0.42474
0.53085
0.56094
0.51468
0.4313
0.29309
0.096527
-0.035553
-0.060516
-0.081116
-0.15424
-0.2467
-0.27213
-0.1716
-0.03772
0.010345
-0.0019836
0.0038147
0.050781
0.10818
0.1134
0.052521
-0.0099182
-0.049133
-0.094635
-0.14206
-0.16605
-0.15564
-0.1149
-0.082947
-0.082123
-0.066589
-0.022949
0.010162
0.017761
0.0073853
0.003418
0.018951
0.019897
-0.0029907
-0.0082703
0.017944
0.059875
0.093048
0.091003
0.079254
0.089935
0.098145
0.086823
0.062622
0.030457
0.016876
0.013977
-0.0099487
-0.023285
-0.010986
0.0037231
0.015625
0.020142
0.019287
0.01828
0.0091553
-0.0032654
-0.011627
-0.015411
-0.19952
-0.66864
-0.9097
-0.61075
-0.22723
-0.058472
0.0242
0.084198
0.23257
0.43988
0.51813
0.5834
0.69244
0.59155
0.29788
0.027832
-0.15927
-0.20184
-0.17126
-0.21017
-0.19052
-0.042419
0.085358
0.17477
0.25076
0.2464
0.17474
0.05426
-0.089417
-0.15292
-0.16528
-0.2291
-0.29236
-0.29807
-0.26474
-0.17398
-0.035522
0.091644
0.177
0.18317
0.11801
0.060699
0.013947
-0.070129
-0.15048
-0.19049
-0.20264
-0.17432
-0.11005
-0.024506
0.057312
0.10352
0.13864
0.17551
0.16974
0.12689
0.092072
0.071899
0.060059
0.046814
0.036346
0.041473
0.051178
0.048889
0.045013
0.047638
0.035339
0.010529
0.015961
0.03479
0.025574
-0.00079346
-0.046204
-0.0849
-0.34824
-0.9285
-1
-0.53909
-0.25027
-0.12506
0.18259
0.32797
0.3349
0.43149
0.55182
0.70013
0.66309
0.3009
0.027893
-0.084351
-0.29678
-0.35443
-0.15073
0.024231
0.15271
0.24997
0.33386
0.43445
0.36728
0.14984
0.028717
-0.098419
-0.32565
-0.43842
-0.40515
-0.33987
-0.25192
-0.15488
-0.019196
0.14511
0.21341
0.20544
0.20169
0.10373
-0.080139
-0.19623
-0.2515
-0.30151
-0.29953
-0.22968
-0.11667
-0.0021057
0.093231
0.18716
0.215
0.15405
0.11426
0.095398
0.023285
-0.028839
-0.0011902
0.040466
0.065613
0.10071
0.13663
0.11984
0.058807
0.038086
0.062988
0.06012
0.029968
0.01474
0.035004
0.058838
0.043335
0.025391
-0.011841
-0.11838
-0.60773
-1
-0.93027
-0.39722
-0.25861
0.092499
0.53345
0.40402
0.28729
0.50327
0.59253
0.49719
0.27859
0.042206
-0.12155
-0.36975
-0.43655
-0.078033
0.17392
0.24359
0.46295
0.54865
0.427
0.30814
0.11447
-0.1015
-0.27963
-0.47217
-0.47363
-0.33572
-0.27975
-0.10791
0.1282
0.17606
0.20157
0.24301
0.15463
0.036316
-0.073334
-0.22015
-0.31921
-0.35071
-0.30515
-0.16858
-0.036072
0.05957
0.1366
0.14346
0.1105
0.099304
0.044769
-0.050476
-0.073517
-0.036194
-0.01474
0.028168
0.10858
0.13467
0.12207
0.13644
0.14294
0.088135
0.03653
0.033325
0.04422
0.045044
0.033966
0.015778
0.027588
0.063965
0.098541
0.075043
0.054077
-0.13815
-1
-1
-0.59662
-0.42474
-0.21799
0.75488
0.66089
0.10492
0.47794
0.55994
0.26428
0.31018
0.17096
-0.12897
-0.36166
-0.43631
-0.053436
0.22235
0.26022
0.62262
0.62018
0.22308
0.27856
0.20203
-0.24234
-0.35223
-0.36987
-0.50375
-0.36462
-0.087006
0.12036
0.2327
0.21292
0.21802
0.13559
-0.052948
-0.069733
-0.13425
-0.34637
-0.34744
-0.23523
-0.18454
-0.011658
0.15295
0.12845
0.060852
0.01889
-0.023376
-0.0513
-0.074463
-0.093079
-0.070984
-0.019531
0.047119
0.082367
0.09024
0.098328
0.099701
0.11401
0.15793
0.15717
0.10114
0.06308
0.056183
0.055878
0.031128
-0.00036621
0.026459
0.088776
0.1525
0.13721
0.081818
-0.034698
-1
-1
-0.4931
-0.37817
-0.22855
0.99997
0.6861
-0.17328
0.51782
0.43991
-0.03775
0.35651
0.18311
-0.30563
-0.35974
-0.24927
0.075623
0.26392
0.42303
0.70886
0.36508
0.061066
0.3573
0.032349
-0.36423
-0.19269
-0.38004
-0.51868
-0.078705
0.1557
0.1731
0.27771
0.18964
0.0077209
-0.085663
-0.10779
-0.14243
-0.26428
-0.24429
-0.15689
-0.15833
0.0005188
0.16791
0.093475
0.026703
-0.027802
-0.13736
-0.1077
-0.073029
-0.11801
-0.03421
0.036407
0.04187
0.085266
0.045135
-0.010223
0.052216
0.088409
0.13223
0.19824
0.14261
0.055939
0.053009
0.035736
0.0061646
0.027832
0.063782
0.10327
0.20883
0.20886
0.12799
0.1236
-0.95764
-1
-0.62781
-0.51523
-0.35751
0.99997
0.70197
-0.099152
0.58615
0.33084
-0.10007
0.40918
0.11768
-0.3775
-0.31451
-0.20343
0.0049744
0.25565
0.5506
0.58292
0.22449
0.20615
0.23849
-0.1264
-0.12146
-0.16287
-0.50574
-0.30325
0.0043945
0.074402
0.271
0.28464
0.071472
-0.03717
-0.083008
-0.11801
-0.16989
-0.2287
-0.1774
-0.13901
-0.037994
0.1174
0.091156
0.048859
0.0026855
-0.16296
-0.15012
-0.035889
-0.067352
-0.05835
0.014709
-0.017059
-0.0084839
0.050873
0.0071411
-0.026917
0.069366
0.13647
0.1535
0.18594
0.13843
0.017761
-0.020172
-0.017395
-0.030975
0.02887
0.10272
0.14996
0.23914
0.17151
0.078583
0.10818
-1
-1
-0.50723
-0.59485
-0.23407
0.99997
0.53
0.032623
0.71616
0.23038
-0.020538
0.4111
-0.023315
-0.40274
-0.30835
-0.1409
0.02829
0.27634
0.64447
0.45328
0.13
0.22272
0.087616
-0.16885
-0.071289
-0.25223
-0.44818
-0.15894
0.026764
0.12692
0.29056
0.20404
-0.01236
-0.067841
-0.09256
-0.14484
-0.13681
-0.15961
-0.16095
-0.053589
0.06015
0.082855
0.059662
0.024109
-0.10391
-0.16965
-0.079712
-0.043915
-0.070496
0.026428
0.052338
-0.028442
0.00177
-0.0070496
-0.091522
-0.0021667
0.13568
0.16037
0.20013
0.18924
0.058655
-0.021027
-0.0289
-0.06781
-0.03244
0.083588
0.15686
0.21967
0.22919
0.039978
0.11182
-0.46564
-1
-0.95587
-0.24588
-0.53476
0.85684
0.99997
-0.074768
0.43839
0.56754
-0.054382
0.27982
0.20764
-0.36432
-0.41098
-0.057281
0.11649
0.14795
0.57254
0.50696
0.05072
0.1759
0.15588
-0.17172
-0.1387
-0.20792
-0.44382
-0.20337
0.095215
0.1069
0.20636
0.18558
-0.050262
-0.12079
-0.061005
-0.14368
-0.15704
-0.11139
-0.11258
0.00177
0.12912
0.12051
0.027863
-0.013092
-0.090973
-0.18372
-0.07785
-0.016388
-0.04953
0.065643
0.10034
-0.0039062
0.0081787
-0.037262
-0.1127
-0.0076904
0.10767
0.13452
0.20609
0.20584
0.079865
0.0067139
-0.042877
-0.10788
-0.070282
0.055267
0.13745
0.23859
0.20981
-0.0015259
0.05127
-1
-1
-0.45206
-0.49265
-0.14041
0.99997
0.45267
0.067719
0.72653
0.30466
0.047699
0.31659
-0.082703
-0.44662
-0.15631
0.20264
0.14221
0.30127
0.55505
0.18106
0.10526
0.27231
0.052521
-0.23892
-0.24576
-0.29395
-0.32632
-0.0076599
0.13943
0.043549
0.087708
0.037109
-0.11731
-0.071259
-0.09259
-0.20554
-0.18466
-0.1167
0.0088806
0.12277
0.13763
0.084747
-0.019196
-0.05304
-0.099365
-0.12582
-0.062622
-0.026794
0.085968
0.18921
0.10504
0.022186
-0.055115
-0.1337
-0.042175
0.080688
0.094574
0.11359
0.16125
0.15854
0.097809
0.036041
-0.062103
-0.15439
-0.06131
0.10599
0.1962
0.23816
0.028839
-0.015747
-0.74469
-1
-0.73773
-0.15808
-0.35284
0.92117
0.7063
-0.092072
0.60797
0.66672
0.093262
0.1268
-0.052917
-0.46597
-0.22589
0.37076
0.3129
0.19958
0.48611
0.28464
0.12973
0.36697
0.12189
-0.34106
-0.36334
-0.27502
-0.26724
0.027924
0.20798
-0.016479
0.014954
0.068939
-0.093323
-0.1275
-0.16858
-0.32922
-0.2785
-0.037018
0.067139
0.092316
0.090851
0.022644
-0.014008
0.029205
-0.044037
-0.14651
-0.092957
-0.033173
0.10828
0.25397
0.14594
0.0032959
-0.023956
-0.026093
0.0074768
0.063049
0.04715
0.030182
0.12198
0.19983
0.14377
0.048157
-0.055389
-0.12677
-0.029602
0.11575
0.17795
0.16226
0.0021667
-0.089233
-1
-1
-0.20172
-0.34564
-0.036591
0.99997
0.18246
0.087555
0.8931
0.52737
0.02536
0.022095
-0.23102
-0.44629
0.082611
0.43912
0.083618
0.17831
0.54395
0.33035
0.33578
0.3876
-0.13846
-0.48593
-0.24149
-0.18555
-0.23303
0.07135
0.021729
-0.059143
0.24667
0.16278
-0.10654
-0.21469
-0.38754
-0.38226
-0.1254
0.016785
-0.017944
-0.0071716
0.039307
0.087677
0.12927
0.040253
-0.19455
-0.23596
-0.051178
0.053375
0.17813
0.18112
-0.005249
0.02179
0.15363
0.11011
0.034027
-0.0093079
-0.028717
0.087585
0.23303
0.19019
0.055573
-0.021149
-0.038483
0.029266
0.088074
0.062103
0.12756
0.09848
0.071777
-0.38016
-1
-1
-0.098633
-0.45673
0.48154
0.73865
-0.089844
0.47559
0.94833
0.31824
-0.10443
-0.11179
-0.30469
-0.22763
0.31909
0.22098
-0.14258
0.28134
0.60638
0.45694
0.45111
0.21362
-0.34045
-0.3761
-0.062988
-0.20114
-0.29626
-0.029694
-0.02655
0.16855
0.4321
0.083771
-0.24127
-0.27637
-0.31018
-0.22922
-0.14026
-0.18607
-0.1759
0.045258
0.24225
0.21106
0.066284
-0.13519
-0.26413
-0.11404
0.050293
-0.016205
-0.02533
0.054077
0.08606
0.19711
0.19464
-0.0026245
-0.06485
0.048248
0.12552
0.19168
0.17319
0.038483
0.010773
0.081909
0.078613
0.05069
0.019318
0.11435
0.24518
0.18594
-0.31662
-1
-1
0.082489
-0.63925
0.076508
0.57681
-0.13788
0.64481
0.99997
0.32507
-0.30469
-0.066071
-0.02887
-0.14383
0.18155
-0.08255
-0.41333
0.32874
0.90439
0.47076
0.23148
0.2522
-0.093018
-0.075745
0.09137
-0.44089
-0.72879
-0.1442
0.17975
0.2532
0.38312
-0.0030518
-0.21506
0.040344
0.025238
-0.21201
-0.41235
-0.40378
-0.24191
0.046631
0.21722
0.035034
-0.0092163
0.096008
0.032135
-0.045868
-0.068939
-0.16537
-0.087097
0.11063
0.095459
0.051666
0.084869
0.059631
0.078766
0.12509
0.061401
0.052673
0.15109
0.16531
0.12888
0.066223
-0.0055847
0.026428
0.077698
0.12146
0.20074
0.30951
-0.32782
-1
-0.86932
0.14758
-0.87103
-0.12378
0.4165
-0.062897
0.72333
0.99997
0.20554
-0.40414
0.20459
0.28735
-0.19165
-0.07074
-0.3013
-0.42792
0.44235
0.89212
0.22766
0.041016
0.47055
0.3042
0.079254
-0.059479
-0.64178
-0.71552
-0.0096436
0.21384
-0.047028
0.022583
0.1225
0.16617
0.24295
-0.020721
-0.35233
-0.39523
-0.11938
-0.053558
-0.21298
-0.17221
-0.026825
0.20255
0.24847
0.014069
-0.13443
-0.090668
0.024506
0.031738
-0.066986
-0.13263
-0.022461
0.21652
0.16492
-0.042572
-0.064606
0.046692
0.18564
0.26154
0.12851
-0.019318
0.073578
0.16302
0.068146
-0.055359
-0.12302
-0.026978
0.25067
0.4415
0.46512
-0.96909
-1
0.00027466
-0.11923
-1
-0.030121
0.078003
0.16315
0.99997
0.92758
-0.22299
-0.10266
0.75989
0.2088
-0.35599
-0.30685
-0.48343
-0.14398
0.62244
0.47546
-0.1571
0.37842
0.94278
0.34601
-0.079163
-0.31403
-0.63135
-0.36011
0.037598
-0.29272
-0.43216
0.17374
0.34055
0.24289
0.14471
-0.071167
-0.10837
-0.039978
-0.099121
-0.46082
-0.38257
0.0013733
0.062103
0.09433
0.040588
0.0075073
0.16357
0.22678
-0.050568
-0.23514
-0.08432
0.051971
0.066193
0.021332
-0.11691
-0.031281
0.18542
0.14713
0.041992
0.10165
0.17609
0.19208
0.15134
-0.046967
-0.14688
0.014221
0.05368
0.034027
0.16547
0.23904
0.49078
-0.71609
-1
0.088318
-0.18567
-1
-0.10217
0.20996
0.1723
0.84753
0.87842
-0.028381
0.15616
0.96811
0.12595
-0.54599
-0.29175
-0.29428
-0.23032
0.26474
0.29102
-0.14328
0.56927
0.99997
0.18881
-0.069824
0.032166
-0.25214
-0.42191
-0.31891
-0.51212
-0.48874
0.15948
0.23138
-0.0095825
0.15372
0.29205
0.21378
-0.030334
-0.13434
-0.32547
-0.26736
-0.065125
-0.2641
-0.22357
0.0052185
0.14935
0.19379
0.13046
0.057526
0.073273
0.19904
0.079712
-0.13022
-0.1235
-0.10544
-0.010162
0.019623
0.010315
0.11386
0.20132
0.20209
0.1106
0.064575
0.0224
0.0031738
0.039551
0.012238
0.11096
0.12518
0.30725
-0.54852
-1
0.12274
-0.082764
-1
-0.31201
0.27933
0.13876
0.41571
0.71631
0.20926
0.35358
0.99997
0.15427
-0.44708
-0.065704
-0.069794
-0.38898
-0.2298
0.12308
-0.053955
0.38965
0.7746
0.20078
0.15079
0.40231
0.093353
-0.40637
-0.3887
-0.32501
-0.52359
-0.22003
-0.10034
-0.21356
0.10687
0.35114
0.27814
0.065369
0.15387
0.054108
-0.16647
-0.15723
-0.32419
-0.35358
-0.21307
-0.058685
-0.048431
0.036469
0.26703
0.25897
0.25198
0.22467
0.068024
-0.0086365
-0.083496
-0.11865
-0.062073
-0.030731
0.016388
0.075073
0.13272
0.13281
0.13281
0.12051
0.052399
0.12204
0.17798
0.11853
0.11951
-1
-1
0.42554
-0.75928
-1
0.11911
0.30807
-0.0072632
0.30338
0.63345
0.2886
0.64227
0.77597
-0.083618
-0.076874
0.20032
-0.2106
-0.57944
-0.1239
0.093109
-0.16397
0.33505
0.46027
0.18423
0.39893
0.36871
-0.0031738
-0.1947
-0.078461
-0.36243
-0.45435
-0.19595
-0.32715
-0.2457
0.037445
0.13666
0.082062
0.17172
0.2785
0.049652
0.011536
-0.031067
-0.24432
-0.22092
-0.24048
-0.20319
-0.053162
0.039185
0.042297
0.11926
0.30173
0.22931
0.13675
0.10425
0.0046997
0.0082092
-0.0022278
-0.034546
-0.047302
0.014801
0.084961
0.062286
0.1496
0.26047
0.23215
0.34128
-0.19452
-1
-0.12091
0.11084
-1
-0.74237
0.35846
-0.10992
-0.2261
0.53287
0.65961
0.36389
0.85648
0.54642
0.042419
0.33777
0.11353
-0.50552
-0.43576
0.010651
-0.35132
-0.32812
0.40674
0.33411
0.23132
0.47812
0.41006
0.13266
0.069336
-0.012421
-0.40509
-0.28268
-0.21793
-0.50128
-0.27585
-0.055817
-0.069885
-0.054688
0.18442
0.17572
0.035248
0.13602
0.014313
-0.083435
-0.097687
-0.13931
-0.11972
-0.09021
-0.061768
-0.0072937
0.10745
0.10983
0.070923
0.18097
0.12073
0.0401
0.081818
0.051727
0.016785
0.068909
0.077881
0.060822
0.17123
0.21899
0.16238
0.17715
-0.86801
-0.58725
0.46619
-1
-1
0.29843
-0.038971
-0.61084
0.0867
0.71277
0.24918
0.47241
0.78619
0.36865
0.41058
0.30917
-0.14578
-0.26978
0.0049133
-0.26947
-0.60617
0.054962
0.17963
-0.16534
0.18854
0.4444
0.27969
0.17798
0.28549
0.16885
-0.025879
-0.15286
-0.28177
-0.22989
-0.29779
-0.28629
-0.2381
-0.17691
-0.027008
-0.001709
0.068695
0.061401
0.11301
0.13531
-0.02832
-0.031067
0.0075378
-0.068787
-0.091003
0.0050659
0.058411
0.026733
0.099274
0.10596
0.017914
0.067993
0.069916
0.016907
0.065735
0.096893
0.14792
0.19577
0.29474
-0.42096
-0.72433
0.53
-0.48166
-1
0.062836
0.082458
-0.81027
-0.29193
0.59082
0.20953
0.12082
0.80713
0.64197
0.47314
0.48389
0.19864
0.012207
0.016235
-0.24374
-0.60419
-0.18875
-0.045624
-0.46036
-0.11417
0.33484
0.19388
0.064484
0.27979
0.39804
0.15344
0.037079
0.08844
0.025299
-0.15457
-0.20862
-0.20065
-0.2688
-0.17322
-0.19733
-0.15955
0.0077515
0.0039978
0.023987
0.027222
0.10001
0.07785
0.032288
0.091064
0.068665
0.028961
0.035065
0.037384
-0.0075684
-0.080017
-0.0019836
0.024597
-0.041687
0.05191
0.21075
0.24362
0.22073
-0.43442
-0.43729
0.46548
-0.67923
-1
0.25293
-0.14059
-0.88449
-0.079712
0.53241
-0.037109
0.070801
0.7915
0.58194
0.38321
0.46362
0.37708
0.26068
0.10867
-0.13602
-0.25879
-0.066833
-0.25766
-0.49536
-0.12283
-0.040405
-0.26831
-0.099823
0.22696
0.097321
0.043762
0.31882
0.25006
0.13022
0.14551
0.08847
-0.07074
-0.079559
-0.15369
-0.31036
-0.17322
-0.18909
-0.21359
-0.086731
-0.024078
0.011017
0.079224
0.15836
0.14084
0.18637
0.19968
0.11938
0.12347
0.033569
-0.075012
-0.019592
-0.035645
-0.086334
0.019135
0.10934
0.14288
-0.37451
-0.50131
0.39368
-0.48535
-1
0.22693
-0.080414
-0.84464
-0.093597
0.39291
-0.12173
-0.026428
0.65689
0.54282
0.34326
0.49475
0.53384
0.41891
0.19736
0.060089
0.054962
0.0044861
-0.26508
-0.36295
-0.16867
-0.26013
-0.41376
-0.18945
-0.024567
-0.18521
0.036224
0.21414
0.072876
0.19727
0.23596
0.14371
0.13593
0.11069
-0.016602
-0.073608
-0.064453
-0.15781
-0.19321
-0.15704
-0.13266
-0.14462
-0.06192
0.012756
0.024719
0.090881
0.16559
0.16336
0.14258
0.18347
0.15936
0.0513
0.065643
0.072815
0.045258
0.044281
-0.050018
-0.58368
-0.2428
0.16632
-1
-0.54828
0.36005
-0.65787
-0.58524
0.34116
0.066742
-0.26636
0.30853
0.57147
0.30234
0.37903
0.53784
0.54697
0.39194
0.22568
0.25024
0.21591
-0.04245
-0.21259
-0.098297
-0.19568
-0.43237
-0.32745
-0.18631
-0.30841
-0.27795
-0.0048218
-0.028259
-0.016632
0.1377
0.19269
0.1875
0.17023
0.18863
0.1344
0.074463
0.01593
-0.024139
-0.10092
-0.16498
-0.1236
-0.14203
-0.14496
-0.09021
-0.057404
-0.012024
0.080109
0.090546
0.11417
0.18372
0.15454
0.12186
0.16339
0.14038
0.14435
0.10907
-0.43372
-0.21545
0.23492
-0.91748
-0.5976
0.28079
-0.72583
-0.63211
0.2312
-0.14618
-0.2713
0.26712
0.36197
0.28152
0.3465
0.4444
0.58505
0.3942
0.25159
0.40805
0.2984
0.012299
0.0058899
0.040497
-0.1626
-0.30618
-0.23456
-0.2103
-0.3606
-0.32272
-0.1116
-0.20883
-0.16449
0.013702
0.045166
0.084717
0.12799
0.16943
0.18265
0.1586
0.1232
0.10175
0.029938
-0.047852
-0.039398
-0.088501
-0.13055
-0.079742
-0.094727
-0.1174
-0.011963
0.013763
-0.016907
0.057098
0.098175
0.083832
0.10181
0.13501
0.15225
0.10358
-0.20047
-0.086823
0.14597
-0.51651
-0.36688
0.12997
-0.48209
-0.43988
0.064423
-0.19467
-0.21585
0.055634
0.10336
0.21777
0.173
0.21396
0.49582
0.34625
0.20865
0.42148
0.33157
0.12723
0.15356
0.092255
-0.029175
-0.10822
-0.18097
-0.17343
-0.22012
-0.29425
-0.21155
-0.15945
-0.19699
-0.12854
-0.017303
-0.014648
-0.0065918
0.078613
0.083282
0.0867
0.082886
0.087311
0.085571
0.027985
0.027435
0.02182
-0.012756
-0.027802
-0.026398
-0.054138
-0.049805
-0.03476
-0.059692
-0.05069
-0.0096436
-0.0027771
-0.012878
0.023529
0.059875
0.031158
0.047791
0.030853
-0.063843
0.0027161
0.0271
-0.16595
-0.08606
0.0060425
-0.16104
-0.12543
-0.028595
-0.095123
-0.066833
-0.024139
-0.0177
0.065125
0.06723
0.063263
0.18283
0.18619
0.13818
0.207
0.19818
0.12912
0.14487
0.10037
0.045319
0.032043
-0.030823
-0.054443
-0.067566
-0.11981
-0.10522
-0.1041
-0.12347
-0.085846
-0.072296
-0.069
-0.034637
-0.036926
-0.017609
0.0087891
-0.012207
-0.0082092
0.007843
-0.0093079
-0.011444
-0.00015259
-0.0013123
-0.0098267
-0.0084229
-0.0094604
-0.0091248
-0.0054932
0.0072021
0.01889
0.016174
0.015594
0.02063
0.026367
0.024597
0.010742
0.018311
0.016846
-0.00354
0.011963
0.019958
-0.0057373
0.011658
0.036987
-3.0518e-05
-0.0081177
0.033142
-0.0025024
-0.030975
-0.0062866
-0.031219
-0.060394
-0.055206
-0.07196
-0.087494
-0.071777
-0.071167
-0.07666
-0.044006
-0.011658
0.0093079
0.048401
0.080139
0.094879
0.12186
0.13953
0.1279
0.11877
0.1167
0.091858
0.05954
0.046112
0.02655
-0.0024719
-0.023926
-0.038116
-0.046936
-0.062469
-0.070465
-0.06311
-0.065582
-0.072479
-0.062439
-0.050812
-0.060486
-0.053802
-0.029175
-0.033569
-0.034637
-0.0087585
-0.00012207
-0.0055237
-0.0012207
0.0063477
0.011536
0.0027771
0.011932
0.02066
0.0032959
0.0065613
0.022308
0.008728
0.0081787
0.027802
0.03244
0.031647
0.030334
0.026276
0.050354
0.025848
0.0046997
0.048889
0.016266
-0.0065002
0.0059204
0.00012207
-0.013855
-0.025604
-0.018097
-0.016907
-0.026245
-0.029297
-0.0062561
-0.0046692
-0.027771
-0.010101
0.002594
-0.0044556
-0.016632
-0.002655
0.0027466
-0.016785
-0.016754
-0.016846
-0.012878
-0.024719
-0.031403
-0.023346
-0.027802
-0.021271
-0.014679
-0.016846
-0.010406
0.004425
0.0043945
0.0076294
0.031128
0.033661
0.02832
0.049927
0.056335
0.050079
0.058319
0.061127
0.044769
0.031616
0.036621
0.027008
0.0024109
-0.012268
-0.011841
-0.020233
-0.041779
-0.03717
-0.026031
-0.025482
-0.037262
-0.023285
0.0036316
-0.0065613
-0.0075684
0.0045166
0.013733
-0.0013428
-0.002655
0.0071106
0.0018005
-0.0077209
-0.007782
0.0039062
-0.0046082
-0.011322
-0.0028687
-0.0020142
-0.0057983
-0.0091248
-0.0043945
0.0030518
-0.0065918
-0.015045
-0.0072021
-0.013
-0.02301
-0.020966
-0.020569
-0.032318
-0.033813
-0.030792
-0.032654
-0.026794
-0.027557
-0.0069885
0.0032959
0.012085
0.027039
0.030701
0.049652
0.052643
0.057587
0.066498
0.070068
0.068268
0.058044
0.052765
0.041504
0.023865
0.010315
0.00097656
-0.012604
-0.026062
-0.036804
-0.045776
-0.053528
-0.062347
-0.060913
-0.055878
-0.053558
-0.040771
-0.030151
-0.02417
-0.011108
0.00064087
0.0076904
0.015747
0.021454
0.022736
0.019806
0.021271
0.026154
0.024963
0.018036
0.015259
0.015961
0.0094299
0.0066833
0.006958
0.0045166
-0.00039673
-0.0020142
-0.0016785
-0.00064087
0.0059814
-0.0012817
-0.0079346
0.0022583
0.0021057
-0.004425
-0.0020447
-0.0041809
-0.0091248
-0.0065613
-0.010498
-0.015289
-0.012177
-0.012024
-0.015076
-0.011078
-0.0079041
-0.0046082
-0.0031433
-0.00030518
0.0081177
0.012024
0.010406
0.010071
0.015564
0.01889
0.016327
0.016266
0.013641
0.0049438
0.00015259
-0.008606
-0.014008
-0.01239
-0.016052
-0.015686
-0.015106
-0.020905
-0.015167
-0.0085144
-0.007019
-0.0024719
0.00045776
0.0052795
0.0055542
0.0070801
0.012634
0.012482
0.013062
0.017426
0.019745
0.016846
0.0097961
0.0057678
0.0090637
0.0038757
0.00033569
0.0036316
-0.00042725
-0.0023193
-0.0019226
-0.00039673
-0.0027466
-0.0092163
-0.0082703
-0.00067139
0.00091553
-0.0076599
-0.0083618
-0.0057678
-0.0098267
-0.011902
-0.0097046
-0.0074768
-0.0074463
-0.007843
