0.0016174
0.0017395
0.0020447
0.00177
0.0016479
0.00177
0.0014343
0.0012512
0.00076294
0.00021362
-0.00048828
-0.00073242
-0.0012512
-0.0018921
-0.0022278
-0.0030518
-0.0025635
-0.0022278
-0.0031433
-0.0032959
-0.0028381
-0.0016479
-0.00054932
0.00018311
0.00076294
0.0011292
0.001709
0.002594
0.0029907
0.0035095
0.0035095
0.0029907
0.0036316
0.003418
0.0025024
0.0018005
0.00018311
-0.00064087
-0.0014038
-0.0022888
-0.002533
-0.0031738
-0.0036926
-0.0040894
-0.0046082
-0.0041199
-0.0032043
-0.0026245
-0.00177
-0.00057983
0.00076294
0.0016479
0.0023193
0.0036316
0.0055237
0.0067444
0.0075989
0.0082703
0.0082092
0.0074768
0.0057983
0.0043945
0.0027466
0.00045776
-0.0022583
-0.0044556
-0.0063782
-0.0085754
-0.010986
-0.013336
-0.015045
-0.016052
-0.016266
-0.015686
-0.013641
-0.011017
-0.0080566
-0.0039978
0.00076294
0.0056763
0.0098877
0.01413
0.018677
0.022858
0.025726
0.027588
0.028625
0.028687
0.027008
0.023956
0.019501
0.013641
0.0059814
-0.0028687
-0.01123
-0.019562
-0.028351
-0.035889
-0.041107
-0.04425
-0.045288
-0.043732
-0.038818
-0.031616
-0.023773
-0.015228
-0.0059204
0.0037537
0.012421
0.020142
0.027039
0.032837
0.036926
0.040558
0.044617
0.047272
0.048706
0.049805
0.04895
0.044647
0.036591
0.026703
0.015167
0.0020142
-0.012146
-0.028198
-0.045074
-0.062408
-0.078857
-0.092224
-0.10052
-0.10107
-0.092865
-0.078918
-0.062805
-0.044495
-0.023193
0.00021362
0.02475
0.048401
0.068665
0.084015
0.095612
0.10431
0.10818
0.10626
0.1011
0.095001
0.089935
0.084045
0.071228
0.048798
0.018951
-0.0094604
-0.026947
-0.036285
-0.05011
-0.081116
-0.13531
-0.19595
-0.23395
-0.23309
-0.19791
-0.14972
-0.11273
-0.094482
-0.079834
-0.050018
0.0048828
0.075745
0.14102
0.18448
0.20523
0.21283
0.21619
0.21967
0.21899
0.20328
0.16849
0.12537
0.080566
0.036865
-0.00177
-0.040283
-0.077789
-0.10712
-0.12598
-0.13446
-0.13974
-0.15488
-0.18631
-0.21985
-0.23431
-0.21811
-0.17377
-0.11957
-0.079468
-0.05838
-0.041534
-0.015045
0.030548
0.091003
0.14902
0.18948
0.20947
0.21118
0.20218
0.19229
0.18021
0.16321
0.14066
0.10721
0.063995
0.018341
-0.02597
-0.062836
-0.086487
-0.0979
-0.10007
-0.093292
-0.083588
-0.078369
-0.078125
-0.082916
-0.091156
-0.098511
-0.10266
-0.10263
-0.097412
-0.088104
-0.076355
-0.063934
-0.053558
-0.043121
-0.025085
0.004364
0.042511
0.08075
0.11127
0.13043
0.13971
0.14719
0.15399
0.15649
0.15067
0.13306
0.10449
0.072815
0.04541
0.022583
0.0064392
-0.009491
-0.028992
-0.047089
-0.062927
-0.074188
-0.083008
-0.097961
-0.12445
-0.15646
-0.18307
-0.19296
-0.17935
-0.14816
-0.11325
-0.087006
-0.068176
-0.047485
-0.012756
0.038788
0.095367
0.14316
0.17419
0.18729
0.18643
0.1824
0.17853
0.17142
0.16
0.13474
0.092407
0.044342
0.0026855
-0.024658
-0.037079
-0.043396
-0.049774
-0.057556
-0.065277
-0.071472
-0.078857
-0.091431
-0.10818
-0.13156
-0.16104
-0.18161
-0.17874
-0.14923
-0.11215
-0.091949
-0.087646
-0.078491
-0.044037
0.012939
0.07132
0.11636
0.14969
0.17664
0.19516
0.19785
0.19049
0.18768
0.1889
0.17606
0.13852
0.081635
0.026123
-0.007019
-0.020935
-0.030823
-0.047668
-0.067902
-0.077454
-0.077271
-0.082306
-0.10025
-0.12445
-0.15057
-0.17651
-0.1925
-0.18695
-0.15915
-0.12524
-0.10303
-0.095245
-0.085632
-0.053802
0.00354
0.068726
0.12671
0.16968
0.19446
0.20404
0.20523
0.20444
0.20654
0.20486
0.18259
0.13724
0.08075
0.033081
0.0037537
-0.013367
-0.032013
-0.055664
-0.075806
-0.088379
-0.093506
-0.096954
-0.10678
-0.13376
-0.18027
-0.22607
-0.24124
-0.21045
-0.1507
-0.10507
-0.095764
-0.10092
-0.086761
-0.039246
0.031738
0.1026
0.16058
0.20554
0.23233
0.23489
0.22281
0.21561
0.2139
0.20844
0.18106
0.12137
0.055328
0.0085449
-0.020966
-0.042938
-0.062622
-0.082733
-0.094666
-0.092224
-0.086426
-0.082031
-0.087036
-0.12018
-0.177
-0.22339
-0.23294
-0.19464
-0.1268
-0.087067
-0.095245
-0.11203
-0.10779
-0.064331
0.016296
0.095764
0.15823
0.20941
0.22977
0.21921
0.21179
0.20959
0.21014
0.21036
0.17941
0.11716
0.056061
0.01355
-0.018677
-0.042236
-0.058716
-0.069275
-0.066589
-0.058105
-0.052521
-0.047455
-0.047913
-0.078339
-0.14481
-0.21597
-0.25565
-0.24008
-0.17993
-0.13235
-0.13351
-0.1524
-0.15231
-0.11353
-0.034882
0.052979
0.13104
0.19919
0.24213
0.25046
0.24356
0.23837
0.24054
0.24503
0.22501
0.16864
0.10376
0.049988
0.0029602
-0.032349
-0.056061
-0.068909
-0.063446
-0.051971
-0.049103
-0.046661
-0.039673
-0.049408
-0.10098
-0.18613
-0.26276
-0.28769
-0.25027
-0.18774
-0.15744
-0.17322
-0.19427
-0.17993
-0.11673
-0.019684
0.082123
0.16846
0.23428
0.27216
0.27942
0.27399
0.27023
0.2691
0.26282
0.23303
0.17444
0.10535
0.044037
-0.0072327
-0.047913
-0.07019
-0.073792
-0.068878
-0.062225
-0.057404
-0.052155
-0.044464
-0.057281
-0.12119
-0.21777
-0.29172
-0.3096
-0.26678
-0.19894
-0.16803
-0.1792
-0.18942
-0.16852
-0.1008
0.0053101
0.11267
0.20337
0.27249
0.30045
0.29358
0.284
0.28268
0.28784
0.28561
0.24203
0.16403
0.088562
0.028412
-0.015686
-0.05072
-0.080688
-0.09375
-0.082977
-0.065369
-0.050598
-0.039764
-0.040863
-0.074127
-0.15582
-0.25864
-0.32928
-0.33105
-0.27225
-0.20786
-0.19153
-0.21158
-0.21521
-0.17014
-0.070587
0.050293
0.15472
0.2435
0.3053
0.32202
0.31824
0.31442
0.31055
0.30893
0.28738
0.22385
0.14279
0.069946
0.008606
-0.03418
-0.063171
-0.087158
-0.094421
-0.083984
-0.069946
-0.048309
-0.027832
-0.029083
-0.075897
-0.18066
-0.29639
-0.36023
-0.35107
-0.2868
-0.22485
-0.21533
-0.2305
-0.21643
-0.1525
-0.038208
0.091705
0.19473
0.27325
0.31866
0.32236
0.32007
0.32913
0.33578
0.32556
0.28238
0.20181
0.12112
0.065491
0.016602
-0.025299
-0.059937
-0.0896
-0.092926
-0.071228
-0.046875
-0.024658
-0.0076294
-0.015503
-0.084442
-0.21649
-0.34698
-0.41116
-0.39499
-0.32507
-0.26468
-0.254
-0.25577
-0.2211
-0.13132
0.008667
0.1543
0.26056
0.32709
0.35406
0.35022
0.34665
0.34692
0.33517
0.30273
0.23874
0.15002
0.074951
0.035248
0.005249
-0.028015
-0.058289
-0.083771
-0.083099
-0.046753
-0.00067139
0.03476
0.05603
0.025452
-0.11252
-0.31183
-0.44983
-0.48114
-0.43311
-0.35458
-0.32266
-0.33801
-0.30963
-0.21109
-0.065399
0.11084
0.25653
0.33612
0.38983
0.41238
0.39752
0.39771
0.39459
0.34821
0.27579
0.18265
0.090393
0.043182
0.016998
-0.023529
-0.069366
-0.1055
-0.11224
-0.071869
-0.0088196
0.041168
0.066956
0.063416
-0.0061035
-0.17841
-0.37384
-0.47067
-0.46912
-0.42313
-0.37521
-0.37744
-0.38846
-0.31625
-0.17456
0.00030518
0.18826
0.31943
0.38513
0.43127
0.44238
0.43271
0.43253
0.3999
0.31937
0.21939
0.11066
0.033966
0.013336
-0.0021667
-0.037445
-0.074768
-0.10001
-0.087158
-0.021912
0.057953
0.10797
0.12662
0.094238
-0.07135
-0.34698
-0.55231
-0.60971
-0.56201
-0.45352
-0.39594
-0.42859
-0.39545
-0.22305
0.0038147
0.23117
0.39243
0.44913
0.48251
0.50797
0.47989
0.4447
0.4057
0.30862
0.19296
0.093018
0.0010376
-0.030304
-0.012177
-0.03064
-0.079132
-0.10712
-0.09552
-0.02066
0.084106
0.12891
0.1322
0.12366
-0.04303
-0.3652
-0.57471
-0.61139
-0.56943
-0.45755
-0.41559
-0.49008
-0.43774
-0.21429
0.032745
0.2749
0.41986
0.42639
0.45972
0.51154
0.4805
0.44321
0.39462
0.28238
0.18338
0.089233
-0.014496
-0.022827
0.02359
0.0064697
-0.040955
-0.071198
-0.065582
0.02536
0.13925
0.17691
0.18301
0.13916
-0.11676
-0.50677
-0.74365
-0.76477
-0.66925
-0.535
-0.4697
-0.44067
-0.29541
-0.064575
0.16821
0.39191
0.52286
0.53738
0.53473
0.50397
0.41373
0.33932
0.26938
0.16272
0.059784
-0.021423
-0.049377
0.0019836
0.050385
0.047729
0.033173
0.021393
0.041412
0.11899
0.19525
0.22147
0.21143
0.12512
-0.16818
-0.59912
-0.85559
-0.8566
-0.76544
-0.64041
-0.52383
-0.4277
-0.22513
0.057465
0.30066
0.51083
0.61374
0.5531
0.48389
0.44397
0.34122
0.2326
0.14899
0.048615
-0.01944
-0.038208
-0.018799
0.072144
0.17319
0.19446
0.15918
0.12323
0.11829
0.15781
0.2121
0.21024
0.14771
0.048706
-0.25113
-0.73221
-1
-1
-0.84348
-0.57275
-0.43607
-0.41913
-0.18118
0.1626
0.42157
0.66574
0.71509
0.53516
0.43185
0.35928
0.20532
0.12238
0.042511
-0.065857
-0.0466
0.0040588
0.045959
0.19586
0.29828
0.2587
0.2261
0.21518
0.19833
0.20786
0.18719
0.11636
0.041718
-0.031891
-0.24323
-0.69351
-1
-1
-0.94461
-0.69827
-0.37778
-0.23691
-0.1084
0.22729
0.495
0.63446
0.69888
0.51761
0.27673
0.20029
0.095764
-0.0046997
0.016418
-0.0042114
-0.012939
0.093201
0.18085
0.27631
0.40616
0.41431
0.33005
0.24213
0.14938
0.11429
0.1199
0.08136
0.0074768
-0.070618
-0.31381
-0.84662
-1
-1
-0.75555
-0.5863
-0.33469
-0.18045
0.031494
0.38449
0.52173
0.56973
0.57397
0.27444
0.03067
0.054321
-0.00057983
-0.082764
-0.035858
0.021912
0.1387
0.27118
0.30481
0.39395
0.48419
0.39957
0.30298
0.26718
0.16748
0.053162
0.0018005
0.015137
0.026733
-0.0495
-0.1936
-0.52579
-0.88617
-0.92422
-0.88541
-0.84833
-0.5415
-0.25885
-0.10825
0.18579
0.38528
0.49109
0.6131
0.44095
0.17279
0.10205
-0.0058899
-0.10175
-0.025482
0.052094
0.13742
0.25919
0.32343
0.40881
0.48685
0.44226
0.38162
0.3233
0.18286
0.056213
-0.0095825
-0.054718
-0.046112
-0.077759
-0.15811
-0.37274
-0.8129
-1
-0.86481
-0.75916
-0.52847
-0.20276
-0.071075
0.098602
0.30618
0.38187
0.46094
0.34882
0.068817
-0.014343
-0.0091553
-0.064697
-0.0026245
0.16666
0.27023
0.31723
0.37125
0.43579
0.46356
0.41785
0.34271
0.28592
0.21017
0.087402
0.0011902
-0.017273
-0.027222
-0.093658
-0.13922
-0.2674
-0.74731
-1
-0.92773
-0.83139
-0.57413
-0.11325
0.047882
0.13022
0.30737
0.30536
0.33316
0.28421
0.028992
-0.063904
-0.066284
-0.13614
-0.026062
0.22446
0.34708
0.38989
0.42496
0.42206
0.40433
0.38715
0.35156
0.29944
0.20593
0.074921
0.0024719
-0.0063171
-0.019928
-0.032959
-0.042267
-0.094696
-0.46445
-0.93677
-1
-0.95187
-0.82837
-0.42401
-0.044434
0.083282
0.25137
0.37762
0.42593
0.40222
0.17188
-0.058197
-0.09848
-0.10873
-0.064728
0.15491
0.35345
0.39218
0.38464
0.40005
0.39935
0.38126
0.37207
0.36093
0.28345
0.1171
-0.0097656
-0.058197
-0.081207
-0.095581
-0.11011
-0.099304
-0.39862
-0.92252
-0.98361
-0.78995
-0.68124
-0.34113
0.0080566
0.030304
0.10559
0.25589
0.30942
0.28369
0.063416
-0.12738
-0.08316
-0.018829
0.028931
0.24338
0.42636
0.38367
0.34238
0.37927
0.36597
0.33392
0.35815
0.36209
0.28568
0.16187
0.044312
-0.024597
-0.057007
-0.073456
-0.063782
-0.044403
-0.37375
-0.89563
-0.98248
-0.90707
-0.79526
-0.39709
-0.026733
0.045746
0.16907
0.29462
0.2789
0.24911
0.084961
-0.076141
-0.062042
-0.018005
0.021881
0.22369
0.39975
0.37079
0.33829
0.33499
0.31155
0.33163
0.40244
0.42932
0.34085
0.177
0.031921
-0.054626
-0.089233
-0.074615
-0.064789
-0.050232
-0.33112
-0.91223
-1
-0.91202
-0.59097
-0.22461
0.070618
0.093048
0.02533
0.095032
0.21378
0.25137
0.06723
-0.12695
-0.13757
-0.033173
0.098328
0.29306
0.45306
0.40662
0.31937
0.29611
0.32135
0.34955
0.38263
0.40427
0.33417
0.19119
0.060852
-0.037872
-0.083862
-0.074951
-0.048981
-0.026184
-0.40048
-0.91138
-0.99258
-0.91431
-0.73813
-0.30142
0.069122
0.051086
0.10345
0.21341
0.21127
0.1871
0.045013
-0.084534
-0.096954
-0.036255
0.059662
0.30087
0.44278
0.37299
0.33392
0.30774
0.28503
0.33423
0.45667
0.4664
0.32962
0.18076
0.032013
-0.093109
-0.10571
-0.041443
-0.027191
-0.094238
-0.59671
-1
-1
-0.76633
-0.33572
0.014862
0.16272
0.031586
-0.022308
0.033234
0.17053
0.13547
-0.070435
-0.15396
-0.1105
0.030548
0.2146
0.41397
0.44574
0.35461
0.28275
0.2645
0.32846
0.40439
0.46307
0.42963
0.27548
0.10028
-0.037476
-0.095398
-0.064575
-0.007782
-0.0019836
-0.23868
-0.79785
-1
-0.94388
-0.68845
-0.26025
0.1077
0.11874
0.0083618
0.062622
0.077301
0.10339
0.018799
-0.12854
-0.15848
-0.059662
0.11221
0.30267
0.44165
0.37546
0.27563
0.24152
0.26282
0.35107
0.46957
0.50598
0.38855
0.21866
0.046844
-0.06958
-0.083466
-0.016479
0.040375
-0.045715
-0.58261
-1
-1
-0.82578
-0.32324
0.21887
0.32214
0.047089
-0.072723
-0.095734
-0.032654
0.00027466
-0.067261
-0.15271
-0.096466
0.065613
0.25241
0.40701
0.37939
0.27167
0.21942
0.2605
0.36127
0.48862
0.53104
0.41653
0.21393
0.035583
-0.075073
-0.099152
0.011047
0.080414
0.062805
-0.34158
-0.8605
-0.99881
-0.8515
-0.51981
-0.11325
0.23611
0.078247
-0.03244
-0.023132
-0.022583
-0.036072
-0.096191
-0.11346
-0.14392
0.027954
0.17224
0.33649
0.37344
0.26566
0.19418
0.19467
0.3157
0.4364
0.55014
0.48563
0.32574
0.14114
-0.038269
-0.079376
0.006012
0.069061
0.072693
-0.20645
-0.87009
-1
-0.81726
-0.418
-0.022003
0.25781
0.090088
-0.17621
-0.13422
-0.062744
-0.016785
-0.088531
-0.13211
-0.12015
0.011475
0.17685
0.30273
0.35278
0.24643
0.16635
0.19012
0.30432
0.44586
0.54532
0.47028
0.26868
0.088013
-0.026123
-0.046844
0.053925
0.12759
0.11572
-0.22314
-0.79724
-0.98584
-0.83835
-0.50272
-0.08017
0.24319
0.13974
-0.012512
-0.03537
-0.11969
-0.13495
-0.16177
-0.11606
-0.068726
0.089417
0.19702
0.26822
0.28625
0.18866
0.14062
0.15112
0.27725
0.44376
0.55991
0.46356
0.27249
0.079193
-0.10114
-0.11331
0.042267
0.17206
0.10553
-0.41174
-0.92734
-0.94012
-0.62433
-0.18109
0.16934
0.2164
-0.047668
-0.12421
-0.074371
-0.04599
-0.065643
-0.13455
-0.1308
-0.054962
0.13208
0.22244
0.25604
0.22296
0.14438
0.1413
0.2081
0.34995
0.44925
0.46112
0.33011
0.14133
-0.0085144
-0.10883
-0.036194
0.1116
0.23157
-0.15689
-0.79974
-1
-0.76169
-0.27798
0.19357
0.41821
0.097198
-0.15198
-0.16504
-0.11438
-0.090729
-0.093384
-0.080719
-0.06601
0.10101
0.18729
0.20123
0.14575
0.098724
0.09906
0.17258
0.32043
0.42627
0.4361
0.32956
0.14725
-0.015991
-0.11108
-0.054932
0.068909
0.22055
0.10364
-0.49557
-0.84409
-0.78375
-0.48743
-0.091797
0.21677
0.15613
-0.04776
-0.027771
-0.033478
-0.0289
-0.085144
-0.10452
-0.080414
0.048798
0.19113
0.1998
0.17709
0.090454
0.048187
0.1051
0.24072
0.38055
0.42331
0.36105
0.2077
0.050964
-0.10184
-0.11652
0.0027771
0.13885
0.15991
-0.37018
-0.87479
-0.93628
-0.61542
-0.053741
0.40677
0.42468
0.081573
-0.047333
-0.12384
-0.096954
-0.05777
-0.088257
-0.087097
0.0071411
0.18546
0.19708
0.16278
0.065277
-0.0073853
0.054474
0.20898
0.40192
0.45966
0.38214
0.19
-0.012695
-0.17087
-0.20569
-0.045532
0.1185
0.19897
-0.23312
-0.77274
-0.79291
-0.49667
-0.091125
0.27301
0.27988
-0.058838
-0.10687
0.0048523
0.022461
0.0040283
-0.06665
-0.10831
0.00033569
0.21393
0.25241
0.14142
0.035156
-0.029083
0.042725
0.19858
0.35797
0.39841
0.31946
0.18344
0.052063
-0.058197
-0.11185
-0.043732
0.047882
0.11575
-0.30319
-0.83401
-0.87729
-0.52774
-0.030212
0.36417
0.37451
0.025482
-0.068024
-0.011902
0.038666
0.014221
-0.088379
-0.12836
0.031647
0.29297
0.33023
0.15967
-0.039124
-0.11707
-0.013092
0.19739
0.388
0.42111
0.31003
0.15604
0.0062561
-0.13992
-0.18469
-0.10324
0.03656
0.1199
-0.28143
-0.79083
-0.75662
-0.44644
-0.097992
0.26886
0.27866
-0.034332
-0.042145
0.12946
0.1142
0.036652
-0.046936
-0.11264
0.0112
0.26987
0.32776
0.17139
0.044769
-0.043732
-0.012512
0.15607
0.33182
0.35532
0.27902
0.1774
0.040833
-0.095032
-0.15063
-0.096405
-0.016357
0.039978
-0.38431
-0.87598
-0.85635
-0.49973
0.03244
0.37552
0.34918
0.0098572
-0.038452
0.037994
0.11087
0.086151
-0.073944
-0.090668
0.057434
0.34799
0.37286
0.2265
0.0055542
-0.10699
-0.013672
0.17612
0.37424
0.37698
0.26462
0.10962
-0.015961
-0.14468
-0.1922
-0.13403
-0.037048
-0.039154
-0.52927
-0.85889
-0.63809
-0.30853
0.05304
0.35202
0.20547
-0.13486
-0.045227
0.13
0.13168
0.12149
0.011139
-0.058777
0.070374
0.32568
0.31683
0.19312
0.077698
-0.026611
0.031921
0.22412
0.37106
0.3009
0.18445
0.048096
-0.064117
-0.1091
-0.077332
-0.056366
-0.025909
-0.15121
-0.7294
-0.97772
-0.72165
-0.27362
0.18646
0.4306
0.23529
-0.057465
0.023407
0.069427
0.10498
0.032257
-0.036987
-0.0060425
0.19412
0.38693
0.31244
0.19107
0.035126
0.0014954
0.072205
0.25714
0.3822
0.33081
0.18942
0.0052795
-0.13788
-0.20905
-0.12033
-0.029297
0.024689
-0.43491
-0.95789
-0.85507
-0.43356
-0.041748
0.24805
0.28186
-0.035858
-0.037994
0.12622
0.16962
0.073273
0.0022583
0.014648
0.098511
0.29691
0.33206
0.22821
0.12939
0.087555
0.074951
0.15732
0.32538
0.36063
0.24005
0.070343
-0.065186
-0.16629
-0.16531
-0.091003
-0.004425
-0.15945
-0.76257
-0.99442
-0.7236
-0.28769
0.12244
0.38901
0.20969
-0.025146
0.093231
0.12048
0.074585
-0.039917
-0.05307
0.0077209
0.23157
0.39658
0.32446
0.20905
0.11368
0.086273
0.11224
0.26315
0.34216
0.30426
0.20053
0.025482
-0.1409
-0.23944
-0.18878
-0.080231
-0.020935
-0.54169
-1
-0.77695
-0.33469
0.027618
0.25089
0.22916
-0.078766
0.0031128
0.14371
0.14474
0.016357
-0.041046
0.039154
0.16156
0.3277
0.29315
0.21259
0.17249
0.17889
0.13409
0.18729
0.32446
0.31042
0.21063
0.07431
-0.078369
-0.20944
-0.19052
-0.095947
-0.012573
-0.38467
-0.91241
-0.8642
-0.55652
-0.12628
0.18808
0.3027
0.061554
0.02356
0.10675
0.11954
0.060883
-0.057709
0.016785
0.10251
0.28506
0.31894
0.2684
0.1907
0.15979
0.15695
0.18054
0.29868
0.3241
0.25653
0.11963
-0.026276
-0.18213
-0.21338
-0.14444
-0.057709
-0.36697
-0.8938
-0.84387
-0.49765
-0.10126
0.081726
0.21094
0.051941
0.044281
0.13995
0.13907
0.00048828
-0.12988
0.024933
0.15817
0.30173
0.27701
0.22641
0.20303
0.23087
0.20279
0.16251
0.25458
0.31287
0.26605
0.14395
-0.0054626
-0.17145
-0.22433
-0.15329
-0.0159
-0.28406
-0.93555
-0.93594
-0.46564
-0.053223
0.11288
0.20856
-0.0016785
-0.079407
0.14389
0.20471
0.010315
-0.16196
0.011902
0.15317
0.30185
0.33472
0.21185
0.13638
0.23297
0.26022
0.16779
0.25934
0.33664
0.27466
0.1362
0.0085754
-0.18274
-0.25024
-0.10199
0.031372
-0.19714
-0.81833
-0.88504
-0.59332
-0.30237
-0.016693
0.19543
0.083557
0.050568
0.25256
0.15445
-0.022675
-0.13519
-0.075043
0.065094
0.24365
0.28128
0.22617
0.26392
0.27744
0.20419
0.13916
0.21579
0.31445
0.31207
0.22528
0.057068
-0.12869
-0.18466
-0.13528
-0.064484
-0.19113
-0.80502
-0.9614
-0.51147
-0.087311
0.0039062
0.016449
0.012238
-0.003479
0.19986
0.19772
0.01001
-0.19659
-0.023651
0.21124
0.2355
0.20132
0.12921
0.20193
0.31015
0.29977
0.11676
0.1619
0.36359
0.38797
0.23074
0.012482
-0.18332
-0.21619
-0.057526
0.027374
-0.15137
-0.81238
-0.99423
-0.59549
-0.19644
0.0063782
0.065247
0.017609
0.028015
0.29028
0.20291
-0.017731
-0.18814
-0.072571
0.14581
0.23495
0.20004
0.11874
0.23254
0.33795
0.2963
0.12109
0.13583
0.32773
0.39349
0.25351
0.026917
-0.17014
-0.20721
-0.058868
0.022186
-0.19003
-0.80966
-0.96252
-0.46616
-0.12024
-0.13251
-0.13559
-0.012756
0.095001
0.32373
0.22803
-0.033203
-0.15924
0.043884
0.23792
0.18176
0.098694
0.085907
0.27679
0.3985
0.29022
0.063721
0.12973
0.36526
0.39166
0.19818
-0.013947
-0.11313
-0.10837
-0.051483
-0.083191
-0.24542
-0.80875
-0.9278
-0.49826
-0.20764
-0.12115
-0.051483
0.046112
0.12009
0.3233
0.15921
-0.044647
-0.11447
0.023376
0.1835
0.16437
0.11639
0.11737
0.3027
0.37582
0.26187
0.095673
0.17004
0.36533
0.36929
0.1792
-0.018616
-0.099121
-0.11423
-0.089966
-0.11563
-0.22974
-0.75232
-0.86194
-0.40781
-0.19183
-0.22571
-0.10916
0.046753
0.11133
0.30258
0.16171
-0.06012
-0.064697
0.097168
0.16055
0.093964
0.068939
0.12814
0.30865
0.38187
0.24503
0.1109
0.22958
0.39282
0.30872
0.11838
-0.015442
-0.045563
-0.036926
-0.044067
-0.14151
-0.26376
-0.75366
-0.87231
-0.45877
-0.21164
-0.22473
-0.1572
0.0083618
0.16608
0.36349
0.1705
-0.02832
-0.056641
0.075287
0.17212
0.10455
0.043091
0.10934
0.3342
0.37186
0.21982
0.10049
0.23557
0.42685
0.34378
0.077454
-0.047852
-0.0039673
-0.0096741
-0.055359
-0.14276
-0.24716
-0.7182
-0.84991
-0.37445
-0.25452
-0.39804
-0.22705
0.05719
0.08725
0.28073
0.20367
-0.0021667
0.038116
0.17218
0.17584
0.049469
0.061584
0.11115
0.28195
0.33514
0.19415
0.11594
0.30783
0.45239
0.27036
0.073669
0.020111
0.040497
0.016388
-0.071747
-0.19257
-0.20557
-0.65195
-0.88135
-0.465
-0.32013
-0.36334
-0.13602
0.054321
-0.017059
0.25613
0.26736
0.028107
0.042938
0.18335
0.15622
0.030609
0.1228
0.12372
0.21909
0.30264
0.20654
0.11514
0.29837
0.44305
0.2597
0.11453
0.072205
0.0401
-0.024902
-0.057159
-0.16013
-0.24536
-0.73093
-0.85904
-0.46652
-0.34302
-0.35583
-0.22839
0.0018616
0.10361
0.31778
0.20386
0.11899
0.15024
0.19144
0.18341
0.021912
0.018646
0.093323
0.28555
0.27881
0.15427
0.16196
0.34149
0.43378
0.26123
0.11386
0.032349
0.024536
-0.031158
-0.12149
-0.13858
-0.2406
-0.79465
-0.81512
-0.41785
-0.354
-0.39075
-0.21173
-0.0059509
0.087982
0.31818
0.16553
0.13272
0.17538
0.26633
0.15521
0.00076294
0.058807
0.1319
0.28204
0.21341
0.14865
0.17432
0.37961
0.41068
0.21579
0.11194
0.092987
0.064423
-0.039948
-0.12115
-0.14337
-0.29626
-0.8602
-0.80771
-0.42947
-0.3981
-0.4194
-0.16418
0.053314
0.15457
0.30008
0.16385
0.16953
0.19635
0.24805
0.12683
0.0050354
0.059631
0.14182
0.23541
0.19186
0.17261
0.2254
0.39279
0.38306
0.20041
0.12997
0.11926
0.047943
-0.081787
-0.12842
-0.11523
-0.35495
-0.86032
-0.70282
-0.43661
-0.4422
-0.42432
-0.21332
-0.022095
0.19745
0.30234
0.11523
0.254
0.29086
0.25461
0.12589
0.087006
0.056488
0.12024
0.21298
0.11557
0.15207
0.26492
0.38483
0.3143
0.19662
0.14111
0.11752
0.037079
-0.047852
-0.12048
-0.086334
-0.46582
-0.92395
-0.59891
-0.38358
-0.51041
-0.55084
-0.13513
0.05365
0.20053
0.18369
0.16983
0.35706
0.31509
0.26691
0.10608
0.15665
0.10202
0.12985
0.13098
0.094788
0.16443
0.24664
0.34369
0.26108
0.20178
0.16226
0.11285
0.012604
-0.037781
-0.06488
-0.11179
-0.58453
-0.83899
-0.52023
-0.47018
-0.56979
-0.46118
-0.12927
0.0031433
0.19977
0.17786
0.24207
0.37695
0.32901
0.26614
0.14658
0.17157
0.098022
0.134
0.099884
0.1001
0.15936
0.23203
0.30875
0.25159
0.20557
0.15891
0.10303
0.02243
0.0091553
-0.024445
-0.12405
-0.67325
-0.78009
-0.44342
-0.51642
-0.66782
-0.46368
-0.093018
-0.074371
0.12781
0.14914
0.30637
0.38177
0.34402
0.30023
0.23187
0.2402
0.093201
0.14651
0.10175
0.098022
0.10934
0.2077
0.28351
0.22961
0.17789
0.12619
0.10913
0.038147
0.039154
-0.014923
-0.15689
-0.68271
-0.67853
-0.44958
-0.62582
-0.66946
-0.41788
-0.1456
-0.10208
0.13718
0.13541
0.35315
0.39954
0.35062
0.32492
0.28882
0.25534
0.10394
0.15359
0.090485
0.090057
0.085785
0.18524
0.25784
0.19379
0.1499
0.13647
0.11359
0.055328
0.036438
0.041626
-0.12708
-0.6582
-0.5849
-0.41949
-0.69437
-0.67542
-0.40872
-0.259
-0.15329
0.089813
0.072479
0.35007
0.43588
0.32568
0.38535
0.40396
0.26706
0.11099
0.22864
0.10544
0.041443
0.071838
0.14127
0.19968
0.15347
0.10852
0.10959
0.14288
0.062744
0.052124
0.071228
-0.018005
-0.52518
-0.58426
-0.38739
-0.63696
-0.72079
-0.52689
-0.28931
-0.22244
-0.021271
-0.00073242
0.31665
0.45224
0.30515
0.41824
0.47336
0.31534
0.11865
0.25735
0.14438
0.006073
0.010529
0.09079
0.16776
0.12552
0.087616
0.094574
0.16351
0.11234
0.073395
0.13004
0.15274
-0.1441
-0.52228
-0.37299
-0.49243
-0.80161
-0.59793
-0.46393
-0.49927
-0.17834
-0.012177
-0.0672
0.37949
0.4772
0.3212
0.51358
0.5365
0.28729
0.21555
0.26593
0.059784
-0.012726
-0.0033264
0
0.02356
0.057556
0.019287
0.062195
0.16849
0.12167
0.085846
0.21844
0.21268
0.07486
-0.24982
-0.33209
-0.29297
-0.70068
-0.79538
-0.40027
-0.54779
-0.66559
-0.10406
-0.016418
-0.026642
0.40128
0.45035
0.4068
0.58386
0.48843
0.28348
0.35803
0.23108
-0.011963
0.037292
0.00088501
-0.13623
-0.069824
0.035645
-0.0069275
0.055939
0.13226
0.15778
0.19711
0.25583
0.254
0.098053
-0.28259
-0.24387
-0.30545
-0.76794
-0.69928
-0.46866
-0.73593
-0.57617
-0.083984
-0.168
0.032379
0.44519
0.38135
0.47574
0.63785
0.4809
0.36877
0.44345
0.2048
0.027405
0.054321
-0.08136
-0.13229
-0.035767
-0.037537
-0.091675
0.072113
0.095306
0.091187
0.21689
0.30167
0.19427
-0.16946
-0.13098
-0.099823
-0.61581
-0.73032
-0.35068
-0.63693
-0.76654
-0.19043
-0.21057
-0.21738
0.21313
0.31
0.362
0.57993
0.50626
0.45389
0.56146
0.31735
0.12344
0.17371
0.0093384
-0.1322
-0.072998
-0.059143
-0.12241
-0.063751
0.0015869
0.046234
0.11383
0.19577
0.27008
0.13943
-0.12891
0.0012512
-0.20389
-0.66391
-0.4494
-0.36145
-0.75955
-0.54312
-0.16132
-0.37646
-0.14694
0.2262
0.20694
0.39023
0.5152
0.49283
0.51154
0.48761
0.25177
0.2438
0.18802
-0.029419
-0.035828
-0.019836
-0.086243
-0.14395
-0.051147
-0.026764
-0.022827
0.057312
0.19049
0.18274
-0.16837
-0.022766
0.051392
-0.47775
-0.50082
-0.11005
-0.5448
-0.66672
-0.15405
-0.32401
-0.33664
0.073669
0.11514
0.19275
0.4447
0.38165
0.42477
0.50934
0.34171
0.28061
0.3197
0.117
0.024933
0.03421
-0.022339
-0.10663
-0.11838
-0.078094
-0.046387
-0.026306
0.059448
0.16791
-0.055328
-0.12146
0.10721
-0.25507
-0.49701
-0.10818
-0.32669
-0.67303
-0.22745
-0.22339
-0.43451
-0.051788
0.079254
0.049133
0.30881
0.3067
0.3382
0.46869
0.37592
0.30084
0.35172
0.20844
0.10403
0.11688
0.036011
-0.025208
-0.082336
-0.077637
-0.068359
-0.087067
-0.041382
0.12943
0.0063171
-0.21143
0.085358
-0.061707
-0.51172
-0.20966
-0.081909
-0.59772
-0.36478
-0.083038
-0.38788
-0.20883
0.070526
0.0046082
0.13889
0.26379
0.26389
0.40842
0.36331
0.28381
0.35724
0.27414
0.12915
0.14902
0.085571
0.018646
-0.032898
-0.067261
-0.067627
-0.075104
-0.043793
0.026337
0.085266
-0.13684
-0.052338
0.093658
-0.34357
-0.36667
-0.02066
-0.3754
-0.53931
-0.093658
-0.25732
-0.35992
-0.043243
-0.016541
0.014648
0.16586
0.22723
0.34668
0.34369
0.29828
0.36917
0.31424
0.17191
0.21375
0.1427
0.059082
0.03949
-0.039886
-0.037628
-0.049133
-0.074371
-0.0099792
0.096863
-0.071136
-0.16495
0.11166
-0.17072
-0.43655
-0.13058
-0.17789
-0.54501
-0.24106
-0.14902
-0.36887
-0.16986
-0.07489
-0.0048218
0.1073
0.13052
0.26489
0.36765
0.2554
0.31778
0.36719
0.22134
0.21976
0.2081
0.093903
0.097137
0.023895
-0.03186
-0.014404
-0.051697
-0.046021
0.057281
0.0082703
-0.18936
0.010925
-0.018341
-0.37228
-0.26102
-0.075134
-0.38959
-0.3844
-0.11966
-0.29614
-0.2724
-0.10455
-0.021729
0.025269
0.079803
0.18491
0.31775
0.241
0.26532
0.37256
0.26306
0.20462
0.25034
0.14182
0.10928
0.08606
-0.00057983
0.015289
-0.016174
-0.05246
0.0090027
0.049072
-0.12289
-0.11044
0.068146
-0.23239
-0.36282
-0.084595
-0.21396
-0.47354
-0.19769
-0.17526
-0.35666
-0.17722
-0.066833
-0.026489
0.019867
0.10818
0.25098
0.24979
0.21539
0.34714
0.32709
0.20676
0.26874
0.21576
0.12085
0.13071
0.05835
0.031067
0.013306
-0.049103
-0.014008
0.032928
-0.049744
-0.16156
-0.0033569
-0.05368
-0.32922
-0.21045
-0.081329
-0.35638
-0.3573
-0.12677
-0.2565
-0.29254
-0.13434
-0.03775
-0.01944
-0.013184
0.15207
0.26434
0.17938
0.24155
0.37332
0.26413
0.21219
0.28281
0.19955
0.13608
0.1232
0.076782
0.041016
-0.028351
-0.03363
0.0031128
-0.013519
-0.064667
-0.12933
-0.0062561
-0.096527
-0.30975
-0.17245
-0.11768
-0.35147
-0.28604
-0.13354
-0.27817
-0.24612
-0.12756
-0.066376
-0.039124
-0.0065002
0.13693
0.21936
0.15436
0.22998
0.35376
0.23193
0.21753
0.30322
0.2106
0.13528
0.14893
0.091736
0.042328
-0.0098267
-0.027771
-0.0013123
-0.032227
-0.067322
-0.093842
-0.059387
-0.12241
-0.22446
-0.15942
-0.15588
-0.27173
-0.23822
-0.14844
-0.2298
-0.20752
-0.1362
-0.072266
-0.046936
-0.039246
0.088165
0.15726
0.12341
0.17056
0.27936
0.22046
0.20523
0.25473
0.21732
0.15317
0.12473
0.11719
0.066254
0.0039062
-0.0040588
0.0090637
-0.042328
-0.045654
-0.025787
-0.090393
-0.063232
-0.095337
-0.16727
-0.12088
-0.11307
-0.22141
-0.16449
-0.1181
-0.19833
-0.15283
-0.099152
-0.094513
-0.06366
-0.02597
0.02066
0.065948
0.07785
0.11255
0.17325
0.15967
0.16394
0.18793
0.17612
0.14828
0.12009
0.10733
0.080048
0.054474
0.026489
0.0038147
0.010559
0.0086975
-0.0090637
-0.027222
-0.027496
-0.031036
-0.04892
-0.077332
-0.09549
-0.084686
-0.1156
-0.15195
-0.11612
-0.12939
-0.1651
-0.14191
-0.11121
-0.12076
-0.08606
-0.056732
-0.022888
0.02475
0.037262
0.07962
0.13275
0.13446
0.14755
0.17554
0.15619
0.13589
0.14197
0.11673
0.097839
0.091034
0.065887
0.054382
0.037231
0.022461
0.0095215
-0.00054932
-0.026947
-0.047485
-0.059631
-0.084045
-0.093048
-0.10468
-0.11664
-0.13589
-0.14172
-0.14056
-0.14273
-0.13809
-0.12271
-0.10202
-0.080841
-0.050385
-0.014313
0.020264
0.048859
0.073547
0.099945
0.12051
0.13086
0.13882
0.1474
0.14001
0.1322
0.12912
0.11057
0.09024
0.078339
0.061035
0.037903
0.018494
0.0022888
-0.022583
-0.042511
-0.059448
-0.072784
-0.083527
-0.10272
-0.11307
-0.11774
-0.12564
-0.12628
-0.11499
-0.10928
-0.09906
-0.077789
-0.054169
-0.032227
-0.01178
0.015381
0.036926
0.05011
0.066162
0.084625
0.096161
0.096344
0.093811
0.10834
0.098114
0.078888
0.083679
0.078522
0.057404
0.042328
0.035492
0.014648
-0.0047607
-0.013519
-0.02417
-0.038666
-0.053101
-0.060425
-0.068481
-0.081085
-0.086975
-0.078308
-0.081024
-0.084381
-0.059723
-0.059601
-0.053558
-0.027679
-0.01355
-0.00045776
0.012115
0.0289
0.03772
0.043182
0.048218
0.051544
0.05191
0.053802
0.053192
0.0578
0.056671
0.04364
0.037781
0.039307
0.032623
0.024689
0.017212
0.0090332
0.0029907
-0.0076294
-0.016693
-0.021393
-0.035889
-0.044891
-0.046356
-0.051971
-0.059082
-0.057434
-0.053833
-0.05069
-0.04541
-0.03598
-0.025055
-0.014526
-0.0023193
0.0053406
0.012939
0.018799
0.02655
0.034058
0.038208
0.04126
0.045654
0.045837
0.04248
0.041351
0.036072
0.033112
0.029114
0.021484
0.016785
0.010468
-0.0013733
-0.0083923
-0.014862
-0.026917
-0.031219
-0.039948
-0.045044
-0.045441
-0.045227
-0.044434
-0.042206
-0.038971
-0.032928
-0.022888
-0.01712
-0.006897
0.00177
0.0095825
0.019775
0.024872
0.0289
0.035461
0.041473
0.042603
0.04248
0.043213
0.040741
0.035919
0.032715
0.029572
0.021729
0.013519
0.0059204
-0.0035706
-0.013367
-0.02002
-0.0289
-0.037506
-0.041504
-0.044861
-0.04599
-0.045593
-0.041565
-0.038269
-0.034637
-0.03009
-0.024048
-0.012573
-0.0021973
0.0014954
0.0057678
0.019806
0.026764
0.028809
0.038361
0.047241
0.04715
0.045654
0.0448
0.038666
0.033966
0.028168
0.021881
0.01651
0.0081177
0.00021362
-0.0076904
-0.015869
-0.024597
-0.032043
-0.038879
-0.042084
-0.043457
-0.045807
-0.043304
-0.042786
-0.041443
-0.033112
-0.024017
-0.018433
-0.0086365
9.1553e-05
0.0032959
0.010468
0.018951
0.026733
0.036072
0.041656
0.045135
0.047729
0.047333
0.044647
0.043274
0.042816
0.036041
0.025848
0.020844
0.011292
0.0019836
-0.0058899
-0.017242
-0.025696
-0.032013
-0.037903
-0.042999
-0.049072
-0.048553
-0.0448
-0.048157
-0.047211
-0.037994
-0.032928
-0.0271
-0.017151
-0.0093384
-0.0042114
0.0026245
0.011292
0.020844
0.028625
0.033691
0.038727
0.04422
0.047028
0.047577
0.047821
0.046661
0.041626
0.036255
0.029419
0.019287
0.0097351
0.0033875
-0.0029602
-0.013855
-0.021271
-0.026093
-0.034363
-0.042877
-0.044312
-0.044861
-0.046417
-0.042725
-0.037628
-0.038483
-0.037323
-0.027313
-0.02124
-0.016541
-0.0070801
-0.00027466
0.007843
0.016998
0.024994
0.031464
0.038239
0.042725
0.048035
0.049683
0.046356
0.043213
0.040497
0.036865
0.032593
0.028046
0.022339
0.013672
0.0040894
-0.0022278
-0.011658
-0.022064
-0.02597
-0.030182
-0.037567
-0.042572
-0.042358
-0.04364
-0.043945
-0.044739
-0.040527
-0.037262
-0.036133
-0.026611
-0.017792
-0.01181
-0.0043335
0.0045166
0.013123
0.02002
0.024933
0.031067
0.039368
0.041016
0.040375
0.043152
0.04126
0.036102
0.032135
0.028687
0.024384
0.017242
0.010254
0.0038757
-0.0018311
-0.0075073
-0.014008
-0.020477
-0.024536
-0.02771
-0.031097
-0.034149
-0.034973
-0.032715
-0.032898
-0.033783
-0.028717
-0.023682
-0.020355
-0.013397
-0.0059204
0.00061035
0.0059509
0.0093689
0.013428
0.017303
0.023285
0.029266
0.030121
0.030701
0.033569
0.032898
0.027374
0.025238
0.025726
0.01825
0.010345
0.0072937
0.002655
-0.0014343
-0.0050049
-0.011505
-0.016693
-0.017059
-0.022003
-0.025238
-0.024719
-0.024323
-0.021423
-0.02063
-0.0177
-0.011902
-0.0098267
-0.0097046
-0.0049438
-0.0019226
-0.00036621
0.0024109
0.0030518
0.0064697
0.0097961
0.0091553
0.011536
0.014099
0.014008
0.015503
0.015472
0.013947
0.010132
0.010406
0.010559
0.0056458
0.0019836
0.00091553
-0.002655
-0.006073
-0.0090027
-0.0090332
-0.0070801
-0.0098572
