0
0.00039673
-0.00054932
0.0010681
0.0012512
-0.00030518
0.0011292
-0.00036621
0.0012817
0.0010376
0.0005188
0.00033569
-0.0015869
0.00024414
0.0010376
0.0011597
0.0013123
0.0015259
0.0014038
0.0011597
0.00024414
0.00018311
-0.00012207
-0.00097656
-0.0012817
-0.0010376
-0.00061035
-0.00094604
-0.00018311
0.0007019
0.0010681
-0.00045776
-0.00085449
-0.00027466
-0.0011597
-0.0019531
-0.0010376
-0.00036621
-0.0011292
-0.00045776
-0.0012512
0.00064087
0.00036621
0.00067139
0.0014648
0.00076294
0.00067139
-0.00097656
-0.0005188
0.00018311
0.00067139
0.00036621
3.0518e-05
-0.00082397
-0.0007019
-0.00057983
-0.0010986
-0.00082397
-0.0014954
-0.0012207
-0.00073242
3.0518e-05
0.00033569
0.0011902
0.00030518
0.00042725
-0.00015259
0.00094604
0.0023193
0.00061035
0.00085449
0.0017395
-0.00061035
-0.00018311
0.0005188
0.00030518
-0.00012207
-0.0015564
0.00018311
0.00064087
-0.00085449
-0.00027466
-0.0011597
0.0010376
0.00021362
0.00048828
0.0013733
-0.0019531
-0.0021362
0.0017395
0.0056152
-0.0049133
0.0061951
0.00033569
-0.024078
0.0020142
0.02655
-0.010956
0.00045776
0.034363
-0.050049
0.022552
0.013489
-0.023773
0.031647
-0.013397
0.0050659
-0.0094604
0.0050049
-0.013
-0.0019836
0.0071106
-0.011719
0.0011292
-0.0080566
-0.0018921
-0.0090637
0.0033264
-0.0047913
-0.0053711
0.0029297
0.0016785
0.004303
0.0042419
0.00079346
0.0036011
0.0039368
0.00354
0.0061646
-0.0010071
0.0031738
0.0013428
0.0020752
-0.0028381
-0.00177
0.0022888
-0.0039368
0.0013733
-0.0028992
0.0026245
0.0056152
-0.0024109
0.0054932
-0.01297
-0.090454
0.04834
0.034973
-0.024292
0.0010376
-0.068573
0.085266
0.023041
0.047333
0.058228
0.028046
0.043396
-0.012909
0.036285
-0.013245
-0.017273
-0.033447
-0.031403
-0.033936
-0.060791
-0.034912
-0.038971
-0.032562
-0.045135
-0.033203
-0.0020447
0.0077209
0.012268
-0.0019531
0.013275
0.013153
0.032135
0.035645
0.043793
0.041595
0.025513
0.024689
-0.0090942
0.010834
0.0019836
-0.0099182
-0.042328
-0.064941
-0.055939
-0.10217
-0.049652
-0.048676
-0.045197
-0.021393
-0.013672
0.013397
0.02713
0.073334
0.077393
0.095612
0.10583
0.081146
0.076752
0.077942
0.066559
0.041443
0.031952
0.00064087
-0.034424
-0.037109
-0.040619
-0.050934
-0.05069
-0.054077
-0.055603
-0.040649
-0.027069
-0.023346
-0.0098267
-0.0032349
-0.005249
0.0044861
0.026337
0.033508
0.042694
0.044189
0.036072
0.0466
0.051056
0.070282
0.070374
0.06546
0.061401
0.052887
0.041229
0.020142
0.0053101
-0.023926
-0.072144
-0.1687
-0.21857
-0.26932
-0.47079
-0.5123
-0.42535
-0.47311
-0.29306
-0.06015
0.044312
0.16086
0.32886
0.43304
0.46646
0.63205
0.60492
0.4826
0.39023
0.22711
0.0054626
-0.082397
-0.10696
-0.25946
-0.28067
-0.21732
-0.23212
-0.17609
0.013763
0.055054
0.078156
0.17789
0.17606
0.10187
0.12396
0.10165
-0.049774
-0.10001
-0.1492
-0.26401
-0.28928
-0.22256
-0.20816
-0.16354
-0.049896
-0.0050964
-0.01001
0.06192
0.10095
0.063019
0.076996
0.082214
0.018677
0.0016785
0.039856
0.011383
0.019775
0.080444
0.059998
0.035217
0.075867
0.0802
0.05545
0.11023
0.13229
0.11877
0.16577
0.20197
0.16583
0.15918
0.056305
-0.11789
-0.2547
-0.39865
-0.5224
-0.85626
-0.77899
-0.75305
-0.69095
-0.24365
0.022736
0.3385
0.45837
0.73239
0.67908
0.71896
0.78519
0.57104
0.4165
0.10718
-0.11368
-0.43439
-0.39441
-0.37961
-0.31039
-0.10669
0.023041
0.11893
0.21844
0.37326
0.34988
0.35852
0.30371
0.11957
-0.10284
-0.21799
-0.3555
-0.44064
-0.42404
-0.34927
-0.32144
-0.20013
-0.037415
0.053375
0.17773
0.24841
0.23044
0.12103
0.048981
-0.088226
-0.1514
-0.16025
-0.16061
-0.13583
-0.083313
-0.0031433
0.062958
0.15567
0.2034
0.2117
0.16577
0.18338
0.1716
0.18185
0.25635
0.2316
0.22644
0.13678
0.0022888
-0.086792
-0.24475
-0.35883
-0.47839
-0.80939
-0.94113
-0.87692
-0.79663
-0.40417
0.037079
0.37195
0.52576
0.70764
0.73151
0.66138
0.74094
0.60724
0.40033
0.082458
-0.18332
-0.48453
-0.52478
-0.36118
-0.22296
0.023651
0.20065
0.30054
0.31601
0.41559
0.42093
0.35846
0.27206
0.057251
-0.22623
-0.41843
-0.51956
-0.53683
-0.43994
-0.28513
-0.18015
-0.086456
0.050201
0.13901
0.21924
0.24753
0.21753
0.046051
-0.087036
-0.1763
-0.25964
-0.20898
-0.11975
-0.031219
0.031006
0.13235
0.16049
0.16309
0.20593
0.1897
0.16968
0.17755
0.19519
0.22079
0.22141
0.20898
0.14755
-0.026154
-0.12375
-0.27811
-0.4184
-0.64456
-0.97946
-0.92578
-0.953
-0.66968
-0.15341
0.21741
0.56857
0.67892
0.82495
0.68274
0.71359
0.66479
0.42728
0.22632
-0.13928
-0.42172
-0.64691
-0.50897
-0.34753
-0.068481
0.26944
0.39896
0.45053
0.45859
0.43881
0.33105
0.26727
0.13165
-0.14465
-0.38162
-0.53461
-0.60916
-0.51218
-0.29663
-0.087097
0.032379
0.15451
0.17035
0.13678
0.15436
0.12
0.037445
-0.054993
-0.14316
-0.24744
-0.22791
-0.1228
-0.014496
0.10959
0.19562
0.18674
0.1561
0.14224
0.13507
0.14758
0.19824
0.25897
0.24005
0.16223
0.10025
-0.027588
-0.15872
-0.25516
-0.4071
-0.80792
-1
-0.99969
-1
-0.56061
-0.02002
0.40057
0.64548
0.80612
0.82193
0.6539
0.75153
0.63116
0.44968
0.15878
-0.19742
-0.57693
-0.73975
-0.53836
-0.30115
0.083038
0.41574
0.55405
0.49557
0.46606
0.38522
0.27173
0.21201
0.080353
-0.20053
-0.46149
-0.62109
-0.68991
-0.56512
-0.25916
0.004364
0.15799
0.24155
0.16995
0.070038
0.010773
0.041779
0.0059204
-0.024384
-0.073486
-0.17667
-0.18256
-0.098419
0.045319
0.14053
0.25183
0.25131
0.18896
0.17285
0.1535
0.20169
0.24918
0.27567
0.17969
0.044586
-0.073547
-0.31967
-0.42303
-0.81418
-1
-0.99789
-1
-0.60681
-0.14664
0.37796
0.61969
0.83389
0.91516
0.6915
0.76239
0.58878
0.46341
0.15286
-0.13571
-0.51587
-0.77402
-0.64355
-0.50406
-0.075165
0.31049
0.58118
0.61469
0.55341
0.43259
0.23407
0.17728
0.081055
-0.087769
-0.27756
-0.47052
-0.58566
-0.5903
-0.35861
-0.098114
0.10022
0.255
0.2355
0.12073
0.02124
0.0029297
-0.03949
-0.0024719
0.021973
-0.040375
-0.072754
-0.078918
-0.068329
-0.0082397
0.12207
0.18439
0.19476
0.20007
0.17273
0.12872
0.13235
0.17078
0.1073
-0.0063782
-0.16574
-0.54102
-1
-1
-1
-0.94843
-0.29623
0.21707
0.58218
0.73947
0.90506
0.74765
0.7305
0.83218
0.68494
0.53101
0.18024
-0.23605
-0.72955
-0.81738
-0.7392
-0.47586
0.018555
0.35626
0.49045
0.46021
0.40308
0.21756
0.14023
0.17188
0.08136
-0.079529
-0.24667
-0.46701
-0.6275
-0.55283
-0.31979
-0.1163
0.18265
0.32663
0.2818
0.2247
0.12653
0.04364
0.0049438
0.090271
0.06485
0.050323
0.040405
-0.022827
-0.0059204
0.06546
0.17297
0.20056
0.2179
0.14328
-3.0518e-05
-0.071533
-0.12671
-0.13776
-0.20078
-0.36215
-0.83493
-1
-1
-1
-0.59982
-0.026978
0.54297
0.81558
0.99997
0.88007
0.68365
0.76712
0.65253
0.70813
0.54358
0.29776
-0.21472
-0.55853
-0.74527
-0.79291
-0.3829
-0.0068359
0.35623
0.45511
0.43472
0.198
-0.011383
-0.02179
-0.034027
0.050415
0.057251
-0.063202
-0.32159
-0.53815
-0.62326
-0.61761
-0.32666
-0.010956
0.25119
0.39767
0.38147
0.259
0.094604
0.073883
0.057007
0.14102
0.20392
0.19437
0.14386
0.10367
0.10654
0.098816
0.19562
0.1756
0.10556
0.040222
-0.068573
-0.23816
-0.36615
-0.5737
-1
-1
-1
-1
-0.58484
-0.1022
0.40948
0.66846
0.98856
0.84567
0.82074
0.79578
0.66092
0.65024
0.49512
0.36075
-0.049164
-0.24081
-0.5029
-0.61349
-0.44577
-0.24072
0.033386
0.18347
0.31982
0.20193
0.10031
0.051178
-0.020874
0.035431
0.095459
0.12277
0.017792
-0.12674
-0.31876
-0.52832
-0.55652
-0.50159
-0.30515
-0.080597
0.13306
0.23535
0.22858
0.21222
0.13654
0.16342
0.21274
0.30423
0.35934
0.37134
0.32706
0.20102
0.096222
-0.032166
-0.11169
-0.16794
-0.18472
-0.23651
-0.30328
-0.47681
-0.7504
-0.80737
-0.92615
-0.8107
-0.52762
-0.20709
0.14673
0.38226
0.62369
0.59067
0.63873
0.59705
0.54749
0.5657
0.53461
0.52087
0.38113
0.30176
0.098724
-0.090057
-0.19397
-0.28757
-0.31
-0.28815
-0.23904
-0.23035
-0.20706
-0.18387
-0.19266
-0.12805
-0.02887
0.076752
0.19479
0.28745
0.30887
0.23615
0.14658
-0.022491
-0.1582
-0.24741
-0.29291
-0.28232
-0.246
-0.18713
-0.16391
-0.11322
-0.079712
-0.017059
0.083466
0.18085
0.26987
0.30399
0.27814
0.1853
0.08374
0.017609
-0.030579
-0.048676
-0.046844
-0.058319
-0.093964
-0.12665
-0.16074
-0.16068
-0.14093
-0.11899
-0.082245
-0.059082
-0.040192
-0.035126
-0.026489
-0.037811
-0.063263
-0.080902
-0.10742
-0.10431
-0.073059
-0.005188
0.079865
0.16638
0.241
0.27606
0.28934
0.27628
0.24515
0.22031
0.19666
0.16238
0.12439
0.085419
0.027405
-0.02478
-0.052155
-0.067078
-0.065857
-0.052826
-0.049133
-0.05719
-0.07193
-0.096863
-0.1304
-0.15683
-0.173
-0.19272
-0.20068
-0.19641
-0.18521
-0.15497
-0.10577
-0.060669
-0.021667
0.0062866
0.012512
0.011475
0.024963
0.047699
0.06897
0.093658
0.10611
0.10416
0.10138
0.099976
0.10254
0.1167
0.13324
0.13733
0.13687
0.13049
0.11661
0.10126
0.092621
0.082703
0.054626
0.0090332
-0.049011
-0.1232
-0.19162
-0.23938
-0.26688
-0.26923
-0.25754
-0.23682
-0.21591
-0.19736
-0.17422
-0.14508
-0.094208
-0.035797
0.030273
0.092346
0.14435
0.18332
0.20651
0.22263
0.22684
0.23419
0.23849
0.23489
0.22787
0.21075
0.18314
0.14383
0.09729
0.049713
0.0079041
-0.0224
-0.047333
-0.06723
-0.083008
-0.10297
-0.1268
-0.14786
-0.15881
-0.16769
-0.16779
-0.1561
-0.13797
-0.1189
-0.10516
-0.092834
-0.08606
-0.077911
-0.065247
-0.050293
-0.034424
-0.020996
-0.0073547
0.010406
0.031403
0.054932
0.081909
0.10056
0.11124
0.11102
0.10452
0.094727
0.081482
0.073151
0.07428
0.080475
0.097015
0.11765
0.12863
0.12784
0.1127
0.086639
0.05127
0.0098267
-0.025391
-0.057709
-0.084503
-0.10745
-0.13062
-0.15512
-0.18631
-0.21024
-0.21649
-0.20651
-0.18457
-0.15353
-0.12155
-0.098755
-0.085449
-0.076508
-0.064056
-0.043457
-0.0091248
0.038574
0.089264
0.13165
0.16168
0.18161
0.19
0.19705
0.2059
0.21109
0.21518
0.20895
0.18954
0.15607
0.11172
0.066162
0.025879
-0.0059509
-0.032379
-0.054108
-0.073364
-0.090729
-0.10495
-0.10837
-0.10565
-0.10318
-0.098419
-0.10132
-0.10983
-0.1218
-0.13004
-0.13031
-0.1232
-0.10675
-0.083191
-0.052032
-0.020691
0.010834
0.044891
0.071228
0.087219
0.093994
0.090332
0.080078
0.069794
0.060669
0.057526
0.05603
0.049133
0.033844
0.012054
-0.0075989
-0.023621
-0.027649
-0.024841
-0.02005
-0.020691
-0.029907
-0.040222
-0.049072
-0.048035
-0.037354
-0.018005
0.0036926
0.018372
0.02359
0.018738
0.011322
0.0088501
0.016754
0.026031
0.032532
0.032623
0.023499
0.009491
-0.0086365
-0.018555
-0.023468
-0.025024
-0.019196
-0.018646
-0.018646
-0.015991
-0.014893
-0.0066223
0.011353
0.027557
0.031708
0.029205
0.019745
0.005249
-0.0055542
-0.0083923
-0.0046997
-6.1035e-05
0.0065918
0.012878
0.017334
0.022095
0.026489
0.032715
0.036743
0.040283
0.038818
0.026703
0.0092468
-0.0052795
-0.011597
-0.016846
-0.018982
-0.01593
-0.019989
-0.025482
-0.028229
-0.031891
-0.034851
-0.037842
-0.04129
-0.045135
-0.047791
-0.045532
-0.042572
-0.037476
-0.023315
-0.010254
0.003418
0.016327
0.028168
0.035431
0.041779
0.051025
0.057465
0.059357
0.052094
0.038055
0.015808
-0.0082703
-0.027222
-0.037323
-0.037994
-0.036194
-0.033936
-0.035583
-0.039032
-0.041077
-0.035828
-0.021637
-0.0047913
0.015106
0.033356
0.037476
0.03241
0.027191
0.020691
0.020325
0.027527
0.036224
0.038208
0.036041
0.031677
0.025299
0.020996
0.019501
0.020844
0.022522
0.020721
0.014832
0.010773
0.0052185
-0.00082397
-0.0025635
-0.0046082
-0.0080261
-0.0098572
-0.013916
-0.018402
-0.024078
-0.03183
-0.036011
-0.04007
-0.043884
-0.049103
-0.054382
-0.058624
-0.057983
-0.052124
-0.04303
-0.03421
-0.027527
-0.018463
-0.0088196
0.00094604
0.010742
0.020874
0.027435
0.028381
0.031281
0.031036
0.030731
0.032959
0.03421
0.038696
0.040497
0.041107
0.039215
0.033813
0.028351
0.024689
0.02182
0.020599
0.019806
0.015045
0.010986
0.0053101
-0.0021973
-0.0078735
-0.011017
-0.017975
-0.023865
-0.030945
-0.043213
-0.050903
-0.055634
-0.054962
-0.049408
-0.041992
-0.034698
-0.027405
-0.021637
-0.014343
-0.0046387
0.0046387
0.015503
0.029327
0.039703
0.046112
0.048218
0.046478
0.046844
0.046997
0.051941
0.053619
0.048279
0.039795
0.02652
0.014496
0.0059509
0.0018921
-0.0029297
-0.0096741
-0.015747
-0.025574
-0.036407
-0.041962
-0.045868
-0.049164
-0.04657
-0.044739
-0.042603
-0.038208
-0.035004
-0.032227
-0.029053
-0.024902
-0.02182
-0.017029
-0.015442
-0.012604
-0.006134
-0.0031738
0.0018311
0.0054016
0.0098877
0.015289
0.022949
0.032959
0.042084
0.050507
0.055969
0.05838
0.053284
0.046906
0.041229
0.035553
0.03421
0.035492
0.033844
0.024048
0.013092
-0.00085449
-0.015808
-0.025452
-0.030487
-0.031677
-0.03418
-0.038879
-0.044556
-0.052124
-0.055573
-0.054047
-0.04776
-0.039307
-0.030731
-0.020874
-0.012299
-0.0042419
0.0028381
0.012238
0.019073
0.024017
0.027771
0.028564
0.028229
0.024902
0.021667
0.019653
0.017792
0.015656
0.014709
0.014984
0.016876
0.016968
0.014954
0.011749
0.0064697
0.0011292
-0.0019226
-0.004364
-0.0079041
-0.010895
-0.013031
-0.017578
-0.022217
-0.02536
-0.028015
-0.028107
-0.025055
-0.020813
-0.017731
-0.015381
-0.014252
-0.013519
-0.010986
-0.0047302
0.0043945
0.013916
0.023438
0.027893
0.029846
0.029236
0.027069
0.023773
0.021484
0.021759
0.019135
0.015564
0.010223
0.00094604
-0.006958
-0.011536
-0.012573
-0.013031
-0.012115
-0.0098877
-0.0084229
-0.0066223
-0.0064697
-0.0046387
-0.001709
0.00067139
0.0020142
0.0028381
0.0018616
-0.0034485
-0.0081482
-0.013
-0.016205
-0.019318
-0.016602
-0.012604
-0.0099792
-0.0059814
-0.0042725
-0.00073242
0.0030212
0.0082397
0.015289
0.02002
0.02182
0.020996
0.018921
0.016296
0.014801
0.01239
0.010651
0.0092163
0.0050049
0.0023499
-0.0031433
-0.010803
-0.017944
