0.011353
0.012085
0.012482
0.012207
0.011841
0.010864
0.0089111
0.0068665
0.0049744
0.0033264
0.0011597
-0.0010376
-0.0024719
-0.004303
-0.0054626
-0.0058899
-0.0059204
-0.0059509
-0.0055542
-0.0040283
-0.0021057
-0.00027466
0.0010376
0.0027771
0.0054321
0.0064392
0.0073242
0.0083923
0.0083008
0.0072327
0.0054932
0.0047913
0.0039673
0.0019531
-0.00018311
-0.0018616
-0.0032959
-0.0049438
-0.0054932
-0.0058289
-0.005188
-0.0047607
-0.0051575
-0.0037231
-0.0033569
-0.0031738
-0.0027161
-0.0015869
0.00024414
0.0012512
0.0030212
0.0042725
0.0044556
0.0047607
0.0045471
0.0051575
0.0055542
0.0052185
0.0048218
0.004303
0.0032043
0.0017395
0.00054932
-0.00085449
-0.0014954
-0.001709
-0.0026855
-0.0034485
-0.0040283
-0.0039978
-0.004364
-0.0058289
-0.0068665
-0.0081787
-0.0094299
-0.010803
-0.011932
-0.012268
-0.012299
-0.011871
-0.010559
-0.0082092
-0.0057373
-0.0024109
0.0013428
0.003479
0.0040283
0.0019226
-0.0021667
-0.009491
-0.020203
-0.030884
-0.039215
-0.042908
-0.04184
-0.035034
-0.021851
-0.0033569
0.019043
0.042786
0.066833
0.088257
0.1062
0.11935
0.12311
0.11786
0.10431
0.083923
0.057678
0.027924
-0.0025024
-0.032623
-0.060547
-0.083496
-0.09967
-0.10925
-0.11176
-0.10617
-0.093109
-0.075775
-0.056244
-0.03421
-0.012085
0.0075073
0.023743
0.03653
0.044861
0.047455
0.045074
0.038605
0.029449
0.018219
0.0046692
-0.0092773
-0.021027
-0.029724
-0.035614
-0.038696
-0.039429
-0.036835
-0.031006
-0.024292
-0.014923
-0.0050964
0.0037842
0.012451
0.021118
0.029022
0.033844
0.036652
0.03949
0.041656
0.041168
0.038055
0.034027
0.028046
0.021301
0.014893
0.007019
-0.0007019
-0.0078125
-0.013214
-0.017792
-0.020844
-0.021393
-0.01944
-0.015961
-0.012573
-0.0079651
-0.0022888
0.0020752
0.006073
0.0089111
0.0095215
0.0081482
0.0054932
0.0033875
0.00045776
-0.0033264
-0.0071411
-0.010651
-0.014069
-0.01651
-0.017731
-0.018341
-0.017883
-0.016754
-0.014313
-0.012543
-0.013489
-0.017059
-0.023224
-0.029907
-0.039337
-0.053406
-0.066711
-0.075012
-0.074127
-0.062561
-0.042664
-0.015808
0.018799
0.058502
0.099304
0.13693
0.16577
0.18469
0.19495
0.19287
0.17587
0.1445
0.10367
0.059631
0.014282
-0.031158
-0.07489
-0.11227
-0.13983
-0.1564
-0.16202
-0.15784
-0.14407
-0.12158
-0.091736
-0.056946
-0.0242
0.0041504
0.028564
0.048065
0.061432
0.065857
0.061005
0.049683
0.034271
0.015289
-0.0050659
-0.024353
-0.042175
-0.054871
-0.060455
-0.060181
-0.055298
-0.045746
-0.032227
-0.017242
-0.00079346
0.014893
0.028381
0.040192
0.048248
0.052673
0.052643
0.048462
0.042236
0.034943
0.026825
0.018188
0.010406
0.0035095
-0.0016479
-0.0043335
-0.0054321
-0.0036011
0.00030518
0.0045166
0.010834
0.018158
0.024475
0.0289
0.030975
0.030518
0.026947
0.020752
0.01236
0.0018311
-0.01062
-0.021729
-0.029816
-0.035431
-0.037231
-0.03656
-0.033936
-0.029877
-0.026062
-0.023041
-0.019958
-0.016937
-0.015411
-0.017761
-0.025848
-0.040344
-0.059479
-0.081146
-0.10739
-0.13052
-0.14001
-0.13428
-0.11267
-0.073608
-0.022156
0.037506
0.10492
0.17252
0.23041
0.27304
0.29724
0.30298
0.28854
0.24969
0.19168
0.12265
0.048218
-0.023529
-0.091461
-0.15131
-0.19662
-0.22357
-0.22919
-0.21808
-0.19379
-0.15677
-0.1084
-0.053558
-0.00094604
0.043335
0.075958
0.098206
0.10883
0.10599
0.088837
0.058472
0.022888
-0.013489
-0.049835
-0.08252
-0.10736
-0.12198
-0.12451
-0.11545
-0.098114
-0.072815
-0.042297
-0.009552
0.02298
0.049225
0.068085
0.080933
0.08548
0.082092
0.072205
0.058197
0.043274
0.028259
0.01474
0.0054321
0.0027466
0.0059204
0.012207
0.019501
0.027039
0.034363
0.040527
0.043823
0.042175
0.036926
0.030914
0.020844
0.0059814
-0.0086365
-0.020538
-0.030945
-0.037811
-0.04126
-0.044434
-0.042511
-0.037079
-0.036621
-0.037476
-0.032074
-0.026703
-0.026978
-0.032532
-0.050568
-0.075256
-0.10162
-0.1467
-0.19754
-0.21771
-0.20303
-0.15704
-0.089111
-0.02005
0.06488
0.17374
0.27457
0.35043
0.39523
0.4082
0.40195
0.36234
0.27713
0.16711
0.055573
-0.041321
-0.12341
-0.20309
-0.26837
-0.297
-0.28625
-0.24747
-0.19937
-0.147
-0.077484
0.0029602
0.071686
0.11539
0.13293
0.13745
0.13138
0.10168
0.049774
-0.010651
-0.066254
-0.10831
-0.14273
-0.17297
-0.18671
-0.17599
-0.14288
-0.096436
-0.049347
0.0018005
0.058472
0.10571
0.13663
0.14517
0.13498
0.11548
0.081451
0.032318
-0.022278
-0.074219
-0.11249
-0.12402
-0.1095
-0.068054
-0.0041199
0.063049
0.12958
0.18549
0.21771
0.22763
0.2085
0.16165
0.10156
0.038574
-0.021729
-0.072937
-0.1134
-0.13489
-0.13309
-0.1236
-0.112
-0.096436
-0.074371
-0.046082
-0.029755
-0.020386
-0.012604
-0.032684
-0.083771
-0.15213
-0.21448
-0.25372
-0.31607
-0.38138
-0.35059
-0.2446
-0.1214
0.029633
0.18396
0.35205
0.53928
0.64703
0.66516
0.65244
0.59109
0.47894
0.30798
0.080994
-0.11459
-0.25143
-0.3674
-0.44409
-0.46518
-0.4165
-0.29355
-0.16318
-0.046204
0.076935
0.18124
0.25128
0.26706
0.21753
0.14557
0.064758
-0.042328
-0.15869
-0.25989
-0.3165
-0.3154
-0.29581
-0.26364
-0.18826
-0.084991
0.017578
0.103
0.16281
0.20728
0.2258
0.19937
0.1424
0.073975
-0.0044556
-0.090637
-0.16696
-0.20941
-0.20853
-0.17755
-0.13766
-0.089569
-0.010406
0.10059
0.20474
0.27423
0.31348
0.32443
0.30817
0.26221
0.18777
0.10809
0.02536
-0.060089
-0.1174
-0.13864
-0.13211
-0.10571
-0.078308
-0.052216
-0.019592
0.0058289
0.0081787
-0.007782
-0.018982
-0.051758
-0.14658
-0.28223
-0.39069
-0.42184
-0.4599
-0.6142
-0.62637
-0.40002
-0.19281
0.012604
0.29175
0.51273
0.73322
0.88385
0.85675
0.80215
0.69647
0.45651
0.20404
-0.091949
-0.36246
-0.45325
-0.49115
-0.50388
-0.37509
-0.17596
0.026459
0.20026
0.31995
0.42386
0.44077
0.31592
0.15967
0.012817
-0.15637
-0.33167
-0.46753
-0.5
-0.45816
-0.39536
-0.27502
-0.1048
0.064392
0.19473
0.24838
0.25745
0.23709
0.15277
0.037079
-0.085327
-0.18787
-0.23892
-0.27698
-0.28979
-0.23706
-0.1571
-0.069855
0.010132
0.08139
0.18097
0.24173
0.22995
0.21857
0.20935
0.18579
0.14874
0.097717
0.078644
0.079529
0.063812
0.060974
0.068176
0.072571
0.073456
0.057068
0.052734
0.054169
0.02652
-0.0012512
-0.014069
-0.03244
-0.0495
-0.1004
-0.19092
-0.23785
-0.30923
-0.45462
-0.47351
-0.51862
-0.74152
-0.61987
-0.3139
-0.20917
0.10086
0.47906
0.60495
0.82431
0.92032
0.79068
0.73608
0.51099
0.15979
-0.069214
-0.34732
-0.50201
-0.46188
-0.4006
-0.21936
-0.0016174
0.17853
0.37448
0.45294
0.45255
0.38632
0.16141
-0.064514
-0.25455
-0.4335
-0.50626
-0.52051
-0.44061
-0.258
-0.10275
0.079773
0.28076
0.37137
0.35864
0.2645
0.11392
-0.061707
-0.23465
-0.34128
-0.39151
-0.3862
-0.29126
-0.16791
-0.021606
0.13477
0.20703
0.22116
0.16293
0.034424
-0.020081
-0.050323
-0.079834
-0.017456
0.043335
0.096802
0.19385
0.23734
0.24667
0.23724
0.15167
0.078094
0.04007
-0.014648
-0.031555
-0.0022278
0.01532
0.038635
0.058228
0.034943
0.024475
-0.051788
-0.22809
-0.39764
-0.52219
-0.61475
-0.82397
-0.81174
-0.4624
-0.26019
0.025421
0.5033
0.70734
0.85727
0.98032
0.81567
0.6496
0.42715
-0.0074158
-0.27856
-0.45276
-0.54633
-0.46494
-0.23212
0.077698
0.31726
0.48068
0.556
0.49319
0.36087
0.11636
-0.1994
-0.43784
-0.63046
-0.70645
-0.58203
-0.3793
-0.13449
0.1528
0.354
0.45496
0.49014
0.4101
0.20773
-0.019135
-0.25192
-0.46323
-0.54059
-0.50537
-0.38303
-0.15292
0.062012
0.21811
0.34927
0.38348
0.31543
0.13971
-0.11343
-0.26489
-0.29895
-0.26999
-0.12253
0.048248
0.17029
0.29181
0.35837
0.33389
0.26779
0.14563
-0.0048523
-0.083801
-0.11151
-0.12756
-0.087189
-0.013794
0.04483
0.11328
0.12231
0.0022888
-0.11429
-0.34735
-0.57901
-0.6044
-0.84589
-0.85144
-0.38925
-0.17651
0.11417
0.63849
0.81558
0.90588
0.97726
0.75433
0.46735
0.18677
-0.1835
-0.45096
-0.51291
-0.40906
-0.29663
0.0053711
0.3703
0.52124
0.62274
0.58493
0.3287
0.062134
-0.25305
-0.57642
-0.70801
-0.68579
-0.57458
-0.3009
0.027802
0.27151
0.43988
0.49609
0.3945
0.22253
0.0032349
-0.27298
-0.45575
-0.53375
-0.5545
-0.4129
-0.17441
0.05365
0.26898
0.41354
0.42737
0.3717
0.24921
-0.02182
-0.2551
-0.30441
-0.28088
-0.15707
0.052307
0.19086
0.30801
0.39633
0.34808
0.27194
0.16052
-0.018127
-0.12158
-0.13824
-0.12521
-0.094299
-0.059113
0.0048523
0.047699
0.030182
-0.08136
-0.30035
-0.47409
-0.53912
-0.99609
-1
-0.58575
-0.36456
-0.068268
0.59921
0.8764
0.9794
0.99997
0.95926
0.63278
0.37564
-0.17001
-0.59949
-0.5957
-0.42242
-0.27371
0.096069
0.50284
0.64713
0.74695
0.71158
0.42764
0.14148
-0.25845
-0.74243
-0.94101
-0.84167
-0.67725
-0.32898
0.090454
0.34949
0.53732
0.60434
0.47122
0.28506
0.036835
-0.34015
-0.61215
-0.66693
-0.62708
-0.44058
-0.16776
0.050049
0.21994
0.34879
0.36108
0.2775
0.17538
-0.016388
-0.29391
-0.4108
-0.26291
-0.077362
0.10193
0.28293
0.38651
0.45013
0.45758
0.36111
0.23566
0.10822
-0.04306
-0.12216
-0.088257
-0.063629
-0.043213
0.022949
0.036743
-0.014587
-0.23007
-0.53506
-0.59805
-1
-1
-0.70087
-0.49097
-0.15732
0.50549
0.81885
0.98599
0.99997
0.96301
0.59338
0.30692
-0.27188
-0.65497
-0.6666
-0.47971
-0.19717
0.21609
0.57034
0.72815
0.84741
0.74194
0.41803
0.098175
-0.32538
-0.77435
-0.90042
-0.74878
-0.54709
-0.18985
0.17075
0.35919
0.55716
0.59244
0.41525
0.21161
-0.079132
-0.44873
-0.62173
-0.59561
-0.53458
-0.32166
-0.077118
0.063629
0.22177
0.31686
0.28967
0.13681
-0.096588
-0.26312
-0.28168
-0.2077
-0.086395
0.095367
0.24484
0.34424
0.40958
0.39761
0.32455
0.21017
0.094513
0.016754
0.002594
-0.0043945
-0.0020142
0.0081482
0.021179
-0.0057373
-0.21439
-0.44153
-0.42261
-0.99097
-1
-0.6842
-0.53299
-0.31348
0.40054
0.74881
0.86923
0.99997
0.96075
0.55035
0.38831
-0.22061
-0.68976
-0.63492
-0.46518
-0.30164
0.097015
0.55075
0.67883
0.87726
0.81564
0.43112
0.16058
-0.23328
-0.6662
-0.80591
-0.70383
-0.59357
-0.26328
0.14499
0.3175
0.52344
0.60413
0.3884
0.1434
-0.052856
-0.38474
-0.54712
-0.47659
-0.47662
-0.31531
-0.079712
0.030884
0.18619
0.31302
0.23578
0.020233
-0.15747
-0.26709
-0.23618
-0.1214
-0.040253
0.091278
0.27267
0.37906
0.40125
0.38959
0.27316
0.14627
0.061096
0.027863
0.0086975
-0.001709
0.017975
-0.056183
-0.13736
-0.40414
-0.40781
-0.70483
-1
-0.78027
-0.47549
-0.42233
0.089386
0.67288
0.80594
0.99997
0.99997
0.62067
0.46017
-0.047638
-0.61115
-0.65225
-0.55765
-0.50357
-0.19006
0.34912
0.5466
0.89792
0.97977
0.61639
0.35843
-0.068542
-0.56958
-0.75339
-0.76279
-0.79733
-0.4968
-0.026733
0.18954
0.53616
0.71198
0.56537
0.41702
0.14789
-0.24673
-0.48141
-0.5564
-0.63519
-0.47244
-0.20328
-0.070557
0.15265
0.27695
0.25287
0.2355
0.17664
0.061523
-0.10123
-0.14832
-0.13519
-0.056427
0.055328
0.10748
0.19986
0.24432
0.26645
0.27811
0.26001
0.1572
0.022278
-0.067383
-0.37241
-0.51263
-0.6778
-1
-0.90869
-0.5607
-0.51169
-0.10184
0.54816
0.75607
0.99997
0.99997
0.86441
0.66962
0.28387
-0.36868
-0.5762
-0.65677
-0.69016
-0.46863
0.024048
0.27814
0.6546
0.90295
0.69501
0.56537
0.33115
-0.22021
-0.5741
-0.64545
-0.90189
-0.82935
-0.44525
-0.19913
0.18448
0.55948
0.61014
0.63654
0.59009
0.2251
-0.098694
-0.34573
-0.6376
-0.70306
-0.59805
-0.44101
-0.16089
0.1618
0.27594
0.43106
0.55087
0.43741
0.26624
0.12125
-0.0010071
-0.091888
-0.06781
-0.11057
-0.081116
0.10394
0.21594
0.30112
0.35107
0.2869
-0.049622
-0.31131
-0.45422
-1
-1
-0.88638
-0.91821
-0.76575
0.01651
0.56064
0.87485
0.99997
0.99997
0.95273
0.84702
0.16837
-0.39688
-0.59192
-0.79144
-0.83038
-0.38266
0.008728
0.32806
0.86255
0.94638
0.85367
0.78931
0.41129
-0.12152
-0.50153
-0.79654
-0.89648
-0.72672
-0.61505
-0.38437
0.093445
0.38882
0.53265
0.60989
0.5051
0.25082
-0.0022888
-0.25143
-0.55133
-0.70963
-0.67667
-0.547
-0.30585
-0.074036
0.18481
0.40262
0.51459
0.55591
0.50827
0.38531
0.19757
0.087616
0.0043335
-0.050934
-0.076935
-0.031738
0.035858
0.14752
0.20847
-0.0049744
-0.17957
-0.34015
-0.8884
-0.89871
-0.66776
-0.91043
-0.71725
-0.055817
0.29263
0.66068
0.99997
0.99353
0.99957
0.92722
0.32553
-0.14005
-0.44614
-0.80511
-0.91257
-0.65277
-0.46585
-0.13153
0.39209
0.65915
0.89243
0.99997
0.73929
0.3638
0.093475
-0.34061
-0.62979
-0.67023
-0.80383
-0.65637
-0.18631
0.12485
0.3284
0.58972
0.61264
0.51843
0.40512
0.039978
-0.33917
-0.52609
-0.69836
-0.78168
-0.63528
-0.44543
-0.2193
0.099792
0.30276
0.45776
0.56366
0.51666
0.40305
0.35071
0.20599
0.038635
-0.0071716
-0.040527
-0.013367
-0.019287
-0.21973
-0.26559
-0.28729
-0.75949
-0.62915
-0.44846
-0.70929
-0.55627
0.052979
0.25443
0.55325
0.87512
0.80905
0.9025
0.8584
0.37308
0.10919
-0.12137
-0.50232
-0.72934
-0.57205
-0.65131
-0.47488
-0.055023
0.15616
0.4295
0.67722
0.58917
0.48166
0.50189
0.14404
-0.25891
-0.37238
-0.53796
-0.60229
-0.48343
-0.33014
-0.13824
0.18433
0.35855
0.40485
0.49902
0.39883
0.20694
0.065247
-0.17047
-0.3472
-0.34909
-0.35373
-0.30267
-0.12924
-0.033569
0.091125
0.26682
0.32474
0.28598
0.27582
0.25595
0.18518
0.14172
-0.046478
-0.29999
-0.31952
-0.53146
-1
-0.70551
-0.66397
-0.9126
-0.53497
0.069397
0.16937
0.62354
0.96027
0.99997
0.99997
0.99997
0.64987
0.46048
0.10162
-0.40298
-0.60889
-0.63428
-0.86703
-0.7254
-0.41034
-0.17776
0.14453
0.39734
0.4566
0.62637
0.65601
0.33298
0.15811
-0.020935
-0.32748
-0.48538
-0.547
-0.57147
-0.47586
-0.26477
-0.084229
0.1348
0.31223
0.35028
0.37662
0.36139
0.23352
0.10495
0.023926
-0.082245
-0.14502
-0.13287
-0.10391
-0.031982
0.039551
0.072021
0.13361
0.19769
0.2189
0.099426
-0.055084
-0.054993
-0.45288
-0.78674
-0.48172
-0.69083
-0.95886
-0.58133
-0.22784
-0.19388
0.28571
0.54282
0.75888
0.99997
0.99997
0.88989
0.85828
0.48868
0.074707
-0.089722
-0.40186
-0.74435
-0.75055
-0.66827
-0.51578
-0.33411
-0.15427
0.10541
0.37698
0.45181
0.47055
0.45743
0.3486
0.22476
0.063049
-0.12204
-0.2753
-0.3772
-0.37204
-0.39105
-0.39413
-0.24796
-0.14209
-0.083923
0.075684
0.17374
0.21432
0.31281
0.34998
0.32571
0.33356
0.27036
0.19821
0.14774
0.030396
-0.047058
-0.012329
-0.14435
-0.28329
-0.22391
-0.59381
-0.66492
-0.358
-0.72873
-0.8963
-0.35541
-0.25076
-0.22778
0.30463
0.46396
0.66534
0.98367
0.86304
0.86838
0.81839
0.43909
0.26639
0.18845
-0.31927
-0.54688
-0.42017
-0.5929
-0.60693
-0.42023
-0.2984
-0.072113
0.15857
0.16449
0.29376
0.42368
0.31491
0.28757
0.23917
0.017548
-0.069366
-0.099121
-0.22125
-0.34271
-0.34052
-0.28189
-0.2554
-0.2359
-0.1683
-0.035309
0.061676
0.12692
0.20425
0.24536
0.28741
0.29526
0.3157
0.30917
0.19101
0.18561
0.20715
-0.023224
-0.1011
-0.32642
-0.65411
-0.45126
-0.7182
-1
-0.66165
-0.44476
-0.54083
0.047028
0.28513
0.42078
0.90237
0.97897
0.95056
0.99997
0.75348
0.59415
0.46179
-0.035645
-0.36163
-0.33582
-0.64069
-0.84088
-0.69037
-0.6181
-0.52414
-0.24695
-0.087067
0.108
0.33432
0.38715
0.47052
0.55249
0.39285
0.34299
0.31894
0.10168
-0.051025
-0.11896
-0.26239
-0.37479
-0.43887
-0.43896
-0.39542
-0.34543
-0.22522
-0.058716
0.055389
0.16403
0.31232
0.40402
0.40118
0.37683
0.39365
0.27798
0.11618
-0.1149
-0.39825
-0.28534
-0.57126
-0.8718
-0.71356
-0.56039
-0.70291
-0.29401
-0.099213
0.032318
0.46878
0.6832
0.76425
0.94379
0.90521
0.94067
0.83853
0.47659
0.30072
0.21021
-0.23773
-0.46777
-0.54468
-0.72583
-0.82471
-0.73633
-0.64319
-0.49792
-0.30649
-0.080078
0.11581
0.28052
0.42603
0.52859
0.51175
0.49033
0.43744
0.31879
0.15417
0.0092163
-0.10275
-0.21191
-0.36029
-0.39984
-0.33417
-0.32181
-0.2326
-0.080048
0.0019531
0.10535
0.22861
0.24847
0.041321
0.026581
0.14899
-0.20502
-0.40277
-0.2897
-0.36737
-0.50745
-0.3013
-0.33508
-0.20346
0.074402
0.14175
0.26505
0.42252
0.5162
0.65625
0.57306
0.47803
0.58075
0.46756
0.1825
0.15881
0.036133
-0.17953
-0.31271
-0.39047
-0.45547
-0.48715
-0.49756
-0.41888
-0.32971
-0.22382
-0.067413
0.070221
0.15372
0.31073
0.39746
0.34622
0.36517
0.37631
0.27368
0.14325
0.06427
-0.0018921
-0.069397
-0.14362
-0.16721
-0.18054
-0.18082
-0.13617
-0.13766
-0.26349
-0.26105
-0.086456
-0.30383
-0.42899
-0.30887
-0.28802
-0.36948
-0.21902
-0.21854
-0.069153
0.14517
0.21338
0.30511
0.46509
0.53174
0.62204
0.517
0.4711
0.53479
0.36649
0.14078
0.11838
-0.0077515
-0.16281
-0.26526
-0.34442
-0.35278
-0.35715
-0.41122
-0.32751
-0.26663
-0.20505
-0.087952
-0.047821
0.017487
0.18488
0.22168
0.20029
0.26105
0.27893
0.228
0.17572
0.10098
0.062561
0.037201
-0.02771
-0.066803
-0.040405
-0.024628
-0.047546
-0.037872
-0.009613
-0.0047302
-0.19281
-0.18365
-0.1109
-0.27914
-0.38681
-0.31293
-0.36325
-0.31253
-0.25046
-0.29047
-0.12085
0.077393
0.0513
0.18585
0.29968
0.4119
0.49124
0.44696
0.43442
0.52911
0.38394
0.27054
0.24759
0.13464
0.015961
-0.073212
-0.18222
-0.22012
-0.27274
-0.30917
-0.33325
-0.33899
-0.27246
-0.22531
-0.2446
-0.1452
-0.025208
0.0019226
0.061096
0.13403
0.18808
0.22113
0.19672
0.1882
0.19876
0.15094
0.11389
0.072083
0.038086
0.029388
-0.029938
-0.069641
-0.063965
-0.087769
-0.061707
-0.14096
-0.21094
-0.083649
-0.11304
-0.23758
-0.19083
-0.16171
-0.18182
-0.11731
-0.16376
-0.14233
-0.011932
-0.00085449
0.018127
0.085968
0.13727
0.20282
0.23267
0.23352
0.28641
0.2981
0.26395
0.24918
0.20508
0.1554
0.11288
0.043365
0.0091858
-0.03595
-0.090881
-0.11859
-0.15756
-0.18277
-0.16971
-0.1778
-0.18488
-0.1535
-0.12418
-0.095703
-0.071594
-0.055847
-0.030914
0.00021362
0.014587
0.02179
0.047821
0.067902
0.070038
0.073334
0.074188
0.069885
0.070709
0.050659
0.020325
0.015625
0.0027161
-0.021606
-0.029877
-0.036438
-0.044891
-0.045319
-0.040771
-0.027924
-0.021515
-0.023712
-0.020691
-0.031158
-0.038361
-0.048309
-0.067444
-0.078033
-0.076691
-0.075897
-0.067261
-0.045807
-0.010162
0.026306
0.070496
0.11392
0.15128
0.18439
0.19467
0.19211
0.18811
0.16922
0.13077
0.086823
0.041504
-0.0050049
-0.033661
-0.066467
-0.099701
-0.11075
-0.12143
-0.12314
-0.11969
-0.10867
-0.081543
-0.059204
-0.041595
-0.01947
-0.006897
0.0085144
0.021698
0.026733
0.024872
0.01886
0.018768
0.013062
-0.0072327
-0.017273
-0.031616
-0.045349
-0.051086
-0.054016
-0.049438
-0.045532
-0.032654
-0.014496
-0.0071106
0.0047913
0.020782
0.021057
0.025818
0.026581
0.015656
0.018036
0.017761
0.0018311
0.00054932
0.0058289
0.0030823
-0.00012207
0.0075989
0.011688
0.031036
0.046783
0.048981
0.059235
0.072021
0.072418
0.07608
0.083801
0.069733
0.061218
0.04834
0.02243
0.0033875
-0.013
-0.040863
-0.058533
-0.071411
-0.078522
-0.078552
-0.078186
-0.067413
-0.047607
-0.033813
-0.015411
0.00079346
0.012573
0.023926
0.024445
0.018158
0.016693
0.0069885
-0.0091858
-0.01297
-0.026062
-0.040283
-0.040253
-0.051605
-0.055359
-0.04422
-0.042389
-0.041199
-0.028381
-0.025574
-0.012512
0.0082397
0.010681
0.020569
0.041077
0.042145
0.046295
0.055359
0.047058
0.042175
0.042175
0.031738
0.024597
0.022888
0.02301
0.025177
0.030304
0.030029
0.029114
0.026123
0.022491
0.016479
0.010559
0.0032959
-0.0048218
-0.0096436
-0.013916
-0.01593
-0.018066
-0.025574
-0.030609
-0.03244
-0.035828
-0.040436
-0.04007
-0.032288
-0.029785
-0.028717
-0.01236
-0.0059509
-0.0038147
0.002655
0.0097351
0.010986
0.014648
0.014191
0.0072632
-0.00045776
0.0030212
-0.0053711
-0.016602
-0.017151
-0.015259
-0.015076
-0.016388
-0.012817
-0.0040588
-0.0018005
0.0044861
0.012177
0.013367
0.020264
0.030365
0.031219
0.035645
0.034821
0.030579
0.027618
0.0224
0.01535
0.010132
0.002594
0.00076294
-0.0010071
-0.0057373
-0.0056763
-0.0065918
-0.0084229
-0.0081482
-0.0073853
-0.011353
-0.012512
-0.01236
-0.011322
-0.011719
-0.013153
-0.013947
-0.013947
-0.012543
-0.013977
-0.013428
-0.010956
-0.011475
-0.0069275
-0.007019
-0.0073547
-0.0018311
0.002655
0.0016785
0.00039673
0.0066223
0.010284
0.0058289
0.0078735
0.012787
0.0095215
0.0078735
0.0069275
0.00067139
