-0.0046387
0.014862
-0.034607
-0.0016479
0.0079041
-0.011017
-0.026642
0.032684
-0.0027466
-0.008667
0.019806
-0.0013123
0.0095825
0.0023804
-0.0045471
-0.010986
0.0026245
-0.020294
-0.014832
-0.0067444
-0.010864
-0.013275
-0.0055847
-0.0080566
0.00021362
-0.0012817
-0.0033875
0.0064697
0.0072937
0.0076904
0.0091248
0.013397
0.0094604
0.014587
0.0089722
0.012299
0.0099487
0.0073547
0.0014343
0.0052185
0.00091553
-0.005127
-0.00018311
-0.0056763
-0.0068054
-0.0012207
-0.00091553
-0.0045776
0.0036316
0.00048828
-0.0020142
0.0021667
0.00091553
0.0010376
0.0019836
-0.00082397
-0.00030518
0.0036926
0.0031128
0.00097656
0.00091553
0.003479
-0.00015259
-0.00021362
0.0010986
0.00027466
-0.00061035
-0.0022583
-0.00073242
-0.0058289
-0.0040283
-0.0076599
-0.013733
-0.010468
-0.0095825
-0.02066
-0.014923
-0.0096741
-0.019714
-0.016205
-0.012268
-0.013153
-0.014008
-0.0063477
-0.0112
-0.0078125
-0.0050659
-0.0076294
-0.0075073
-0.00097656
-0.00039673
-0.00097656
0.0081482
0.006134
0.017029
0.019257
0.026367
0.030273
0.036652
0.041321
0.045715
0.05127
0.048798
0.052155
0.045197
0.044037
0.034485
0.025726
0.017334
0.0065918
-0.010406
-0.019348
-0.027771
-0.041321
-0.04776
-0.049408
-0.051331
-0.053925
-0.050476
-0.045654
-0.039673
-0.033539
-0.024994
-0.016937
-0.0085754
-0.006012
0.0022888
0.0065308
0.0096436
0.012665
0.013214
0.017212
0.01593
0.015106
0.012848
0.011444
0.0092163
0.0073242
0.0072327
0.0030518
0.0012817
0.00039673
-0.0024719
-0.0064392
-0.0050659
-0.0075073
-0.013458
-0.01059
-0.013794
-0.017303
-0.017609
-0.019318
-0.018799
-0.017487
-0.018066
-0.010162
-0.0080566
-0.0035706
0.0036011
0.012207
0.016876
0.025879
0.033295
0.037048
0.043762
0.046204
0.044617
0.045837
0.042664
0.034149
0.030792
0.020844
0.011414
0.0018616
-0.0047607
-0.015656
-0.020172
-0.02594
-0.029938
-0.029022
-0.027649
-0.026215
-0.022552
-0.017761
-0.015228
-0.0081177
-0.0047302
-0.0005188
0.0029297
0.0033569
0.0057373
0.0049438
0.0037842
0.0027771
3.0518e-05
-0.0016785
-0.0058594
-0.0065613
-0.0068359
-0.0077515
-0.0059814
-0.0042114
-0.0031433
0.0021362
0.0030212
0.0065918
0.0084229
0.0089111
0.010193
0.0085449
0.01001
0.0030823
0.00039673
-0.005249
-0.014069
-0.026794
-0.031799
-0.047699
-0.052948
-0.071136
-0.092712
-0.068848
-0.10413
-0.071442
-0.065399
-0.065918
-0.030029
-0.01413
0.024384
0.043884
0.095551
0.09668
0.14664
0.16306
0.18207
0.19153
0.19528
0.18051
0.16324
0.14386
0.1001
0.069397
0.019836
-0.019104
-0.068817
-0.094543
-0.13528
-0.15305
-0.17606
-0.1763
-0.17752
-0.16336
-0.14963
-0.1246
-0.10098
-0.073761
-0.043213
-0.015869
0.013458
0.032318
0.054749
0.066437
0.080811
0.079346
0.079773
0.074738
0.064545
0.052124
0.041687
0.02298
0.0075989
-0.0049744
-0.017578
-0.027222
-0.034363
-0.038391
-0.039246
-0.035889
-0.032196
-0.023773
-0.016022
-0.0072327
0.0023193
0.010651
0.019958
0.026154
0.029236
0.032715
0.031097
0.032318
0.02771
0.022095
0.019043
0.0086975
0.0064392
0.0021057
-0.0053406
-0.0054932
-0.0082703
-0.011658
-0.010773
-0.0077209
-0.0091858
-0.0032349
-0.0021973
-0.00045776
0.0061951
0.0084229
0.0072632
0.010803
0.011963
0.011047
0.01355
0.012115
0.0099487
0.011444
0.0081482
0.006134
0.011536
0.00015259
0.0032654
-0.00067139
-0.0040283
-0.0062256
-0.0090332
-0.013306
-0.017914
-0.014313
-0.030823
-0.036774
-0.030975
-0.056305
-0.053497
-0.053375
-0.1087
-0.093414
-0.091248
-0.14182
-0.065826
-0.11221
-0.090027
-0.051514
-0.038757
0.0077515
0.04425
0.10522
0.099884
0.20166
0.19678
0.25104
0.25903
0.27454
0.25122
0.24484
0.21286
0.16376
0.11612
0.046387
-0.007843
-0.081665
-0.12195
-0.18295
-0.21021
-0.25168
-0.24719
-0.26596
-0.23898
-0.22397
-0.18848
-0.1601
-0.11066
-0.070892
-0.026855
0.016449
0.048859
0.080902
0.10077
0.12543
0.12625
0.13553
0.12558
0.11911
0.098053
0.08313
0.057129
0.027863
0.004303
-0.027893
-0.04541
-0.067841
-0.079071
-0.085327
-0.095001
-0.083527
-0.077087
-0.059479
-0.041229
-0.012238
0.0056458
0.031982
0.060852
0.075165
0.092987
0.10687
0.10629
0.10654
0.10394
0.088654
0.074982
0.055542
0.037323
0.010162
-0.0021362
-0.028931
-0.047211
-0.059509
-0.07077
-0.075378
-0.083557
-0.075623
-0.07132
-0.069733
-0.043854
-0.05127
-0.055939
-0.04422
-0.048187
-0.040009
-0.073517
-0.091705
-0.061401
-0.13037
-0.050323
-0.078705
-0.10828
-0.038422
-0.072144
-0.0007019
0.010773
0.10452
0.050415
0.14191
0.22803
0.2363
0.26807
0.29218
0.30405
0.26581
0.27301
0.21118
0.17148
0.09848
0.034363
-0.06662
-0.088013
-0.17313
-0.21793
-0.25391
-0.26459
-0.28293
-0.26404
-0.23581
-0.21484
-0.16568
-0.13519
-0.076233
-0.021576
0.030182
0.04718
0.091003
0.11334
0.1239
0.12128
0.12039
0.08548
0.06601
0.041077
0.0013123
-0.029816
-0.056396
-0.075287
-0.088043
-0.074249
-0.06958
-0.058075
-0.018402
0.013672
0.036865
0.072357
0.099609
0.10693
0.12112
0.12088
0.092682
0.083832
0.083282
0.050385
0.037079
0.038696
0.0080566
-0.014526
-0.0083618
-0.016144
-0.047333
-0.011627
-0.01825
-0.043823
-0.02301
-0.074493
-0.10498
-0.12936
-0.17853
-0.21603
-0.20441
-0.36414
-0.55756
-0.25443
-0.22797
-0.22342
0.0039062
0.079895
0.20767
0.39087
0.62781
0.4447
0.56354
0.5791
0.45477
0.37451
0.26489
-0.017883
-0.1799
-0.046844
-0.23444
-0.37024
-0.26907
-0.22937
-0.22266
-0.022186
-0.0010376
-0.044434
0.078552
0.19879
0.083832
0.090546
0.049591
-0.09549
-0.12354
-0.07663
-0.20773
-0.29422
-0.18427
-0.16681
-0.14252
-0.04837
-0.011414
-0.019287
0.12393
0.1554
0.069061
0.060577
0.050659
-0.0061035
-0.013519
-0.023895
-0.10922
-0.10168
-0.02536
-0.0088806
0.015533
0.069458
0.09317
0.13376
0.19748
0.16519
0.1109
0.12827
0.11395
0.07608
0.084717
0.047485
0.016602
0.069641
0.054413
-0.023743
0.021332
0.012238
-0.10019
-0.069672
-0.067657
-0.22052
-0.21463
-0.25632
-0.37766
-0.27979
-0.68481
-0.70947
-0.20309
-0.28143
-0.12988
0.063293
0.29535
0.3306
0.65747
0.72006
0.43433
0.60892
0.48172
0.3493
0.14993
0.023132
-0.3118
-0.17371
-0.028015
-0.23438
-0.19876
-0.00088501
0.11276
0.13309
0.25983
0.1149
0.062317
0.14304
0.074646
-0.12927
-0.20169
-0.2572
-0.31723
-0.24167
-0.20676
-0.26331
-0.18054
0.009613
0.060272
0.051605
0.088196
0.072418
0.036224
0.037628
-0.051208
-0.15005
-0.17502
-0.12549
-0.11386
-0.082397
-0.022461
0.027618
0.13007
0.19714
0.16605
0.12704
0.15051
0.14606
0.097931
0.044708
0.021973
0.044891
0.10172
0.13205
0.10083
0.051819
0.079926
0.10806
0.023285
-0.02771
-0.044006
-0.13013
-0.16983
-0.25735
-0.33469
-0.38794
-0.43079
-0.7916
-0.70038
-0.15286
-0.28918
-0.049469
0.16364
0.38092
0.47742
0.75327
0.73111
0.44513
0.59439
0.3992
0.26715
-0.0084534
-0.15668
-0.32626
-0.12405
-0.067505
-0.13666
-0.096313
0.091858
0.29303
0.24356
0.20752
0.051361
0.050018
-0.019073
-0.089417
-0.29163
-0.40234
-0.36783
-0.28372
-0.22403
-0.19391
-0.12741
-0.024994
0.1452
0.20853
0.10828
0.033722
0.054413
-0.0027161
-0.090179
-0.19327
-0.24509
-0.2005
-0.060364
-0.0062866
0.025635
0.15125
0.2626
0.3205
0.3024
0.21472
0.14011
0.12698
0.07019
-0.032166
-0.04184
-0.0083618
0.048248
0.10635
0.070831
0.060577
0.016052
-0.0035095
-0.015198
-0.13406
-0.22278
-0.25253
-0.44131
-0.49982
-0.47882
-0.94919
-0.88083
-0.26215
-0.23145
-0.068146
0.26318
0.46899
0.60172
0.8797
0.85303
0.53894
0.60953
0.43314
0.24884
-0.0018616
-0.19214
-0.35678
-0.22101
0.028656
-0.093048
-0.02774
0.21597
0.3804
0.3891
0.29422
0.10138
-0.050385
-0.080566
-0.23175
-0.43167
-0.51724
-0.50394
-0.354
-0.2204
-0.14368
-0.067657
0.1142
0.26599
0.29016
0.17859
0.039978
-0.056122
-0.11484
-0.23712
-0.38245
-0.3949
-0.30505
-0.16058
0.020599
0.15167
0.21872
0.37524
0.45471
0.38181
0.2684
0.18082
0.090637
0.078522
0.080536
0.026184
0.057159
0.099152
0.12271
0.10458
0.010712
-0.057037
-0.040436
-0.086029
-0.2178
-0.43658
-0.56287
-0.67963
-1
-0.82767
-0.35699
-0.48621
-0.023956
0.22934
0.55878
0.63412
0.9288
0.75116
0.58182
0.65805
0.27771
0.207
-0.10544
-0.27417
-0.44788
-0.061523
-0.08725
-0.12064
0.25504
0.42902
0.52768
0.47675
0.39661
0.066589
0.071259
-0.081207
-0.37042
-0.51816
-0.56952
-0.55301
-0.40033
-0.18799
-0.15668
0.029266
0.28409
0.34235
0.2775
0.19601
0.030884
-0.14578
-0.22607
-0.37509
-0.53125
-0.44232
-0.33008
-0.17911
0.055359
0.19305
0.29572
0.43622
0.46249
0.31839
0.23535
0.14856
0.045532
0.040924
0.093506
0.095123
0.10049
0.1669
0.12656
0.081818
0.082672
0.041656
-0.019714
-0.11282
-0.39749
-0.49292
-0.79724
-1
-0.69452
-0.47073
-0.47675
-0.081421
0.20624
0.54391
0.68771
0.99997
0.57733
0.65012
0.56567
0.22681
0.096161
-0.2139
-0.43942
-0.50052
0.0097656
-0.18124
-0.087189
0.27246
0.52615
0.57022
0.55539
0.39841
0.063141
0.098389
-0.098236
-0.38815
-0.56546
-0.56342
-0.55716
-0.33154
-0.12631
-0.1051
0.091888
0.37415
0.4151
0.30228
0.20767
-0.0063782
-0.15784
-0.21609
-0.39438
-0.55789
-0.46161
-0.25562
-0.081238
0.11108
0.22754
0.30118
0.42276
0.40909
0.22559
0.09549
0.054993
0.021301
0.10373
0.10208
0.0069885
0.051086
0.12878
0.11096
0.072083
0.044891
-0.032623
-0.18951
-0.36417
-0.55115
-1
-1
-0.4772
-0.58572
-0.11435
0.027405
0.3876
0.63773
0.99997
0.83545
0.54468
0.76584
0.29913
0.21591
-0.12204
-0.36713
-0.69748
-0.26331
-0.092896
-0.24399
0.12823
0.31741
0.56006
0.60278
0.60144
0.15652
0.09549
0.065704
-0.2464
-0.46393
-0.56641
-0.60928
-0.5332
-0.20483
-0.14331
-0.095886
0.19183
0.40167
0.39658
0.33789
0.18329
-0.032379
-0.092468
-0.19174
-0.452
-0.51443
-0.37027
-0.22467
-0.013489
0.1622
0.20358
0.29465
0.43781
0.37125
0.16745
0.082397
0.047821
0.10263
0.16013
0.021515
-0.047577
0.031006
0.053253
0.020264
0.013
-0.11993
-0.33054
-0.24963
-0.77216
-1
-0.6485
-0.62656
-0.41162
-0.01944
0.18311
0.37811
0.80875
0.99997
0.67514
0.79242
0.60724
0.31174
0.14832
-0.099457
-0.51147
-0.60025
-0.14642
-0.3031
-0.19006
0.12631
0.30203
0.42007
0.60223
0.45102
0.082825
0.14539
-0.018524
-0.31754
-0.43753
-0.51636
-0.65002
-0.48383
-0.19986
-0.21341
-0.05603
0.24924
0.34409
0.34323
0.37524
0.20181
-0.015045
0.0039368
-0.16068
-0.39282
-0.36292
-0.25494
-0.18768
0.0057068
0.17245
0.17435
0.29974
0.40048
0.28329
0.18518
0.16772
0.086609
0.09613
0.15082
0.067535
-0.024231
0.014587
0.013824
-0.066711
-0.091125
-0.24643
-0.36984
-0.47446
-1
-0.99869
-0.60321
-0.69833
-0.29669
-0.026764
0.28598
0.50024
0.99997
0.89767
0.74438
0.86249
0.59564
0.3667
0.16071
-0.14471
-0.53641
-0.30359
-0.17569
-0.29849
-0.13937
0.20871
0.27893
0.49374
0.56021
0.30911
0.13092
0.1561
-0.075439
-0.38708
-0.40543
-0.60489
-0.66977
-0.49969
-0.30212
-0.32938
-0.088379
0.16501
0.2189
0.30786
0.35739
0.18726
0.091125
0.091675
-0.10986
-0.25888
-0.21027
-0.16861
-0.14056
0.05777
0.12234
0.14941
0.26764
0.33267
0.24231
0.22357
0.22012
0.18173
0.20541
0.19321
0.051208
-0.043213
0.022919
-0.046539
-0.10156
-0.28253
-0.4162
-0.55273
-1
-0.91641
-0.71164
-0.75116
-0.39847
-0.09726
0.16074
0.37442
0.90796
0.78662
0.79877
0.80637
0.66522
0.41354
0.28625
-0.013458
-0.35843
-0.24393
-0.25421
-0.17871
-0.14465
0.14398
0.19583
0.38776
0.47403
0.39243
0.26971
0.20938
0.068695
-0.16733
-0.24167
-0.42108
-0.54135
-0.53751
-0.39972
-0.40213
-0.28714
-0.12527
-0.018127
0.025482
0.13571
0.10397
0.058014
0.086975
0.017212
-0.050781
-0.028137
0.01709
-0.0051575
0.081573
0.11523
0.11279
0.14349
0.1861
0.16687
0.19495
0.22754
0.21426
0.19992
0.18149
0.13434
0.12912
0.12405
-0.011261
-0.10583
-0.21252
-0.39566
-0.69217
-1
-0.8757
-0.7142
-0.66623
-0.33713
-0.1524
0.0448
0.30661
0.70923
0.64529
0.68979
0.69299
0.5686
0.47546
0.35632
0.15338
-0.045715
-0.020996
-0.10983
-0.11111
-0.030243
0.055573
0.02298
0.10748
0.13379
0.088165
0.10846
0.10687
0.040222
-0.004303
0.017365
-0.052826
-0.11072
-0.16495
-0.22852
-0.27435
-0.28
-0.30762
-0.31952
-0.29218
-0.24591
-0.17465
-0.085876
9.1553e-05
0.063873
0.13226
0.17169
0.20053
0.20081
0.1665
0.13257
0.10864
0.087402
0.070312
0.056702
0.049103
0.059326
0.082336
0.092834
0.063019
0.056183
0.0849
0.05127
0.022369
0.024139
-0.045776
-0.040863
-0.02536
-0.45276
-0.64139
-0.48935
-0.58054
-0.42728
-0.20355
-0.14413
-0.24097
0.010712
0.20499
0.20041
0.38565
0.41714
0.39352
0.37308
0.4328
0.34857
0.34006
0.33749
0.20465
0.13235
0.14215
0.1106
0.029694
-0.006134
-0.10925
-0.19101
-0.16583
-0.12903
-0.14587
-0.11249
-0.080872
-0.10242
-0.10483
-0.078766
-0.079224
-0.11194
-0.11307
-0.13263
-0.16501
-0.12643
-0.085358
-0.070618
-0.028442
0.015228
-0.010956
0.0056152
0.070007
0.067688
0.072723
0.083313
0.074463
0.050842
0.087433
0.05014
0.043091
0.067474
0.042053
0.061462
0.052917
0.02713
0.022888
0.020142
-0.0067444
-0.024231
-0.036407
-0.069458
-0.057831
-0.046936
-0.071686
-0.11484
-0.18613
-0.21097
-0.22974
-0.19937
-0.15445
-0.10648
-0.069641
-0.055603
-0.012146
0.02536
0.08252
0.1069
0.12851
0.14963
0.18463
0.20618
0.21411
0.23697
0.21478
0.21387
0.20612
0.18201
0.16223
0.12173
0.066986
0.041077
0.0042419
-0.040253
-0.036652
-0.070831
-0.10132
-0.10904
-0.12109
-0.14551
-0.15005
-0.16882
-0.16208
-0.14169
-0.15469
-0.11316
-0.080688
-0.062286
-0.023163
0.0024719
0.011963
0.025208
0.032776
0.051239
0.04245
0.02771
0.050385
0.035492
0.012482
0.036774
0.044891
0.014069
0.03064
0.043427
0.021332
0.025146
0.0071106
-0.0050049
-0.00082397
-0.014404
-0.034821
-0.024017
-0.036804
-0.067474
-0.049622
-0.032532
-0.056274
-0.076782
-0.015869
-0.036896
-0.04425
-0.024506
-0.022308
-0.03894
-0.023651
0.023773
0.011627
0.041626
0.048981
0.049561
0.06131
0.093231
0.060028
0.069397
0.076447
0.045593
0.067749
0.059814
0.041046
0.018707
0.042084
0.038818
0.01889
0.043121
0.036072
-0.016754
-0.00079346
-0.005127
-0.048737
-0.031128
-0.047089
-0.086273
-0.076263
-0.047882
-0.082153
-0.033752
0.0014648
-0.012421
0.006134
0.0074158
0.010376
0.013214
0.017334
0.041626
0.040344
0.030151
0.047882
0.044464
0.021942
0.027557
0.021759
0.0081177
-0.020813
-0.020691
-0.047455
-0.035278
-0.073029
-0.09433
-0.038849
-0.063232
-0.075378
-0.067993
-0.046082
-0.02774
-0.034332
-0.0064697
-0.024658
-0.018158
0.017487
0.010956
0.0062256
-0.0048523
0.023468
0.026733
0.02832
0.050293
0.071228
0.010345
0.050934
0.048798
0.02121
0.04541
0.038513
0.034027
0.028412
0.046143
0.017029
0.029724
0.037781
-0.015991
-0.0022888
0.01709
-0.016998
-0.036285
-0.0060425
-0.059143
-0.072418
0.035187
-0.069672
-0.080566
0.010376
-0.047668
-0.078705
0.023773
0.00057983
-0.012177
0.034912
0.018005
0.03186
0.028442
0.043427
0.055573
0.050354
0.063721
0.0028687
0.068359
0.089325
-0.026581
0.04895
0.016266
-0.010376
-0.013275
-0.03299
-0.055786
-0.053223
-0.060394
-0.10175
-0.021393
-0.060944
-0.043182
-0.013184
-0.044769
-0.051239
-0.0050354
-0.0032349
-0.049011
0.0035706
-0.019287
0.0027161
-0.01059
0.018219
0.033997
-0.019806
0.046204
0.056458
0.057098
0.026306
0.045715
0.037781
0.070343
0.02533
0.011139
0.093628
0.01178
-0.023895
0.063141
0.05014
-0.049011
0.02771
-0.00036621
-0.034332
-0.046539
-0.082642
-0.046478
-0.05542
-0.064392
-0.079071
-0.011993
-0.031281
-0.047363
-0.029236
0.0010681
-0.024261
-0.02182
0.04248
-0.00012207
0.017914
0.038544
0.034302
0.03125
0.065338
0.052124
0.060028
0.067657
0.053558
0.051239
0.018311
0.010162
0.0051575
0.0012207
-0.026306
-0.022827
-0.070129
-0.023071
-0.047028
-0.048431
-0.023682
-0.051025
-0.014862
-0.023651
-0.021271
-0.034485
-0.0032043
-0.036957
0.040588
-0.014221
-0.017883
0.01062
-0.024811
0.013702
-0.0011597
0.0048218
0.019897
0.043671
0.013702
0.023407
0.046265
0.0289
0.021881
0.046997
0.057648
0.017212
0.059326
0.019196
0.031677
0.055359
-0.045319
0.0094299
0.026489
-0.037781
-0.039551
-0.031219
-0.054382
-0.064362
-0.02597
-0.046143
-0.068176
-0.052002
-0.027466
-0.030182
-0.0035706
-0.051025
-0.0088501
0.020721
-0.027374
0.010834
0.039124
0.023682
0.0047607
0.038757
0.036957
0.045898
0.0030823
0.044586
0.073029
0.015656
0.020782
0.012634
-0.016968
-0.0098572
-0.014343
-0.026184
-0.0035095
-0.019684
-0.028442
0.00033569
-0.011688
-0.016449
0.0069275
-0.015533
-0.037964
0.035919
0.010864
-0.051666
-0.0023804
0.060852
-0.020416
-0.018097
0.037537
-0.028198
-0.01355
0.0043335
-0.026642
0.0084839
0.015381
-0.018799
0.034973
0.025818
-0.035706
0.029602
0.060486
0.0028076
0.037567
0.039917
0.010406
0.025635
0.011627
0.0053406
-0.010101
0.0020752
-0.025787
-0.020477
0.0073242
-0.028107
-0.021423
-0.02063
-0.041412
-0.011627
-0.0055847
-0.005249
-0.023132
-0.03363
-0.023041
-0.0051575
-0.018799
-0.0054016
0.0037842
-0.02066
0.022858
0.0112
0.0028992
0.033661
0.007782
-0.023254
0.046143
0.0047607
-0.0083008
0.02243
-0.023346
0.0025635
-0.024811
0.0021973
0.028168
-0.0087585
0.017975
0.0289
-0.023743
0.00039673
0.0046692
-0.028687
0.013733
0.0030212
0.015411
0.016022
0.014374
0.0017395
-0.016449
0.020142
-0.027863
-0.014038
0.027985
0.013672
-0.0073242
0.0079956
-0.022278
-0.0037842
0.030945
-0.019714
-0.0057678
0.037537
-0.030792
0.0098267
0.034607
-0.033539
0.022217
0.008667
-0.046509
0.0083618
0.013275
-0.0289
-0.0031128
0.0043945
-0.022461
0.009613
0.012451
-0.017212
0.03476
0.0011292
-0.017456
0.02182
-0.006958
-0.01828
0.0091553
0.0018921
-0.014435
-0.016052
0.019653
-0.018188
0.0046692
0.0047913
-0.012207
-0.014343
-0.014587
0.0027466
-0.0058899
0.0010376
-0.011047
0.0027771
-0.030914
-0.0041199
-0.0014954
-0.0030823
-0.00054932
0.0018616
0.0066223
0.015411
-0.011719
0.027557
0.031342
-0.014801
0.025024
0.023438
0.026703
0.021759
-0.031616
0.015503
0.031219
-0.030182
0.0050049
-0.0007019
0.0044861
0.00085449
-0.0051575
0.011414
-0.0044861
-0.013031
0.028107
0.026367
-0.01236
0.0016785
-0.019897
-0.0053711
0.01239
-0.0050049
-0.0078735
-0.018616
-0.015381
-0.036133
-0.013306
-0.013977
-0.031494
0.0093079
0.003418
-0.0067444
-0.0099792
0.0099487
0.0046997
0.018311
0.017365
0.0020447
0.023651
0.017303
0.0028381
-0.0092163
-0.0062866
0.019684
0.015259
-0.013489
0.0032043
-0.015503
0.015472
-0.016296
-0.028839
-0.0028687
-0.023468
-0.010315
0.015137
