0.016815
0.022614
0.018433
0.0059204
0.0075073
0.0015564
-0.010132
-0.0084534
-0.0098877
-0.017914
-0.015198
-0.014069
-0.018127
-0.013367
-0.010468
-0.01059
-0.0054321
0.0010376
-0.0011902
0.0010681
0.011505
0.0067749
0.004364
0.011078
0.0065002
0.0032043
0.0051575
0.0014343
-0.0023193
-9.1553e-05
-0.0018921
-0.0057678
-0.0065613
-0.0054016
-0.0070801
-0.0074158
-0.002655
-0.0030212
0.00015259
0.0010986
0.0025635
0.0058289
0.0055542
0.0072021
0.0090637
0.0077515
0.0069885
0.0084839
0.0048828
0.0038147
0.0033264
0.0013428
0.00024414
-0.00079346
-0.00061035
-0.0029602
-0.0029297
-0.0030212
-0.0062256
-0.0029297
-0.0046082
-0.0085754
-0.0059509
-0.0041809
-0.0061951
-0.0047302
-0.0023804
-0.0045776
-0.00082397
0.0013428
0.0011597
0.0025635
0.004425
0.004425
0.00054932
0.0046692
0.0024719
0.00073242
0.00073242
0.0010376
-0.0033875
-0.0012817
-0.0049133
-0.0072021
-0.0050659
-0.0055847
-0.01709
-0.013885
-0.0099792
-0.025909
-0.01236
-0.020569
-0.021118
-0.01355
-0.0095825
-0.01123
0.0066833
0.014984
0.018738
0.040375
0.0513
0.056427
0.067627
0.073853
0.065857
0.066681
0.059265
0.0401
0.026245
0.013947
-0.0094299
-0.026917
-0.039154
-0.057343
-0.06839
-0.068085
-0.073669
-0.074646
-0.065277
-0.059021
-0.051941
-0.034607
-0.021393
-0.013428
0.0013733
0.012573
0.017487
0.02652
0.031769
0.030518
0.030762
0.03244
0.026093
0.019714
0.016113
0.0091858
0.004364
0.00082397
-0.0057983
-0.0094604
-0.010406
-0.012421
-0.013947
-0.010742
-0.0057373
-0.0038452
-0.00073242
0.0055847
0.0072937
0.0087585
0.013062
0.014618
0.011932
0.010773
0.010315
0.0039062
0.002533
0.00061035
-0.0056152
-0.006958
-0.0058594
-0.012726
-0.010071
-0.0052185
-0.010651
-0.0046997
-0.0020447
-0.0024414
0.0015869
0.006073
0.0029602
0.0085144
0.009552
0.0085754
0.010773
0.01001
0.0068665
0.0052185
0.0067749
-0.00042725
0.0016174
-0.0027161
-0.0046082
-0.0047302
-0.0046997
-0.0046082
-0.0050659
-0.0022583
-0.0036011
-0.00076294
0.0018616
-0.001709
-0.00088501
0.0014648
-0.0021667
-0.0054626
9.1553e-05
-0.013275
-0.0090332
-0.010803
-0.016907
-0.016602
-0.013855
-0.02063
-0.016205
-0.0079346
-0.0082703
-0.0013123
0.0090332
0.013336
0.021545
0.033295
0.035126
0.039368
0.044006
0.045044
0.041138
0.039398
0.031952
0.022186
0.015533
0.006012
-0.0053406
-0.012085
-0.020233
-0.029205
-0.0336
-0.038696
-0.043793
-0.043518
-0.044556
-0.043335
-0.039642
-0.037292
-0.032806
-0.027832
-0.020813
-0.013214
-0.0061035
0.0010681
0.0084839
0.017242
0.024323
0.030426
0.035461
0.037659
0.03894
0.0383
0.038269
0.034027
0.029114
0.023376
0.01474
0.0092773
0.0048218
-0.0044861
-0.0092773
-0.01001
-0.017639
-0.018799
-0.016602
-0.019806
-0.019012
-0.011414
-0.018219
-0.013458
-0.011993
-0.013153
-0.01297
-0.010986
-0.01416
-0.014282
-0.012299
-0.015106
-0.010773
-0.015137
-0.0055542
-0.011902
-0.0097046
-0.011444
-0.0081177
-0.027191
-0.039703
-0.016144
-0.058655
-0.025574
-0.04306
-0.042175
-0.033234
-0.0071716
-0.0056152
0.022339
0.059357
0.064819
0.10483
0.14017
0.14664
0.15552
0.17615
0.15613
0.14914
0.13565
0.096497
0.05072
0.026215
-0.019287
-0.062592
-0.090851
-0.12622
-0.15564
-0.15753
-0.15924
-0.16373
-0.14993
-0.13153
-0.11383
-0.083496
-0.05307
-0.032074
-0.0090942
0.018646
0.037872
0.051422
0.063416
0.06723
0.067139
0.071167
0.066986
0.054779
0.043427
0.030914
0.017242
0.0049133
-0.0053711
-0.020203
-0.031891
-0.033478
-0.036469
-0.038239
-0.035919
-0.032623
-0.027588
-0.016083
-0.0042725
0.0029297
0.010101
0.01825
0.023804
0.026764
0.02829
0.02533
0.014648
0.016357
0.008667
-0.00033569
-0.0011597
-0.011139
-0.016846
-0.014984
-0.012726
-0.015167
-0.0060425
-0.0010376
0.0049133
0.017487
0.026459
0.03009
0.040436
0.046692
0.04715
0.047791
0.046906
0.040466
0.03302
0.027771
0.016327
0.0038147
-0.0050049
-0.012146
-0.024445
-0.028992
-0.035858
-0.044678
-0.046997
-0.044983
-0.04776
-0.047211
-0.033081
-0.040741
-0.031342
-0.025848
-0.017609
-0.014343
-0.0011902
-0.0031433
-0.01001
0.0041809
-0.0035095
-0.0096436
0.00030518
-0.048615
-0.040802
-0.037384
-0.070007
-0.037903
-0.066803
-0.061462
-0.046234
-0.015411
-0.013641
0.032074
0.054871
0.078247
0.13477
0.1709
0.17661
0.20029
0.20782
0.19003
0.18857
0.15945
0.10529
0.060059
0.022308
-0.038177
-0.077789
-0.11737
-0.16434
-0.18851
-0.19083
-0.19739
-0.1926
-0.17294
-0.15469
-0.12769
-0.085449
-0.052551
-0.025055
0.0078125
0.036438
0.057922
0.0784
0.091003
0.093353
0.092743
0.091858
0.085114
0.067902
0.052338
0.034393
0.012848
-0.0018921
-0.018311
-0.039124
-0.052521
-0.058075
-0.06311
-0.069824
-0.059357
-0.058533
-0.052979
-0.029175
-0.02066
-0.0059509
0.017517
0.032532
0.044952
0.06778
0.070709
0.076752
0.085724
0.0849
0.076447
0.073364
0.060669
0.043701
0.032135
0.016968
-0.0053406
-0.018188
-0.025299
-0.043701
-0.049164
-0.047821
-0.061462
-0.058289
-0.042603
-0.05127
-0.039154
-0.02652
-0.029968
-0.018921
-0.0042114
-0.013092
-0.0073547
0.0079956
-0.00018311
-0.0036011
0.0021362
-0.010071
-0.019867
-0.011902
-0.025238
-0.080994
-0.059113
-0.0737
-0.098572
-0.057098
-0.083954
-0.092194
-0.049316
-0.018494
-0.015259
0.042908
0.071198
0.091064
0.16492
0.21127
0.21265
0.24075
0.25311
0.23383
0.23343
0.20795
0.14117
0.085846
0.045654
-0.017456
-0.069702
-0.11334
-0.17041
-0.20886
-0.21237
-0.21872
-0.22379
-0.21124
-0.19055
-0.16525
-0.1261
-0.087738
-0.060852
-0.032684
0.0044861
0.032532
0.049774
0.066437
0.070129
0.06781
0.075989
0.076111
0.060608
0.050598
0.039429
0.024933
0.017517
0.0075684
-0.012421
-0.025238
-0.032898
-0.03714
-0.036957
-0.04303
-0.031982
-0.028198
-0.016632
0.0073242
0.017731
0.028961
0.05481
0.066254
0.074402
0.09494
0.093719
0.082001
0.088348
0.08194
0.057037
0.047882
0.028229
-0.0021667
-0.018738
-0.032654
-0.05838
-0.072571
-0.073425
-0.090515
-0.088806
-0.068878
-0.069794
-0.06015
-0.038208
-0.033966
-0.018188
0.0068665
0.010742
0.0086365
0.015228
0.013641
0.0042725
0.011353
-0.0038452
-0.069122
-0.041412
-0.064728
-0.090851
-0.057556
-0.095245
-0.10187
-0.062286
-0.032562
-0.029327
0.035797
0.057953
0.084656
0.1601
0.20969
0.20697
0.23914
0.24585
0.22464
0.22635
0.19812
0.12781
0.070862
0.028442
-0.037903
-0.085266
-0.12918
-0.18619
-0.22256
-0.21744
-0.22156
-0.22031
-0.2012
-0.17966
-0.14825
-0.097778
-0.052399
-0.022491
0.011292
0.048615
0.075043
0.096375
0.10837
0.10837
0.10324
0.10162
0.092621
0.070343
0.048889
0.028351
0.0058594
-0.014465
-0.030518
-0.057343
-0.072205
-0.08078
-0.086914
-0.085114
-0.079254
-0.068176
-0.05481
-0.025238
-0.0021667
0.02124
0.044373
0.068817
0.089386
0.10593
0.11603
0.11505
0.10919
0.099731
0.084625
0.065216
0.037872
0.0067139
-0.016998
-0.04895
-0.067902
-0.078461
-0.096222
-0.092712
-0.088196
-0.089661
-0.061096
-0.048309
-0.030792
-0.015106
-0.006958
0.0084229
0.01416
0.015808
0.016846
-0.030884
-0.04895
-0.033173
-0.089325
-0.064209
-0.081635
-0.10938
-0.087524
-0.048218
-0.047791
-0.0093689
0.052826
0.065521
0.13416
0.20612
0.22311
0.23633
0.27527
0.25525
0.24625
0.23346
0.18002
0.10519
0.064575
0.0060425
-0.062653
-0.1105
-0.15964
-0.21295
-0.23203
-0.22864
-0.23996
-0.23523
-0.21338
-0.18643
-0.15674
-0.11105
-0.074951
-0.048676
-0.012451
0.027954
0.053223
0.074524
0.098083
0.10464
0.10748
0.11783
0.11359
0.095337
0.085602
0.067413
0.037933
0.017792
0.0016479
-0.029449
-0.047485
-0.04892
-0.069733
-0.070374
-0.062531
-0.060974
-0.049896
-0.024048
-0.0064087
0.011322
0.039032
0.0625
0.079468
0.098083
0.10992
0.10834
0.1055
0.10086
0.085876
0.056488
0.03186
0.0037537
-0.038483
-0.055634
-0.077057
-0.11325
-0.12387
-0.11859
-0.13235
-0.1138
-0.094635
-0.10382
-0.078308
-0.047211
-0.055939
-0.024658
-0.02832
-0.065063
-0.014771
-0.03418
-0.036774
-0.0061951
-0.029266
-0.029205
0.021271
0.049896
0.045624
0.11017
0.13544
0.15512
0.22522
0.2616
0.23709
0.24826
0.25269
0.21313
0.18689
0.15189
0.067657
-0.0098267
-0.042786
-0.093475
-0.15677
-0.19543
-0.22256
-0.26941
-0.25238
-0.23605
-0.23944
-0.23071
-0.19781
-0.15134
-0.10141
-0.060455
-0.024017
0.0063782
0.047394
0.095001
0.1308
0.14441
0.13882
0.14334
0.14398
0.12729
0.10696
0.064423
0.01413
-0.0090637
-0.035858
-0.080627
-0.1124
-0.12225
-0.12769
-0.11148
-0.078217
-0.047852
-0.0081177
0.060944
0.12485
0.15677
0.17773
0.2037
0.19815
0.17029
0.13983
0.083496
0.041443
0.010803
-0.033905
-0.068787
-0.087585
-0.0896
-0.082062
-0.074493
-0.054352
-0.03894
-0.079742
-0.060669
-0.0867
-0.17279
-0.20294
-0.22903
-0.25537
-0.39838
-0.53513
-0.30386
-0.18307
-0.14096
0.042389
0.2117
0.35211
0.48965
0.63821
0.52576
0.47165
0.4671
0.37524
0.17142
0.0091858
-0.14966
-0.26291
-0.21494
-0.18573
-0.21445
-0.11313
0.073334
0.13672
0.20108
0.24548
0.19461
0.1134
0.076813
-0.058289
-0.22769
-0.31317
-0.34613
-0.37036
-0.3345
-0.25027
-0.18002
-0.041962
0.099396
0.16635
0.18076
0.18713
0.151
0.087708
0.013153
-0.09668
-0.19217
-0.21088
-0.19736
-0.18558
-0.13528
-0.059387
0.040649
0.1192
0.17838
0.21216
0.2012
0.16989
0.11761
0.052032
-0.0079346
-0.016632
-0.043182
-0.045471
0.0085144
0.054657
0.075897
0.1131
0.1413
0.1358
0.1423
0.12878
0.089447
0.057617
0.047333
0.026672
0.0021667
-0.063477
-0.12622
-0.12454
-0.1712
-0.25284
-0.33835
-0.33282
-0.34857
-0.71597
-0.56683
-0.194
-0.24738
-0.052826
0.22211
0.40753
0.43152
0.66968
0.59799
0.35849
0.36356
0.27597
0.062988
-0.11218
-0.19196
-0.3649
-0.22208
-0.027496
0.048676
0.07193
0.34573
0.42188
0.34595
0.32663
0.198
-0.010345
-0.17807
-0.22437
-0.4136
-0.48572
-0.41418
-0.30017
-0.20676
-0.0081482
0.12158
0.18723
0.26468
0.29401
0.17352
0.034393
-0.061371
-0.18723
-0.27429
-0.30627
-0.30096
-0.26642
-0.11798
-0.0045471
0.066711
0.14771
0.15671
0.13165
0.14169
0.073547
-0.026733
-0.080811
-0.066223
-0.051544
-0.018951
0.042694
0.086731
0.13962
0.18893
0.20551
0.19135
0.17844
0.16077
0.1615
0.12976
0.076721
0.050873
0.052185
0.010773
-0.042206
-0.015076
-0.16595
-0.32309
-0.36264
-0.37137
-0.79935
-0.87671
-0.33459
-0.40308
-0.19891
0.11127
0.41153
0.47519
0.69421
0.75763
0.4494
0.41089
0.25201
0.11847
-0.18967
-0.25992
-0.40921
-0.26352
-0.080048
0.066498
0.14642
0.32761
0.49893
0.41943
0.34863
0.14545
0.0033875
-0.25372
-0.33224
-0.47266
-0.49091
-0.45398
-0.2612
-0.10291
0.035736
0.2048
0.27975
0.31281
0.24454
0.17819
-0.006958
-0.12653
-0.24515
-0.2872
-0.31232
-0.25427
-0.16776
-0.045776
0.029449
0.091797
0.17676
0.13608
0.1149
0.096039
0.044922
-0.0029602
0.028931
0.012177
-0.021301
0.0065002
0.065063
0.077606
0.092072
0.11563
0.14835
0.1763
0.13525
0.1011
0.087799
0.045563
0.050629
-0.026001
-0.19595
-0.2236
-0.28043
-0.40939
-0.81567
-0.65952
-0.29037
-0.33063
-0.087219
0.14252
0.38522
0.46689
0.69296
0.59286
0.39011
0.32104
0.20566
0.060028
-0.20251
-0.32996
-0.38364
-0.14026
-0.062134
0.067078
0.18542
0.3685
0.39771
0.37817
0.25903
0.020477
-0.098145
-0.24197
-0.33636
-0.44116
-0.36557
-0.33087
-0.13083
0.027374
0.14328
0.19513
0.26385
0.23282
0.11099
0.011444
-0.15967
-0.26257
-0.32568
-0.28455
-0.32648
-0.21524
-0.021118
0.11246
0.22278
0.31314
0.31641
0.29065
0.24655
0.11642
0.018707
-0.030334
-0.064117
-0.062653
0.021271
0.082642
0.16507
0.18832
0.13824
0.11841
0.057495
-0.015961
-0.10635
-0.34726
-0.44958
-0.55048
-1
-0.89606
-0.40396
-0.38138
-0.13989
0.28986
0.58347
0.63214
0.85904
0.71048
0.42966
0.33453
0.19431
-0.033875
-0.25027
-0.39438
-0.4632
-0.13107
0.072144
0.14597
0.32013
0.62296
0.58548
0.49786
0.39148
0.077484
-0.19299
-0.32275
-0.48111
-0.66592
-0.55804
-0.43396
-0.25085
-0.0065308
0.2215
0.26401
0.37311
0.38306
0.19992
0.0084534
-0.19113
-0.42145
-0.48657
-0.43118
-0.41797
-0.24606
-0.008667
0.1604
0.28238
0.3923
0.35333
0.25992
0.20435
0.10843
0.024109
0.035736
0.078278
0.092529
0.13678
0.15338
0.1105
0.12167
0.10782
-0.098022
-0.16965
-0.39554
-1
-0.77789
-0.50812
-0.59039
-0.37344
0.10068
0.3952
0.57062
0.88138
0.67139
0.46024
0.41995
0.28528
-0.11545
-0.34433
-0.53656
-0.64484
-0.34946
-0.10504
-0.032227
0.19357
0.64133
0.65994
0.60492
0.52585
0.29422
-0.028381
-0.16217
-0.37561
-0.61868
-0.57339
-0.43188
-0.2916
-0.10385
0.14514
0.20203
0.31564
0.39828
0.30402
0.13712
0.0024719
-0.1546
-0.27338
-0.27286
-0.27054
-0.24503
-0.11606
0.029572
0.093964
0.18478
0.21655
0.19858
0.20328
0.26965
0.25916
0.1925
0.082642
-0.024048
-0.062073
-0.17264
-0.3363
-0.40201
-0.90894
-0.86188
-0.42111
-0.45114
-0.39795
-0.035675
0.31534
0.44775
0.80069
0.79709
0.54034
0.53079
0.54477
0.18948
-0.17194
-0.30157
-0.5033
-0.46213
-0.25769
-0.14651
-0.11084
0.28632
0.53076
0.51636
0.49045
0.41666
0.17944
-0.013092
-0.13904
-0.43375
-0.56027
-0.53482
-0.4505
-0.36768
-0.1763
0.0092163
0.16138
0.33441
0.38086
0.29156
0.18951
0.12155
-0.0011597
-0.10178
-0.17468
-0.20746
-0.16992
-0.076294
-0.0084229
0.078186
0.19055
0.2692
0.2869
0.29538
0.25195
0.15402
0.029785
-0.21133
-0.33127
-0.8623
-1
-0.61478
-0.5744
-0.53894
-0.16275
0.23712
0.34094
0.68628
0.83215
0.5928
0.52286
0.61334
0.36765
-0.046204
-0.20874
-0.43246
-0.51813
-0.35452
-0.19049
-0.21356
0.067017
0.40125
0.45486
0.44901
0.45871
0.29688
0.081543
0.021027
-0.23578
-0.50287
-0.52563
-0.45361
-0.3923
-0.20007
0.024506
0.14182
0.29568
0.43002
0.37457
0.24133
0.15842
0.01593
-0.11124
-0.14908
-0.1611
-0.13519
-0.026642
0.10626
0.14645
0.14105
0.17145
0.18286
0.053558
-0.15686
-0.35513
-0.98257
-1
-0.66092
-0.67511
-0.62411
-0.12851
0.28052
0.45795
0.88818
0.99997
0.73022
0.69098
0.78052
0.4007
-0.076477
-0.27957
-0.49182
-0.56186
-0.37637
-0.24274
-0.22604
0.13214
0.47049
0.49008
0.45312
0.43646
0.23703
-0.006073
-0.14459
-0.3728
-0.64874
-0.70059
-0.47437
-0.38162
-0.29211
0.024048
0.28073
0.36972
0.46802
0.48566
0.30814
0.22183
0.18222
0.069427
-0.036011
-0.030518
-0.027802
-0.019958
0.026062
0.14139
0.13516
-0.04071
-0.10651
-0.604
-0.95071
-0.54282
-0.59756
-0.8396
-0.52081
-0.085327
-0.018311
0.31879
0.66315
0.51559
0.54608
0.84799
0.70779
0.29556
0.10748
-0.092407
-0.3595
-0.29425
-0.22116
-0.34604
-0.1633
0.24438
0.30933
0.29898
0.44922
0.41223
0.19553
0.12717
0.016083
-0.242
-0.35291
-0.31796
-0.36722
-0.34247
-0.19165
-0.091431
0.038696
0.21384
0.27222
0.24951
0.284
0.25998
0.16675
0.097504
0.047699
-0.016235
-0.076996
-0.12048
-0.14923
-0.1875
-0.17682
-0.35074
-0.9895
-0.8165
-0.26044
-0.44476
-0.63535
-0.071777
0.15906
0.091797
0.5303
0.75116
0.35693
0.4306
0.78253
0.52444
0.11856
0.10022
-0.043762
-0.25278
-0.1832
-0.14056
-0.28693
-0.039703
0.33023
0.24991
0.22186
0.43134
0.29642
0.070221
0.10275
-0.023895
-0.27341
-0.28525
-0.27707
-0.43396
-0.38831
-0.2157
-0.17636
-0.077911
0.18713
0.28482
0.26462
0.27139
0.25809
0.23306
0.20428
0.095001
0.052673
0.13422
0.09668
0.084473
-0.47141
-1
-0.59653
-0.59518
-1
-0.51813
-0.042633
-0.40146
0.18192
0.98615
0.54398
0.29373
0.96561
0.84351
0.34647
0.41626
0.21753
-0.43134
-0.34216
-0.17929
-0.55481
-0.48169
0.072113
0.039825
0.12701
0.56061
0.48615
0.1734
0.39279
0.40518
-0.040558
-0.18216
-0.13196
-0.38754
-0.39267
-0.16306
-0.21555
-0.19061
0.1427
0.26602
0.18066
0.25595
0.34232
0.24991
0.2338
0.26749
0.031342
-0.072449
-0.51224
-1
-1
-0.77988
-0.9874
-0.76599
-0.25
-0.044281
0.25833
0.7923
0.77344
0.60355
0.84726
0.92615
0.60272
0.35672
0.088959
-0.14233
-0.11191
-0.22043
-0.54297
-0.47934
-0.22061
-0.21771
-0.10129
0.15533
0.17334
0.20193
0.36136
0.3067
0.14609
0.20535
0.18027
-0.048096
-0.10965
-0.070526
-0.15143
-0.13687
-0.020355
-0.036316
-0.044403
0.12738
0.17886
0.12042
0.24536
0.28674
0.21475
-0.12637
-0.63147
-0.73407
-0.80386
-1
-0.92178
-0.67953
-0.57367
-0.15781
0.35602
0.43765
0.57086
0.87988
0.92435
0.79471
0.79935
0.57486
0.27054
0.25479
-0.0027466
-0.42905
-0.3754
-0.26636
-0.43979
-0.42758
-0.10077
0.08078
0.060333
0.15005
0.2417
0.14993
0.1351
0.18866
0.070251
-0.10248
-0.074921
-0.02594
-0.058777
-0.074249
-0.078247
-0.049622
0.072693
0.061798
-0.037506
0.063568
0.23227
-0.054413
-0.39703
-0.25613
-0.36038
-0.61377
-0.50375
-0.36072
-0.40668
-0.2402
-0.10486
-0.064697
0.10019
0.28229
0.38858
0.50546
0.49774
0.52924
0.54803
0.48642
0.38419
0.21246
0.067657
0.029205
-0.062012
-0.2135
-0.31256
-0.23026
-0.15689
-0.14789
-0.076752
0.0054932
0.026184
0.066528
0.12106
0.091919
0.0046387
-0.038269
-0.049194
-0.096008
-0.096802
-0.12762
-0.14435
-0.098877
-0.067352
-0.036316
0.017151
0.080048
0.049103
-0.043823
-0.049622
-0.073608
-0.15244
-0.18365
-0.16873
-0.18088
-0.24649
-0.16846
-0.026764
-0.091705
-0.026398
0.15546
0.21497
0.19894
0.26566
0.31403
0.26697
0.23489
0.26553
0.19681
0.12903
0.072174
-0.0028992
-0.058258
-0.058167
-0.07309
-0.10974
-0.082581
-0.05188
-0.074554
-0.035767
-0.018188
-0.074097
-0.070618
-0.089813
-0.041046
-0.010284
-0.053925
-0.035553
-0.018433
-0.035431
-0.046722
-0.027222
0.014587
-0.039062
0.0028687
0.048615
0.060028
0.041565
0.028351
-0.015869
-0.0177
-0.03537
-0.09021
-0.11743
-0.11368
-0.11713
-0.084747
-0.034119
-0.019806
0.02533
0.046722
0.16205
0.17349
0.13708
0.12183
0.12912
0.10275
0.034546
0.034027
0.0089417
-0.041168
0.020569
-0.0039673
-0.052032
0.016968
-0.0021362
-0.026398
-0.015686
-0.0011597
-0.023743
-0.049011
-0.018463
-0.023712
-0.055969
-0.044952
-0.073822
-0.053345
-0.020142
-0.052063
-0.015961
-0.016083
-0.0055237
0.017792
0.022888
0.039703
0.030273
0.041412
0.033325
0.028931
0.021118
-0.015778
-0.034454
-0.037048
-0.019196
-0.031616
-0.012512
0.033112
0.031036
0.066925
0.077637
0.051117
0.047241
0.041229
0.025604
0.012512
0.0086365
-0.0051575
-0.024109
-0.018524
-0.007843
-0.039429
-0.039124
-0.042023
-0.072174
-0.047211
-0.051514
-0.051453
-0.034088
-0.032684
-0.012512
-0.011414
-0.0097351
-0.017914
-0.015961
-0.019287
-0.026428
-0.038818
-0.034943
-0.0087585
0.0007019
0.040619
0.059265
0.074554
0.090485
0.089661
0.089722
0.081055
0.039124
0.025208
0.020325
-0.010803
0.0099487
0.00082397
0.017975
0.033905
0.030334
0.035736
0.049469
0.044556
0.0045776
0.00082397
-0.01358
-0.044556
-0.062683
-0.057495
-0.051086
-0.05545
-0.036896
-0.041718
-0.049255
-0.036102
-0.023743
-0.044922
-0.047913
-0.04776
-0.046906
-0.037445
-0.022827
-0.05304
-0.055237
-0.018066
-0.011322
-0.027191
-0.0034485
-0.0068665
-0.011871
0.029144
0.043976
0.045532
0.062134
0.054871
0.05896
0.095673
0.09375
0.062897
0.054504
0.058014
0.04306
0.0354
0.025391
0.021637
0.011749
0.020966
0.010101
0.0079346
0.024139
0.00018311
-0.0015869
-0.0093994
0.0014038
-0.02887
-0.053528
-0.0495
-0.026917
-0.027893
-0.057983
-0.047668
-0.056824
-0.042389
-0.029358
-0.049316
-0.026398
-0.034882
-0.027374
-0.0081177
-0.033813
-0.036591
-0.025665
-0.0075989
-0.022644
-0.01239
-0.012634
-0.027069
-0.005249
-0.0028076
-0.014008
0.023407
0.033356
0.037872
0.072357
0.066437
0.072327
0.061462
0.057648
0.052734
0.041901
0.037811
0.029785
0.01474
0.022186
0.015778
0.023071
0.039062
0.022491
0.023621
0.018707
0.017853
-0.0097351
-0.035034
-0.029694
-0.052429
-0.045166
-0.05481
-0.060913
-0.054779
-0.055878
-0.039246
-0.039215
-0.015228
-0.026276
-0.027985
0.0075378
-0.012085
-0.0037537
0.0036621
0.026855
0.010223
0.019836
0.012329
-0.0079041
-0.007782
-0.02243
-0.022125
-0.039429
-0.024567
-0.0089722
-0.0069885
0.010071
0.0072937
0.013794
0.018677
0.022369
0.024292
0.019196
0.035614
0.016296
0.023651
0.026245
0.036377
0.037903
0.040741
0.051849
0.038147
0.054321
0.03656
0.016052
0.0039673
-0.0068054
-0.018188
-0.035889
-0.03949
-0.042908
-0.043549
-0.045105
-0.023651
-0.046021
-0.03833
-0.019318
-0.011414
-0.0046082
0.010162
0.012299
0.011841
0.015594
0.0093384
0.0062561
0.013977
0.0014954
-0.0075378
0.0011902
-0.027039
-0.022125
-0.020294
-0.028442
-0.013062
-0.014404
-0.02124
-0.0013733
-0.013428
-0.012909
-0.0084229
-0.0031738
0.0019531
-0.010986
0.023041
0.028168
0.017242
0.029419
0.038055
0.048248
0.054565
0.049286
0.039429
0.029602
0.023376
0.027954
-0.0096436
-0.010254
-0.014709
-0.022797
-0.023834
-0.02655
-0.0354
-0.03241
-0.0087891
-0.017731
-0.0029602
-0.0028687
-0.0096436
0.011047
0.010529
0.0093079
0.0093079
0.0093079
-0.0040894
-0.004303
-0.012482
-0.011292
-0.012939
-0.0053711
-0.016602
-0.006134
-0.005249
-0.023041
0.0080872
-0.025269
-0.014832
-0.0071106
-0.012451
-0.0049438
-0.006073
-0.003479
-0.0048828
-0.0030212
-0.0068054
-0.0081787
0.0044556
0.0096741
0.0074158
0.012482
0.01825
0.016052
0.0062561
0.025574
0.021454
0.015991
0.034424
0.014435
0.011261
0.019257
0.01535
0.0092468
0.0096741
0.022095
0.011749
0.01178
0.015106
0.0056152
0.0021667
-0.012573
0.0010986
-0.008728
-0.0065918
-0.012238
-0.018188
-0.023499
-0.031067
-0.006897
-0.014984
-0.020966
-0.0080872
-0.0069885
-0.0055237
-0.023895
-0.0073547
-0.02655
-0.026978
-0.020081
-0.033447
-0.018585
-0.022827
-0.016724
-0.033356
-0.016937
-0.0083618
-0.018066
0.018524
0.012634
0.018524
0.025574
0.023743
0.040527
