-0.00073242
0.00061035
0.0038757
-0.0011902
0.0037842
-0.0018921
0.0018921
-0.00027466
-0.0012817
0.0014038
-0.0020142
0.0012817
-0.00027466
-0.0010071
0.00048828
-0.0013428
-0.00015259
-0.0011597
-0.0007019
0.0010376
-0.00036621
0.00079346
0
-0.0018005
0.003418
-0.002594
-0.00091553
0.0044556
-0.0029602
0.0011597
0.00054932
0.00030518
-0.00094604
0.0024414
-0.00048828
-0.0024414
0.006012
-0.0056458
-0.00067139
0.0041504
-0.0076294
0.0030823
-0.0019836
-0.0066833
0.0037537
-0.0041809
-0.0050354
0.0049133
-0.0037231
-0.0026855
0.0057068
-0.0079346
0.0020447
0.0032654
-0.004364
0.0093384
0.0019226
-0.0029907
0.010437
-0.0027466
0.001709
0.0070496
-0.0024414
0.0048523
3.0518e-05
0.0013428
-0.0040894
0.0033264
-0.0057983
-0.0022278
0.0037231
-0.0099182
0.0050354
-0.006134
0.00045776
-6.1035e-05
-0.0076904
0.0075073
-0.0090637
0.0080261
-0.0022888
-0.0048218
0.012939
-0.010071
0.011139
-0.0022583
-0.0025635
0.010132
-0.0075684
0.0071716
0.0011902
-0.0012207
0.004303
0.00024414
-0.0046997
-0.0067749
0.0019836
-0.0098877
0.0054016
0.00177
-0.065857
0.068695
-0.0083618
-0.044739
0.085632
-0.053284
0.039124
0.014435
-0.029846
0.048767
-0.018188
0.0058899
0.014313
-0.052002
-0.042389
0.072906
-0.0018921
-0.13678
0.021545
0.061462
-0.061523
0.0027771
0.02475
0.028076
-0.022491
0.025726
0.072998
-0.0058899
0.053162
-0.030243
0.036285
0.034515
-0.086975
0.035431
-0.062958
-0.030121
-0.002655
-0.041412
0.059479
-0.01944
0.014832
0.016541
-0.052338
-0.022369
0.078644
-0.020233
0.01181
0.018951
-0.032135
0.030945
-0.030884
-0.029236
-0.085785
-0.015472
-0.006073
-0.050781
0.051483
-0.00079346
0.023071
0.058105
-0.0050659
0.056793
0.014648
-0.01181
0.013794
-0.016418
-0.029297
0.0035706
0.01474
-0.018951
0.01886
-0.00097656
0.00061035
0.030609
0.0038757
-0.0061035
0.018341
0.016876
-0.0053406
0.016235
0.035614
-0.0068665
0.039062
0.046295
0.016541
0.078552
0.05484
0.043335
0.053192
0.0099182
-0.016205
0.02594
0.010803
-0.034332
6.1035e-05
-0.041199
-0.047607
-0.11856
-0.29224
-0.30362
-0.36398
-0.34106
-0.21365
-0.146
-0.10117
-0.035126
0.049347
0.11356
0.28259
0.36395
0.39511
0.4201
0.35858
0.27515
0.24783
0.21548
0.11136
0.022461
-0.064392
-0.18045
-0.20016
-0.18872
-0.21719
-0.18466
-0.17004
-0.15491
-0.087433
-0.0040894
0.0448
0.085052
0.11551
0.10132
0.11508
0.1391
0.13544
0.13971
0.13654
0.11526
0.033295
-0.00033569
-0.029053
-0.069214
-0.042328
-0.040161
-0.13593
-0.68326
-0.72656
-0.67114
-0.90689
-0.3432
-0.13007
-0.16437
0.020172
0.23615
0.20285
0.51596
0.86835
0.63297
0.72443
0.62396
0.29892
0.23022
0.30884
0.04953
-0.11371
-0.13257
-0.37183
-0.42673
-0.19858
-0.13672
-0.18912
-0.026794
-0.080383
-0.13931
0.039948
0.13959
0.10696
0.12985
0.098267
-0.041046
-0.033081
0.025269
-0.026428
-0.005127
0.0027161
-0.073761
-0.054047
0.070099
0.11853
0.10507
0.18542
0.14944
0.09436
0.13504
0.09552
0.11871
-0.37698
-0.98361
-0.73367
-1
-0.90433
-0.17734
-0.25345
-0.096161
0.17593
0.30927
0.36115
0.96402
0.94955
0.75513
0.85434
0.40555
0.084991
0.064148
0.046265
-0.29941
-0.24088
-0.33685
-0.53418
-0.26666
-0.045837
-0.0038147
0.099884
0.2066
0.028473
0.0466
0.16623
0.1102
0.045166
0.034637
-0.13898
-0.24307
-0.13715
-0.11603
-0.042877
0.073822
0.045013
0.04071
0.12811
0.21405
0.24609
0.25955
0.2652
0.14853
0.10825
0.018982
0.0023804
-0.62534
-1
-0.91705
-1
-0.89322
-0.10657
-0.0849
0.15283
0.38831
0.53305
0.54559
0.99997
0.99997
0.78415
0.76288
0.1795
-0.20029
-0.21017
-0.22299
-0.46732
-0.29385
-0.3374
-0.40204
-0.068909
0.15454
0.23383
0.30588
0.31592
0.080109
0.038147
0.059845
-0.050171
-0.10806
-0.17291
-0.30933
-0.29919
-0.16058
-0.080841
0.032867
0.14233
0.11108
0.14835
0.255
0.29675
0.31604
0.31961
0.23822
0.1167
0.045502
-0.063354
-0.12317
-0.95432
-1
-1
-1
-0.61133
0.0016174
0.1745
0.36984
0.57996
0.64645
0.67859
0.99997
0.87363
0.74353
0.46741
-0.1329
-0.42746
-0.42566
-0.38272
-0.45401
-0.20959
-0.19879
-0.1268
0.14359
0.3342
0.36786
0.38821
0.24716
0.053131
-0.06781
-0.14053
-0.17972
-0.28241
-0.31387
-0.34387
-0.23761
-0.077301
0.10397
0.23611
0.24414
0.22528
0.20523
0.24271
0.32166
0.32489
0.28284
0.18121
0.03772
-0.15109
-0.063416
-0.54086
-1
-1
-1
-1
-0.11917
0.22348
0.39062
0.54898
0.75046
0.49622
0.98434
0.9743
0.70026
0.58887
0.025513
-0.43329
-0.59711
-0.39526
-0.44055
-0.18976
-0.024078
-0.0036011
0.12463
0.32281
0.3768
0.35428
0.26413
0.026123
-0.14255
-0.26727
-0.2919
-0.3302
-0.29645
-0.27756
-0.17688
-0.012238
0.16553
0.30148
0.33942
0.29526
0.24524
0.23602
0.29074
0.31827
0.26102
0.19498
0.021484
-0.18295
-0.086334
-0.68463
-1
-1
-1
-1
-0.13409
0.25052
0.47516
0.66638
0.78864
0.48798
0.98862
0.89343
0.70306
0.5513
-0.0062256
-0.49603
-0.67206
-0.44229
-0.4339
-0.074554
0.086151
0.13782
0.18317
0.3219
0.33585
0.29117
0.22464
-0.0065918
-0.1821
-0.33359
-0.34491
-0.37958
-0.28488
-0.20514
-0.077637
0.079041
0.23599
0.34811
0.34628
0.32764
0.25439
0.21964
0.28699
0.28348
0.20667
0.14761
-0.046844
-0.21826
-0.14066
-1
-1
-1
-1
-0.76675
-0.031738
0.35654
0.61261
0.88367
0.73517
0.54922
0.99997
0.68771
0.71103
0.4321
-0.12396
-0.62134
-0.64737
-0.52213
-0.38062
0.12473
0.22089
0.31747
0.30826
0.33972
0.22324
0.21207
0.10297
-0.088318
-0.24274
-0.37375
-0.41119
-0.41376
-0.29425
-0.17401
-0.014465
0.11981
0.26828
0.33078
0.32584
0.30801
0.2645
0.21881
0.29208
0.2789
0.19733
0.14841
-0.080902
-0.15967
-0.23013
-1
-1
-1
-1
-0.58356
-0.034821
0.40204
0.70416
0.99997
0.70438
0.69202
0.96732
0.56073
0.66547
0.28812
-0.19534
-0.6373
-0.61026
-0.55249
-0.31808
0.16614
0.28226
0.40277
0.37268
0.3327
0.14111
0.097412
-0.019623
-0.16064
-0.27045
-0.35226
-0.39999
-0.40948
-0.28622
-0.14978
0.025665
0.21133
0.33475
0.35757
0.34915
0.31152
0.2598
0.26785
0.31781
0.28653
0.19183
0.066833
-0.16049
-0.15918
-0.44656
-1
-1
-1
-1
-0.37881
0.0046082
0.47858
0.76648
0.99997
0.60724
0.82938
0.87497
0.51999
0.64304
0.16751
-0.27881
-0.63681
-0.49954
-0.543
-0.13974
0.26883
0.34512
0.44626
0.39383
0.25711
0.016968
0.030457
-0.14047
-0.2146
-0.2677
-0.32779
-0.38776
-0.36261
-0.24942
-0.12372
0.070892
0.23267
0.32196
0.34595
0.34103
0.28848
0.25513
0.28705
0.31064
0.24249
0.1636
0.06601
-0.19031
-0.14694
-0.55469
-1
-1
-1
-1
-0.28842
0.10291
0.57364
0.8667
0.99997
0.57529
0.91205
0.82819
0.52859
0.6362
0.11642
-0.34174
-0.6828
-0.5239
-0.55444
-0.084534
0.30527
0.4166
0.48108
0.4198
0.23053
-0.019867
-0.011597
-0.17703
-0.24554
-0.29059
-0.33011
-0.42444
-0.37775
-0.25928
-0.13211
0.095367
0.27457
0.34735
0.35986
0.33884
0.26904
0.23199
0.28546
0.29117
0.27084
0.17883
0.044678
-0.13272
-0.17947
-0.29761
-1
-1
-1
-1
-0.55151
-0.039978
0.534
0.883
0.99997
0.70074
0.75177
0.91946
0.46301
0.67783
0.29019
-0.21329
-0.64026
-0.56116
-0.62704
-0.30319
0.28314
0.40253
0.54596
0.51163
0.34564
-0.0076294
-0.014343
-0.16962
-0.27234
-0.27301
-0.34686
-0.44907
-0.46347
-0.33237
-0.24393
0.039337
0.27573
0.36749
0.41928
0.3829
0.27771
0.2034
0.24304
0.26263
0.2551
0.28345
0.095001
-0.015991
-0.13858
-0.066742
-0.34119
-1
-1
-1
-1
-0.4537
-0.020691
0.59314
0.93777
0.99997
0.56027
0.81845
0.85995
0.44641
0.76907
0.2605
-0.27661
-0.61914
-0.51599
-0.69919
-0.24976
0.34137
0.33319
0.56769
0.57526
0.31583
0.032196
0.038422
-0.22955
-0.31473
-0.28986
-0.4147
-0.51157
-0.47662
-0.39139
-0.26465
0.098083
0.32874
0.45819
0.52371
0.4187
0.23911
0.17841
0.18796
0.19925
0.23816
0.24844
0.1123
0.036224
-0.029633
-0.13467
0.091675
-0.76004
-1
-1
-1
-1
-0.17993
0.33493
0.82104
0.99997
0.88858
0.42126
0.94781
0.6221
0.65155
0.71124
0.065338
-0.49832
-0.7178
-0.60617
-0.64801
0.073456
0.44281
0.48325
0.62378
0.56396
0.19083
0.070282
0.015869
-0.29083
-0.31952
-0.36649
-0.58054
-0.61786
-0.50476
-0.41309
-0.093323
0.30368
0.48682
0.59573
0.54459
0.30984
0.17322
0.10056
0.11987
0.15067
0.21658
0.17456
0.15573
0.11823
0.069946
0.0019531
0.030487
-0.4249
-1
-1
-1
-1
-0.41626
-0.047821
0.52402
0.86987
0.99915
0.57565
0.91797
0.9212
0.59525
0.8717
0.24234
-0.29736
-0.6684
-0.69583
-0.75662
-0.30597
0.27441
0.41714
0.6506
0.6351
0.40454
0.16946
0.13516
-0.13483
-0.2688
-0.30426
-0.53329
-0.65259
-0.59918
-0.50394
-0.28912
0.10999
0.3671
0.52435
0.58768
0.45547
0.2854
0.14639
0.082062
0.039642
0.088196
0.17642
0.18311
0.20746
0.17661
0.072327
-0.016388
0.013733
-0.1084
-0.94727
-1
-1
-1
-0.99847
-0.18335
0.18854
0.7532
0.95853
0.78479
0.65134
0.99997
0.71173
0.78836
0.65924
-0.087646
-0.53122
-0.76965
-0.78137
-0.70438
0.023895
0.36371
0.51263
0.75522
0.59106
0.30295
0.20154
0.11761
-0.16885
-0.203
-0.28995
-0.55243
-0.58405
-0.52853
-0.51596
-0.26865
0.13959
0.30981
0.51083
0.6217
0.41119
0.27585
0.18137
0.032715
-0.037537
0.069733
0.060608
0.054535
0.16498
0.1196
0.051453
0.034882
0.030182
0.011688
-0.40277
-1
-1
-1
-1
-0.61081
-0.11032
0.45636
0.84866
0.92886
0.72763
0.85425
0.81375
0.62238
0.71991
0.27295
-0.21802
-0.58447
-0.7597
-0.84052
-0.44592
0.15366
0.43829
0.77307
0.80457
0.53735
0.27856
0.15836
-0.027893
-0.1308
-0.10117
-0.31567
-0.53928
-0.62604
-0.69464
-0.51834
-0.12796
0.24353
0.49039
0.63202
0.51425
0.27216
0.12399
-0.026764
-0.093506
-0.052643
0.00048828
0.01236
0.0979
0.11475
0.11526
0.13712
0.13867
0.21454
0.16483
-0.090363
-0.74997
-1
-1
-1
-1
-0.35785
0.1907
0.70499
0.83566
0.77307
0.63788
0.8566
0.72635
0.80865
0.65234
0.091614
-0.35132
-0.76379
-0.82977
-0.69046
-0.086853
0.34821
0.66071
0.84186
0.63199
0.40872
0.2345
0.13232
0.025421
-0.0072327
-0.15912
-0.44937
-0.62549
-0.7197
-0.66193
-0.35403
-0.022095
0.229
0.40732
0.40204
0.27982
0.15466
0.029694
-0.049988
-0.051971
-0.020172
-0.018829
0.039917
0.11758
0.16269
0.24069
0.29962
0.25958
0.22784
0.23334
0.023285
-0.28854
-0.79935
-1
-1
-1
-1
-0.38065
0.14294
0.6174
0.73032
0.79919
0.68198
0.84476
0.83258
0.82291
0.69217
0.19519
-0.22824
-0.60504
-0.64139
-0.51492
-0.029205
0.35474
0.54504
0.60263
0.45996
0.27164
0.14981
0.18085
0.093414
0.043549
-0.14069
-0.42087
-0.62271
-0.66354
-0.56204
-0.36899
-0.056152
0.081055
0.1402
0.18719
0.12454
0.12088
0.16492
0.16983
0.11856
0.089355
-0.0020447
-0.080627
-0.00091553
0.0979
0.22217
0.32196
0.29633
0.1651
0.062988
0.029358
-0.082092
-0.24396
-0.60037
-1
-1
-1
-1
-0.55136
-0.058777
0.54221
0.70709
0.8732
0.75424
0.9415
0.98654
0.97952
0.9686
0.45227
0.039276
-0.48978
-0.67471
-0.71848
-0.35742
0.068115
0.28738
0.51434
0.39438
0.25101
0.093323
0.073059
0.10641
0.10367
0.074127
-0.17062
-0.44208
-0.64966
-0.68771
-0.49512
-0.22098
0.11783
0.25073
0.25284
0.15613
0.029724
-0.021759
0.012878
0.082886
0.060944
0.070404
-0.023376
-0.092773
-0.066528
0.017334
0.16275
0.29877
0.33411
0.25159
0.15717
0.03302
-0.04361
-0.16763
-0.34344
-0.83395
-1
-1
-1
-0.69308
-0.18643
0.34317
0.74548
0.87527
0.87448
0.76126
0.99649
0.81174
0.8934
0.6514
0.17307
-0.26202
-0.66669
-0.71664
-0.67831
-0.16785
0.12579
0.34271
0.42999
0.28143
0.12885
0.029602
0.089081
0.08194
0.11316
0.013641
-0.25174
-0.45535
-0.58032
-0.54749
-0.31989
-0.074371
0.11288
0.15289
0.089233
-0.025116
-0.091614
-0.060211
0.0065308
0.089722
0.11661
0.088013
0.031982
0.0075378
0.067169
0.1759
0.27298
0.33514
0.28345
0.14926
0.035034
-0.041565
-0.033051
-0.081238
-0.18878
-0.53949
-0.97684
-1
-1
-0.81418
-0.24435
0.15311
0.56961
0.66238
0.72275
0.56793
0.79153
0.80908
0.84766
0.85071
0.43909
0.06958
-0.40707
-0.57822
-0.68753
-0.43735
-0.13345
0.013763
0.16623
0.10202
0.020416
-0.044006
0.047028
0.13358
0.20306
0.2388
0.050049
-0.18585
-0.37625
-0.49493
-0.45172
-0.28558
-0.10034
-0.0048523
0.060394
0.0097961
-0.041077
-0.010132
0.052765
0.14517
0.22299
0.24332
0.16168
0.11877
0.068359
0.07782
0.14392
0.17807
0.19479
0.12128
0.032501
-0.035553
-0.042816
-0.011749
-0.089081
-0.13855
-0.52628
-0.8775
-0.89673
-1
-0.664
-0.23538
0.1492
0.47391
0.60312
0.66479
0.52173
0.78296
0.70386
0.78415
0.75278
0.42612
0.086975
-0.32889
-0.52225
-0.74649
-0.52789
-0.33456
-0.16937
0.040009
0.03833
-0.0016785
-0.045044
0.054565
0.1217
0.27191
0.38727
0.29248
0.1622
-0.035614
-0.23309
-0.33679
-0.3075
-0.23779
-0.17346
-0.091553
-0.1062
-0.13095
-0.12601
-0.076813
0.0012817
0.13806
0.2377
0.25726
0.26416
0.20325
0.14688
0.14175
0.14496
0.1311
0.14117
0.081482
-0.022491
-0.052826
-0.06723
-0.14081
-0.11673
-0.28433
-0.55765
-0.57901
-0.80768
-0.70901
-0.46835
-0.21387
0.086151
0.27933
0.45941
0.34668
0.49048
0.45474
0.47931
0.59369
0.54117
0.48761
0.27094
0.13306
-0.17517
-0.28888
-0.31592
-0.33893
-0.21716
-0.15656
-0.12512
-0.17657
-0.15167
-0.16327
-0.089478
0.094086
0.2103
0.34039
0.37485
0.31674
0.1723
0.038025
-0.059021
-0.14819
-0.15518
-0.17563
-0.22015
-0.28162
-0.31577
-0.33157
-0.26443
-0.12204
0.012878
0.15359
0.24603
0.27646
0.25815
0.24387
0.19717
0.14798
0.12979
0.088165
0.034332
-0.022919
-0.090668
-0.14148
-0.17126
-0.16299
-0.15384
-0.17413
-0.18045
-0.19376
-0.22391
-0.18961
-0.12579
-0.074524
0.0074463
0.039581
0.0050049
-0.035706
-0.050385
-0.050781
0.011932
0.1185
0.19717
0.25412
0.27695
0.26559
0.23557
0.23334
0.21484
0.19702
0.18509
0.12994
0.051788
-0.02655
-0.096191
-0.14191
-0.13504
-0.10971
-0.081696
-0.05304
-0.041443
-0.041443
-0.031921
-0.022522
-0.021027
-0.025024
-0.042358
-0.065948
-0.082062
-0.073975
-0.062683
-0.054688
-0.053345
-0.061371
-0.07843
-0.082245
-0.071625
-0.048523
-0.020996
-0.0016785
0.010162
0.0080872
-0.0010986
-0.012756
-0.012054
-0.0041504
0.0083618
0.020721
0.032288
0.041351
0.053162
0.072937
0.10376
0.14014
0.16064
0.16815
0.14349
0.095337
0.047272
-0.00067139
-0.037506
-0.059204
-0.086182
-0.11591
-0.13702
-0.15805
-0.1622
-0.14645
-0.11612
-0.078888
-0.047638
-0.037811
-0.044922
-0.049683
-0.058838
-0.054352
-0.025177
0.011078
0.049042
0.090851
0.11938
0.1452
0.18076
0.2001
0.20679
0.20471
0.18216
0.14615
0.11197
0.078278
0.040436
0.0099182
-0.028351
-0.069122
-0.098969
-0.11786
-0.12506
-0.11816
-0.10422
-0.095642
-0.081635
-0.075226
-0.078278
-0.086975
-0.087982
-0.083984
-0.081848
-0.072937
-0.069641
-0.058929
-0.042786
-0.013611
0.020691
0.053986
0.077728
0.082581
0.08316
0.071777
0.055756
0.040222
0.027069
0.014984
0.010437
0.016113
0.026215
0.045959
0.064087
0.075806
0.080688
0.081085
0.074097
0.055237
0.035919
0.014618
-0.01355
-0.040039
-0.071198
-0.098053
-0.10864
-0.10895
-0.096375
-0.074951
-0.062775
-0.054474
-0.048676
-0.046722
-0.042755
-0.03186
-0.018127
-0.0055847
0.013458
0.023987
0.028381
0.028625
0.026947
0.030548
0.03009
0.043427
0.053131
0.059906
0.060455
0.052643
0.045929
0.031799
0.022186
0.014404
0.0075989
-0.0017395
-0.0091248
-0.010712
-0.0097961
-0.003418
0.0097351
0.016571
0.015991
0.0097351
0.0041809
0.00045776
-0.0077209
-0.013824
-0.021576
-0.029053
-0.034729
-0.032898
-0.026184
-0.01474
-0.00067139
0.014343
0.02771
0.028015
0.018738
0.0094299
0.0029602
-0.0039062
-0.0061035
-0.0032043
-0.0045166
-0.0097351
-0.015198
-0.018982
-0.024414
-0.025574
-0.021484
-0.02182
-0.02771
-0.040741
-0.048126
-0.045929
-0.042664
-0.033051
-0.018677
-0.0034485
0.009552
0.024536
0.036652
0.04541
0.050415
0.053223
0.055176
0.053101
0.045441
0.035828
0.021973
0.012939
0.0081482
0.0011597
-0.00021362
-0.0048828
-0.0089722
-0.01413
-0.014496
-0.0071106
-0.0005188
0.0048218
0.0040894
0.0025024
-0.0027771
-0.0093689
-0.013367
-0.01532
-0.014282
-0.015839
-0.017365
-0.01944
-0.019806
-0.018494
-0.011993
-0.0061035
-0.0016174
0.003418
0.0021973
0.00061035
0.00061035
-0.0010071
-0.00036621
0.0055847
0.010468
0.012756
0.012299
0.010712
0.010345
0.010986
0.0098267
0.0074158
0.0027161
-0.0079346
-0.019501
-0.02652
-0.032135
-0.032959
-0.031036
-0.022827
-0.013367
-0.0068665
0.0012512
0.0093079
0.017761
0.030792
0.044067
0.057404
0.064545
0.059723
0.048798
0.031494
0.01825
0.0083313
0.0024719
-0.0013733
-0.0096741
-0.018738
-0.030182
-0.039825
-0.043793
-0.038452
-0.030731
-0.019653
-0.012024
-0.010376
-0.012451
-0.020599
-0.026459
-0.029022
-0.026245
-0.022491
-0.01413
-0.0077209
-0.0045166
-0.0026855
-0.0020142
0.0020752
0.0071411
0.015167
0.022461
0.02356
0.023071
0.02243
0.022461
0.026093
0.032196
0.038147
0.040222
0.036987
0.033936
0.028961
0.023682
0.019623
0.013153
0.0040588
-0.008606
-0.019775
-0.03067
-0.036163
-0.038422
-0.040497
-0.039978
-0.038086
-0.034454
-0.029358
-0.020721
-0.014557
-0.0089722
-0.0012817
0.0046997
0.0063782
0.0048828
0.0030518
0.0013123
-0.0022888
-0.001709
-0.0030518
-0.0053406
-0.0065918
-0.0089111
-0.0078735
-0.00354
0.0048828
0.014038
0.022552
0.025909
0.022919
0.022644
0.021851
0.026215
0.032257
0.034271
0.029785
0.021149
0.01236
-0.00085449
-0.008667
-0.011597
-0.0098572
-0.010437
-0.01355
-0.017487
-0.027832
-0.033752
-0.035858
-0.033813
-0.024048
-0.013092
-0.0043335
0.00177
