0.013092
0.0065613
-0.00082397
-0.0098267
-0.016632
-0.020966
-0.025452
-0.02832
-0.030945
-0.032562
-0.033173
-0.032257
-0.030182
-0.027802
-0.024933
-0.02243
-0.01889
-0.015198
-0.012329
-0.011322
-0.010529
-0.0091248
-0.0068054
-0.0042725
-0.0021057
-0.00091553
0.00042725
0.0016174
0.0012817
0.0022888
0.0026245
0.0021973
0.0021973
0.0010681
-0.00079346
-0.00054932
0.0018921
0.0030212
0.0030518
0.0031738
0.005249
0.0084229
0.0084229
0.008728
0.0090027
0.01059
0.012939
0.014374
0.016235
0.019348
0.020355
0.021729
0.02301
0.021729
0.020172
0.019165
0.013458
0.0083618
0.0038147
-0.0022278
-0.0069885
-0.011414
-0.015411
-0.019135
-0.023621
-0.024048
-0.024597
-0.024902
-0.023102
-0.020172
-0.013824
-0.0082397
-0.0029602
0.00177
0.0050659
0.0085144
0.010803
0.012939
0.012177
0.0095825
0.0073853
0.0038757
-0.00045776
-0.0068054
-0.013245
-0.01947
-0.025269
-0.030121
-0.036163
-0.040039
-0.041992
-0.04184
-0.037292
-0.034973
-0.027313
-0.016541
-0.0028992
0.010468
0.026611
0.043121
0.060059
0.074585
0.087463
0.094482
0.098145
0.096436
0.092377
0.084778
0.072571
0.055725
0.03479
0.015198
-0.0036926
-0.021454
-0.037842
-0.052643
-0.062988
-0.070374
-0.075287
-0.076416
-0.074707
-0.07193
-0.06601
-0.058655
-0.051758
-0.042786
-0.032318
-0.021332
-0.01178
-0.0042725
0.0026245
0.0078735
0.011169
0.014313
0.014679
0.014984
0.014374
0.012146
0.0091553
0.0086365
0.0075989
0.0050049
0.0013733
-0.00076294
-0.0014648
-0.0022888
-0.0019836
-0.00012207
0.0010071
0.001709
0.0029907
0.0046082
0.0091248
0.011841
0.014038
0.018219
0.023346
0.026825
0.030273
0.032837
0.033051
0.031219
0.030365
0.029053
0.027374
0.024048
0.019135
0.013031
0.0081177
0.0027771
-0.0013428
-0.0060425
-0.0093384
-0.018677
-0.024048
-0.024231
-0.027863
-0.036957
-0.035614
-0.032257
-0.03476
-0.035156
-0.031281
-0.028076
-0.028534
-0.024841
-0.023346
-0.024506
-0.025024
-0.02771
-0.036591
-0.034241
-0.043121
-0.038696
-0.04425
-0.038879
-0.031006
-0.015228
-0.0016785
0.020691
0.04007
0.063812
0.088989
0.10742
0.1243
0.13382
0.13565
0.13364
0.12579
0.11148
0.089569
0.062866
0.035797
0.0097351
-0.019165
-0.042816
-0.063019
-0.08252
-0.094238
-0.097534
-0.096313
-0.093597
-0.086029
-0.075256
-0.061279
-0.0495
-0.036987
-0.025299
-0.015656
-0.007843
-0.0018921
-0.00021362
0.0019226
0.0023804
0.00033569
-0.0039062
-0.0058899
-0.0049744
-0.0084839
-0.012024
-0.0065613
-0.0047607
-0.006012
-0.0017395
0.0014343
0.0025635
0.0075073
0.011993
0.013855
0.021057
0.025452
0.033508
0.031464
0.033447
0.035278
0.022522
0.013031
0.023926
-0.0046997
-0.0271
0.030212
0.04071
0.0038452
0.045776
0.099335
0.062347
0.065704
0.09314
0.0625
0.022034
0.035095
0.0010071
-0.057312
-0.060028
-0.069397
-0.11234
-0.10428
-0.10049
-0.12854
-0.12207
-0.10855
-0.13937
-0.14307
-0.12201
-0.14618
-0.11658
-0.10242
-0.084717
-0.053802
0.0046082
0.039642
0.098267
0.14355
0.19827
0.2359
0.27002
0.289
0.29181
0.27075
0.2532
0.20804
0.15631
0.099854
0.041443
-0.019714
-0.074371
-0.1279
-0.16095
-0.18954
-0.2099
-0.20886
-0.19452
-0.18115
-0.15152
-0.12192
-0.095337
-0.057831
-0.031006
-0.0020447
0.025116
0.034424
0.049469
0.063599
0.060699
0.054504
0.051392
0.036987
0.017914
0.0015259
-0.014343
-0.030731
-0.049316
-0.050873
-0.05368
-0.058105
-0.046387
-0.031647
-0.017883
0.012848
0.036041
0.056702
0.086334
0.10388
0.11078
0.12332
0.12775
0.11325
0.092407
0.086182
0.047394
0.010529
0.0013428
-0.031982
-0.072296
-0.069794
-0.086365
-0.11053
-0.098175
-0.10266
-0.13199
-0.11414
-0.11658
-0.14407
-0.15619
-0.12537
-0.17905
-0.15155
-0.12216
-0.13321
-0.092285
-0.025726
0.0084839
0.077698
0.14975
0.19974
0.27374
0.31711
0.34625
0.3732
0.36276
0.33542
0.30249
0.25061
0.17245
0.10046
0.028503
-0.043121
-0.11768
-0.17441
-0.20865
-0.24759
-0.27225
-0.26672
-0.25555
-0.24329
-0.20941
-0.17297
-0.13556
-0.09967
-0.058044
-0.026428
0.0019836
0.024628
0.048798
0.065796
0.074371
0.079681
0.076996
0.060608
0.055389
0.039001
-0.0043945
-0.022583
-0.013733
-0.032593
-0.044556
-0.024689
0.0030823
-0.0020447
0.014832
0.040466
0.050171
0.029022
0.04657
0.098694
0.11514
0.096863
0.13406
0.18082
0.16217
0.12589
0.12845
0.086212
0.029205
-0.022461
-0.078552
-0.2016
-0.28201
-0.32379
-0.38828
-0.53958
-0.55978
-0.45624
-0.45157
-0.27701
-0.17087
0.060455
0.3075
0.52963
0.63062
0.77679
0.73169
0.66501
0.5704
0.37598
0.081909
-0.13043
-0.28448
-0.41272
-0.47467
-0.45239
-0.38589
-0.24612
-0.069733
0.12573
0.22818
0.28668
0.34827
0.34668
0.23917
0.12601
-0.037872
-0.1712
-0.26413
-0.33249
-0.36975
-0.36969
-0.29013
-0.13663
-0.034027
0.037476
0.12946
0.19983
0.20361
0.17511
0.10233
0.017487
-0.066162
-0.11658
-0.16522
-0.20221
-0.18454
-0.088776
-0.0076904
0.072479
0.15982
0.23618
0.27631
0.29257
0.28006
0.22351
0.1445
0.08606
0.039948
-0.024963
-0.080933
-0.10989
-0.13116
-0.18994
-0.2627
-0.27493
-0.38806
-0.50421
-0.52432
-0.66037
-0.48138
-0.37509
-0.24991
-0.052856
0.28864
0.52478
0.76556
0.8139
0.84216
0.80307
0.66235
0.39276
0.14948
-0.13708
-0.33887
-0.4209
-0.4119
-0.39532
-0.24408
-0.096008
0.13199
0.30295
0.3696
0.3544
0.28763
0.19608
0.024048
-0.15063
-0.29822
-0.44043
-0.47861
-0.41541
-0.33862
-0.2374
-0.083252
0.068604
0.19815
0.25797
0.24991
0.21161
0.10431
-0.033295
-0.14282
-0.25858
-0.36191
-0.37381
-0.32489
-0.24243
-0.10049
0.072937
0.23682
0.36722
0.44452
0.48792
0.46655
0.38364
0.28366
0.16165
0.059326
-0.023712
-0.066864
-0.085114
-0.079498
-0.11548
-0.14301
-0.11771
-0.18948
-0.40027
-0.52457
-0.62552
-0.82129
-0.59488
-0.59409
-0.46588
-0.17062
0.26663
0.49615
0.80743
0.83853
0.90912
0.88751
0.69928
0.32843
0.083008
-0.2536
-0.42429
-0.43637
-0.4201
-0.37039
-0.13806
0.069366
0.32324
0.47913
0.48413
0.40759
0.36615
0.19315
-0.069489
-0.23798
-0.42593
-0.50562
-0.49713
-0.40445
-0.33542
-0.15826
0.015289
0.1944
0.27148
0.28629
0.24789
0.17664
0.020782
-0.17963
-0.30264
-0.3775
-0.44611
-0.43982
-0.33679
-0.15076
0.033051
0.20364
0.34927
0.47339
0.52374
0.49716
0.40588
0.29843
0.17664
0.090485
0.017059
-0.065399
-0.084412
-0.074493
-0.13589
-0.13046
-0.19769
-0.43088
-0.55338
-0.64133
-0.82587
-0.64844
-0.58841
-0.42831
-0.1058
0.32504
0.54678
0.84433
0.91727
0.93387
0.85284
0.61606
0.19745
-0.062714
-0.36325
-0.56085
-0.55792
-0.4762
-0.40149
-0.098541
0.17136
0.40982
0.55881
0.55438
0.47879
0.39532
0.1864
-0.11261
-0.36581
-0.47049
-0.48062
-0.47513
-0.43945
-0.27637
-0.013153
0.18277
0.28259
0.33661
0.36597
0.30847
0.16925
-0.0078735
-0.24841
-0.43652
-0.45883
-0.46219
-0.44922
-0.31702
-0.11127
0.12381
0.30298
0.3851
0.45508
0.48407
0.4184
0.31778
0.19638
0.076599
-0.0049133
-0.038574
-0.060577
-0.10147
-0.1597
-0.13992
-0.30417
-0.48938
-0.59775
-0.85086
-0.75446
-0.59738
-0.54916
-0.30093
0.17587
0.50821
0.83731
0.99469
0.97513
0.97168
0.81357
0.38196
0.024384
-0.2829
-0.54999
-0.59665
-0.53229
-0.52405
-0.26358
0.048798
0.34094
0.55597
0.58557
0.52182
0.47089
0.29205
-0.014954
-0.34634
-0.5271
-0.51239
-0.52536
-0.53616
-0.41553
-0.15247
0.12018
0.284
0.31937
0.3512
0.37366
0.26904
0.090668
-0.11066
-0.2944
-0.42563
-0.42227
-0.40503
-0.33505
-0.15115
0.059875
0.27643
0.41885
0.44705
0.46155
0.44571
0.35379
0.23688
0.10666
-0.011292
-0.04657
-0.080475
-0.13193
-0.19849
-0.38217
-0.51837
-0.54614
-0.87668
-0.90012
-0.68814
-0.58243
-0.37363
0.049286
0.37692
0.79269
0.99997
0.99997
0.99997
0.92413
0.51147
0.15204
-0.19592
-0.54422
-0.65839
-0.56799
-0.56744
-0.34335
-0.016998
0.26312
0.5495
0.69699
0.62802
0.55176
0.37762
0.056458
-0.21591
-0.52005
-0.72745
-0.7149
-0.64481
-0.57645
-0.3414
-0.032013
0.21683
0.42932
0.49966
0.46286
0.37732
0.21445
-0.025421
-0.26416
-0.46991
-0.5108
-0.44772
-0.30618
-0.13229
0.09021
0.33704
0.53632
0.59274
0.56635
0.48151
0.35941
0.25644
0.13013
-0.055695
-0.15717
-0.18576
-0.13104
-0.28107
-0.58884
-0.60803
-0.81842
-0.87601
-0.73825
-0.74136
-0.57898
-0.057373
0.29932
0.62418
0.91446
0.99353
0.99997
0.99649
0.57535
0.14215
-0.19272
-0.4801
-0.6727
-0.59564
-0.60208
-0.41901
-0.034546
0.32507
0.59097
0.74915
0.76266
0.7236
0.59622
0.28268
-0.10858
-0.47659
-0.57706
-0.63028
-0.70334
-0.6814
-0.41263
-0.11026
0.16367
0.30704
0.35831
0.37231
0.32327
0.15274
-0.12094
-0.39322
-0.50275
-0.47415
-0.40894
-0.31845
-0.1167
0.13126
0.38577
0.52448
0.54318
0.52991
0.49051
0.41309
0.33365
0.16718
-0.057587
-0.15262
-0.084015
-0.33197
-0.62839
-0.7525
-0.94794
-0.83408
-0.65634
-0.68484
-0.44666
0.1272
0.51242
0.8316
0.99515
0.97519
0.99997
0.88312
0.4137
-0.036865
-0.43076
-0.71609
-0.75211
-0.73236
-0.69394
-0.3924
0.0077515
0.36389
0.65497
0.75067
0.70963
0.70688
0.57199
0.26453
-0.10205
-0.41818
-0.55594
-0.52988
-0.52753
-0.52557
-0.31519
-0.015717
0.20624
0.33231
0.31989
0.27481
0.20517
0.081635
-0.13998
-0.31876
-0.36084
-0.30359
-0.2287
-0.13998
-0.049774
0.078949
0.2052
0.25955
0.25684
0.2597
0.27271
0.30246
0.27737
0.11731
0.023743
-0.068298
-0.47031
-0.78278
-0.95209
-0.89905
-0.89786
-0.79993
-0.48981
0.07193
0.52197
0.89917
0.99997
0.99997
0.99997
0.99109
0.6297
0.19424
-0.30936
-0.63699
-0.84872
-0.88815
-0.81
-0.67682
-0.35193
0.12903
0.46414
0.63242
0.69394
0.68875
0.63205
0.42841
0.057068
-0.23801
-0.41577
-0.51501
-0.52939
-0.47903
-0.35172
-0.17322
0.018188
0.15192
0.2019
0.20551
0.18698
0.13245
0.061157
-0.0054932
-0.045929
-0.0097656
0.00039673
-0.018799
-0.0049133
0.0083008
0.016174
0.02829
0.02478
0.057739
0.142
0.14639
0.14835
0.12161
-0.1048
-0.29886
-0.59491
-0.83453
-0.84451
-0.89133
-0.84137
-0.52338
-0.10684
0.35562
0.72717
0.9469
0.99997
0.99997
0.99997
0.77774
0.46231
0.093262
-0.26282
-0.40738
-0.45166
-0.5542
-0.58511
-0.4259
-0.18994
-0.022003
0.0867
0.16006
0.24466
0.2767
0.25223
0.17929
0.053131
-0.070465
-0.092102
-0.10312
-0.17206
-0.20508
-0.16687
-0.12985
-0.091461
-0.066589
-0.070221
-0.034637
0.0017395
0.039673
0.081635
0.11432
0.12411
0.13364
0.13336
0.087799
0.047058
-0.020264
-0.055084
-0.072235
-0.085297
-0.074463
-0.027985
0.03244
0.0084534
0.052704
-0.10736
-0.44958
-0.45239
-0.41269
-0.51617
-0.52505
-0.41199
-0.14758
0.14728
0.30627
0.50632
0.6882
0.63461
0.61945
0.6376
0.461
0.2009
0.1015
0.10394
0.045624
-0.046112
-0.1326
-0.16928
-0.18924
-0.19708
-0.21512
-0.27979
-0.29535
-0.2131
-0.11523
-0.077667
-0.06601
0.019775
0.11053
0.13321
0.1402
0.14301
0.10501
0.071228
0.032623
-0.053711
-0.12167
-0.17136
-0.19336
-0.16516
-0.11838
-0.04071
0.049835
0.10803
0.14767
0.15115
0.12854
0.10989
0.057648
-0.026611
-0.04657
-0.059113
-0.080627
-0.096863
-0.07901
-0.036835
-0.02243
0.0112
0.099731
0.077148
-0.072601
-0.10803
-0.14093
-0.23328
-0.28699
-0.30051
-0.23837
-0.17062
-0.10049
0.056763
0.20227
0.22232
0.28146
0.37585
0.37442
0.33032
0.28616
0.25366
0.20831
0.16089
0.08139
0.033752
-0.023499
-0.076721
-0.088989
-0.11804
-0.16336
-0.19586
-0.18829
-0.18005
-0.17413
-0.1106
-0.056763
-0.044708
0.0035095
0.062653
0.06311
0.030334
-0.0014648
-0.017365
-0.045532
-0.069916
-0.063293
-0.073547
-0.064789
0.00354
0.012665
0.04599
0.086487
0.049561
0.041779
0.044434
0.0336
0.010498
-0.034912
-0.045654
0.00042725
-0.0050354
-0.035675
0.018097
0.044769
0.062683
0.077911
0.035065
0.1084
0.090912
0.018799
0.014526
-0.045898
-0.11469
-0.13681
-0.15518
-0.12988
-0.15851
-0.1485
-0.081787
-0.054901
-0.0099792
0.035309
0.025848
0.033813
0.064819
0.086243
0.075012
0.081848
0.088959
0.098907
0.10403
0.10284
0.076569
0.081116
0.079407
0.072327
0.046875
0.019409
0.018799
0.0054626
0.0040894
-0.022003
-0.059631
-0.067719
-0.054443
-0.042389
-0.055115
-0.049683
-0.037598
-0.041107
-0.039948
-0.0064087
-0.01181
-0.033691
-0.030792
-0.045074
-0.037964
-0.034241
-0.027466
-0.002594
0.0017395
0.013977
0.051392
0.013519
0.019653
0.08844
0.046234
-0.0021667
0.041962
0.01944
-0.017365
0.016479
-0.0031738
-0.040833
-0.011871
-0.0095215
-0.037842
-0.011047
0.025482
-0.013397
-0.037476
-0.033142
-0.011292
-0.035217
-0.040344
-0.025238
0.0046997
-0.016754
-0.037292
-0.025482
-0.015411
-0.022583
-0.017242
-0.0088501
0.0058289
0.0018311
0.005127
0.045074
0.027405
0.0032349
0.035492
0.043243
0.029022
0.039581
0.049683
0.030762
0.069824
0.050812
0.026428
0.041504
0.041382
0.002655
0.017944
0.021149
0.014374
-0.024078
-0.048279
-0.016785
-0.012054
-0.047638
-0.06665
-0.045837
-0.030609
-0.0085449
-0.012451
0.0042114
0.035187
0.028778
0.026123
0.030914
0.03363
0.018158
-0.030884
-0.011017
0.0010376
-0.047424
-0.037506
0.024109
0.016083
-0.01236
0.028107
0.02887
-0.0010681
0.0098267
0.0050354
-0.038483
-0.044098
-0.028931
-0.025452
-0.039429
-0.028809
-0.0071411
-0.034088
-0.027679
-0.017944
-0.049286
0.00048828
0.0073853
-0.030396
-0.020294
0.012604
0.0057678
-0.017761
0.0053711
0.02478
0.004425
0.01767
0.046478
0.048859
0.032501
0.034607
0.051361
0.045563
-0.00018311
0.018768
0.019043
0.0031128
0.016815
-0.010468
-0.037476
-0.05304
-0.0039673
-0.020782
-0.066162
-0.028473
0.019562
0.015259
-0.0095215
0.016235
0.016632
0.032379
0.038055
0.0099182
0.010498
0.01059
-0.008728
0.010834
-0.0068054
-0.0063477
0.033295
0.0090637
0.02713
0.071808
0.031006
0.0013733
0.022827
0.0089722
-0.0053711
-0.014038
-0.016388
-0.029968
-0.021271
-0.026672
-0.046051
-0.045837
-0.034454
-0.026367
-0.03067
-0.020264
-0.021973
-0.004425
0.0033264
-0.0075073
-0.0014343
0.0044861
-0.032928
-0.041046
-0.011932
-0.014435
0.0013123
-0.0054016
-0.0010071
0.040161
0.047272
0.011871
0.027466
0.046936
0.041656
0.039215
0.015625
-0.03418
-0.0159
-0.0060425
-0.047943
-0.056244
-0.033386
-0.012909
-0.0089722
0.0019531
0.020203
0.020203
0.021271
0.014465
0.029236
0.038483
0.0024109
-0.0057068
0.020111
0.00067139
-0.034943
-0.02121
0.010315
-0.0036316
0.010742
0.061401
0.038086
0.036865
0.050751
0.063812
0.042694
0.013092
0.018372
-0.0030518
-0.034454
-0.032562
-0.043335
-0.061249
-0.056671
-0.026672
-0.018799
-0.012848
0.0018005
0.019318
-0.0047302
0.00177
0.0041199
-0.029846
-0.037415
-0.034973
-0.0072327
-0.017792
-0.033081
-0.016449
-0.011475
-0.006958
-0.022644
-0.0042725
-0.00076294
-0.0092773
0.026367
0.025726
0.020996
0.014496
0.040802
0.0081787
-0.00030518
-0.0074158
-0.0050049
0.0081177
-0.0052185
0.01236
0.015961
0.005188
0.018799
0.033295
0.0013428
0.016907
0.030792
-0.012756
0.0083313
0.028961
-0.0046082
-0.026733
0.013885
-0.018341
-0.034271
0.0037231
0.0010986
-0.0088806
0.02005
0.013489
-0.016296
0.006012
0.025574
-0.027008
-0.018188
0.0023804
-0.0021667
-0.012665
-0.031097
-0.014038
0.019409
-0.0015564
0.0088196
0.032135
0.037628
0.010223
0.015594
0.019592
-0.013153
-0.01236
-0.0036316
-0.0076294
-0.025055
-0.016724
0
-0.032867
-0.011841
-0.011292
-0.031189
-0.013458
-0.010651
0.010406
-0.0044556
-0.011292
0.0041504
-0.0062561
-0.0035095
0.013184
-0.0091858
0.0048218
0.014404
-0.0053406
-0.0014648
0.0077209
0.0045471
-0.0092468
0.011108
