0.00024414
0.00018311
-0.00021362
0.00064087
0.0014038
-0.00045776
-0.00085449
0.00018311
0.00076294
0.00015259
-0.0011902
3.0518e-05
0.00054932
-0.00012207
0.00033569
0.0014343
0.0022278
0.0018005
0.0011292
0.00088501
0.00067139
0.0010376
0.00024414
-0.00045776
-0.0007019
-0.00082397
-0.00054932
-0.0007019
-0.0011292
-0.0016785
-0.0012207
-0.00048828
-0.0005188
-0.0012207
-0.0015259
-0.0014648
-0.00085449
-0.00012207
0.00012207
-3.0518e-05
0.00021362
0.00045776
-0.00027466
-0.00012207
0.00018311
0.00064087
0.0011902
0.00079346
0.00082397
0.00036621
-0.00021362
-6.1035e-05
0.00076294
0.0010681
0.00036621
-0.00042725
-0.0010376
-0.0011902
-0.00088501
0.00012207
0.00064087
0.00012207
-0.00076294
-0.00042725
0.00045776
-6.1035e-05
-0.00076294
0.00045776
0.0013123
0.00085449
0.0015564
-0.00012207
-0.00076294
-0.00012207
9.1553e-05
-0.00048828
-0.00015259
0.0014343
0
-0.00057983
9.1553e-05
0.0020752
0.0010681
-0.00027466
0.00079346
0.00064087
-0.0007019
-0.0022278
0.0020142
0.00021362
-0.0011597
-6.1035e-05
-0.00027466
0.0032349
-0.0020142
-0.0038147
-0.0039062
0.019928
-0.034943
-0.022827
0.081726
-0.074005
0.02124
0.040527
-0.057556
0.05307
-0.029297
0.0112
0.0095215
-0.017517
0.019531
-0.016968
0.0073547
-0.019165
0.0047913
0.019928
-0.078674
0.053711
0.034241
-0.092529
0.088257
-0.034149
-0.0022583
0.038605
-0.039185
0.043823
-0.018951
0.012665
-0.0061646
-0.0029602
0.0048828
-0.014282
0.024261
-0.091644
0.052185
0.059814
-0.084259
0.070099
-0.0070496
-0.017334
0.023071
-0.024597
0.021759
-0.010773
0.023987
-0.058807
-0.0466
0.10715
-0.056885
-0.0030212
0.04892
-0.044098
0.020996
0.025177
-0.0016174
0.0019531
0.003418
-0.016876
0.00091553
-0.00024414
-0.040527
-0.040985
0.010468
0.023621
-0.02533
0.015686
-6.1035e-05
0.02066
0.027466
-0.01416
0.012451
-0.0030823
-0.004303
-0.0039673
0.0018616
-0.012268
-0.024658
-0.019012
-0.014008
-0.0023499
0.0062256
0.014801
0.0052795
0.024261
0.017487
-0.020142
0.015472
0.026337
0.039734
0.082825
0.072601
0.078979
0.081238
0.078247
0.022614
-0.054535
-0.10934
-0.17899
-0.19043
-0.16043
-0.11115
-0.11084
-0.075592
-0.066498
-0.058838
0.012756
0.096375
0.14191
0.17831
0.164
0.095428
0.049133
0.036499
0.01712
0.032806
0.039307
0.009491
-0.023376
-0.030914
-0.033325
-0.016571
0.020782
0.033173
0.027924
0.026093
0.0095825
-0.0026245
0.0031433
-0.013214
-0.04715
-0.067871
-0.11163
-0.12155
-0.089111
-0.059082
-0.040405
-0.011993
0.0061646
0.0073242
0.030273
0.052765
0.067139
0.10068
0.10757
0.097107
0.093933
0.085358
0.059875
0.055115
0.060089
0.033051
0.045502
0.047882
0.04541
0.062469
0.19113
0.08078
-0.33826
-0.41132
-0.63498
-0.74561
-0.46033
-0.18842
-0.15485
0.060425
0.1344
0.045288
0.26379
0.51721
0.54822
0.62585
0.57837
0.16068
-0.084167
-0.17819
-0.27368
-0.22919
-0.027618
-0.071808
-0.11426
-0.011597
-0.022217
0.046448
0.24976
0.29709
0.1814
0.14926
-0.026978
-0.20654
-0.18726
-0.1626
-0.19785
-0.12204
-0.10287
-0.16739
-0.085358
0.024719
0.064941
0.15616
0.16397
0.035278
-0.050629
-0.092255
-0.18384
-0.13962
-0.026123
-0.0018005
0.061981
0.13831
0.10492
0.11221
0.14468
0.094513
0.071381
0.087769
0.047089
0.08075
0.14783
0.1701
0.23392
0.36423
-0.164
-0.53796
-0.62558
-0.98911
-0.81262
-0.3298
-0.16742
-0.076202
0.22498
0.093628
0.14529
0.55319
0.71597
0.71213
0.77618
0.3642
-0.20047
-0.34982
-0.45258
-0.46411
-0.1431
0.05896
-0.044281
0.063568
0.12534
0.09024
0.28546
0.44894
0.30112
0.15948
0.008606
-0.31476
-0.4006
-0.2908
-0.26663
-0.16489
0.00091553
-0.036865
-0.035217
0.097931
0.13223
0.17017
0.24936
0.12552
-0.11066
-0.23196
-0.31851
-0.35544
-0.17032
0.0058594
0.079285
0.20358
0.22235
0.14062
0.14185
0.10873
0.030792
0.033142
0.0097961
-0.03772
0.016174
0.076172
0.15182
0.24658
0.39526
0.45068
-0.19046
-0.47046
-0.70352
-1
-0.8168
-0.36426
-0.25388
-0.016174
0.27313
0.10092
0.28534
0.67792
0.72461
0.75854
0.75876
0.19772
-0.31104
-0.46243
-0.61234
-0.53601
-0.10983
0.073242
0.058624
0.25284
0.22479
0.16693
0.36945
0.43491
0.24698
0.15424
-0.071716
-0.44208
-0.46716
-0.36945
-0.32422
-0.083496
0.10703
0.050049
0.094635
0.15924
0.093781
0.13367
0.16357
-0.066681
-0.23517
-0.29071
-0.40948
-0.27988
0.019714
0.14209
0.28711
0.3732
0.21942
0.13669
0.11536
0.01474
0.034027
0.12076
0.11163
0.15948
0.21811
0.34058
-0.17191
-0.55774
-0.60455
-1
-0.83142
-0.3165
-0.14529
0.014374
0.35464
0.1618
0.14285
0.4967
0.56195
0.58633
0.74203
0.36166
-0.16711
-0.33017
-0.5394
-0.55804
-0.17123
0.13907
0.15738
0.33875
0.28986
0.068573
0.12976
0.19965
0.096375
0.094666
0.036194
-0.29758
-0.40631
-0.35022
-0.32275
-0.093231
0.2023
0.21738
0.21796
0.20618
0.028778
-0.071503
-0.034668
-0.10391
-0.21683
-0.20236
-0.28296
-0.26987
-0.023651
0.14429
0.29016
0.42163
0.31137
0.15469
0.062378
-0.0672
-0.065063
0.039795
0.093597
0.18729
0.20529
0.23944
0.18784
-0.41785
-0.56509
-0.7692
-0.9874
-0.64026
-0.27753
-0.12555
0.17252
0.37164
0.18796
0.38504
0.56125
0.53931
0.62122
0.58823
0.11633
-0.19717
-0.36847
-0.52103
-0.33566
-0.018768
0.11987
0.2124
0.31519
0.094727
0.014587
0.084229
0.025909
0.00064087
0.065155
-0.074463
-0.23419
-0.2124
-0.25546
-0.18265
0.053131
0.15417
0.18774
0.21451
0.070221
-0.11206
-0.14178
-0.1601
-0.151
-0.021729
0.043152
0.043182
0.11743
0.11676
0.10468
0.14703
0.13358
0.09494
0.073517
0.013489
-0.0071411
0.0015869
0.10107
0.26288
-0.15799
-0.49908
-0.67319
-1
-0.81689
-0.29398
0.015106
0.35016
0.6095
0.31882
0.19202
0.30408
0.25507
0.37479
0.54129
0.26306
-0.094177
-0.25192
-0.49353
-0.3811
0.049438
0.30191
0.46649
0.55307
0.26547
-0.06897
-0.16147
-0.27777
-0.23563
-0.048157
-0.027527
-0.12878
-0.13089
-0.20093
-0.21756
0.017761
0.14474
0.19363
0.2095
0.040436
-0.16068
-0.2099
-0.19522
-0.079742
0.12473
0.1973
0.18683
0.16406
0.058746
0.0077209
0.063202
0.10068
0.15549
0.21368
0.17065
0.083557
0.20413
-0.18967
-0.66733
-0.6843
-1
-0.94897
-0.41885
-0.11304
0.16089
0.57104
0.44809
0.27252
0.45605
0.35388
0.3559
0.51904
0.32321
-0.095001
-0.23706
-0.49527
-0.5304
-0.088776
0.2236
0.4722
0.68375
0.51529
0.11029
-0.05658
-0.24759
-0.30844
-0.10135
-0.019745
-0.081604
-0.081512
-0.18292
-0.30511
-0.13409
0.016968
0.09491
0.2092
0.11841
-0.11389
-0.20139
-0.22684
-0.16885
0.073944
0.20551
0.19745
0.18735
0.068817
-0.029602
0.045685
0.1282
0.21667
0.3457
0.27765
0.24149
0.13498
-0.53522
-0.77377
-0.94159
-1
-0.66187
-0.19537
0.065765
0.4014
0.5596
0.26477
0.31415
0.36865
0.2821
0.4108
0.43719
0.089203
-0.16364
-0.30984
-0.49814
-0.25626
0.1394
0.36435
0.56873
0.60196
0.23477
-0.057678
-0.22083
-0.38486
-0.27094
-0.048065
-0.0072937
0.017883
0.0078125
-0.17072
-0.17896
-0.026062
0.028137
0.16196
0.21088
0.023163
-0.10742
-0.17691
-0.23376
-0.064117
0.10663
0.13834
0.17722
0.10901
-0.023743
-0.017609
0.029846
0.10559
0.27399
0.31674
0.38089
0.1015
-0.5621
-0.79178
-1
-1
-0.56155
-0.10208
0.28168
0.61856
0.53952
0.24612
0.29306
0.23093
0.27417
0.47995
0.38492
0.050568
-0.18436
-0.46198
-0.54697
-0.19366
0.20404
0.52426
0.77838
0.66068
0.2373
-0.062592
-0.34613
-0.45898
-0.28033
-0.088409
-0.013641
0.040558
-0.070587
-0.2359
-0.20148
-0.13245
0.0074768
0.18256
0.20035
0.096649
-0.0089722
-0.1449
-0.15445
-0.03067
0.068207
0.17422
0.21082
0.12457
0.043945
0.017212
0.028839
0.15756
0.24957
0.36157
0.16077
-0.5192
-0.79373
-1
-1
-0.64536
-0.14148
0.31412
0.70865
0.63004
0.27679
0.26407
0.1553
0.18539
0.457
0.43362
0.15338
-0.065643
-0.41776
-0.5864
-0.2674
0.096619
0.46051
0.80331
0.71118
0.30902
-0.013733
-0.36411
-0.49619
-0.26871
-0.057373
0.055756
0.14603
-0.027527
-0.25037
-0.24808
-0.22617
-0.070068
0.16016
0.18793
0.11423
0.029663
-0.1413
-0.18576
-0.050781
0.032745
0.15195
0.21878
0.12473
0.042511
0.011871
-0.013397
0.12341
0.27591
0.35532
0.3797
-0.25211
-0.67285
-1
-1
-0.89645
-0.36157
0.091095
0.53
0.69098
0.36404
0.25925
0.20233
0.12048
0.34396
0.4718
0.25293
0.025513
-0.25864
-0.57062
-0.40897
-0.031189
0.32498
0.73465
0.85205
0.50583
0.13931
-0.2341
-0.522
-0.41751
-0.16586
-0.0065002
0.14001
0.092987
-0.16125
-0.25269
-0.25351
-0.1756
0.060822
0.19058
0.14218
0.071838
-0.081421
-0.2179
-0.12042
-0.0022583
0.1261
0.26099
0.21408
0.099304
0.042786
-0.028992
0.025238
0.23187
0.30994
0.41687
-0.024841
-0.58591
-0.90372
-1
-1
-0.53891
-0.02533
0.44943
0.74472
0.51587
0.2843
0.21768
0.095276
0.2341
0.45163
0.34683
0.12241
-0.14706
-0.50262
-0.53748
-0.22656
0.15765
0.58536
0.88464
0.70129
0.32983
-0.064972
-0.44608
-0.5105
-0.29498
-0.084717
0.088348
0.14261
-0.07016
-0.23615
-0.26852
-0.24329
-0.024872
0.19379
0.20541
0.14136
-0.0021362
-0.21811
-0.21255
-0.094299
0.026947
0.21207
0.25903
0.15189
0.067566
-0.022614
-0.040833
0.10077
0.26605
0.32141
0.45657
0.044983
-0.55655
-0.79886
-1
-1
-0.57034
-0.13992
0.28165
0.65582
0.48383
0.26154
0.26904
0.13184
0.21008
0.47141
0.3847
0.16785
-0.029266
-0.41611
-0.52612
-0.2728
0.018066
0.40762
0.77792
0.67923
0.39432
0.07785
-0.31448
-0.45346
-0.29907
-0.14172
0.024963
0.14035
-0.021332
-0.19638
-0.26181
-0.28726
-0.14908
0.086426
0.19278
0.19882
0.11545
-0.090546
-0.1853
-0.15353
-0.070374
0.088898
0.19235
0.17032
0.12054
0.062531
0.010315
0.066254
0.1821
0.27753
0.39157
0.25381
-0.33179
-0.64557
-1
-1
-0.8049
-0.3613
0.075012
0.53146
0.6033
0.38037
0.34067
0.21097
0.17459
0.38986
0.43115
0.24988
0.095032
-0.25156
-0.51468
-0.41266
-0.17023
0.16776
0.60333
0.69965
0.51318
0.27029
-0.11923
-0.3779
-0.35281
-0.22937
-0.077362
0.10504
0.057678
-0.10587
-0.22293
-0.31491
-0.26904
-0.053894
0.13083
0.23022
0.24738
0.077026
-0.096558
-0.1698
-0.18066
-0.07077
0.089569
0.15985
0.16873
0.13123
0.035339
0.005249
0.052979
0.10318
0.2164
0.31277
0.31781
0.0057678
-0.4404
-0.73248
-1
-1
-0.65042
-0.28961
0.16342
0.49097
0.46832
0.40985
0.38046
0.27023
0.34067
0.46423
0.38391
0.25464
0.032196
-0.30402
-0.42502
-0.34937
-0.17413
0.1557
0.47482
0.52289
0.42395
0.2186
-0.11108
-0.27078
-0.26685
-0.21457
-0.066895
0.041168
-0.041199
-0.14258
-0.22369
-0.28415
-0.17679
0.020325
0.14105
0.22733
0.19717
0.016571
-0.11124
-0.18698
-0.19269
-0.054657
0.10486
0.18732
0.23123
0.17004
0.049347
-0.0037842
-0.011902
0.03302
0.14236
0.23871
0.27316
0.20178
-0.21832
-0.52917
-0.83365
-1
-0.8338
-0.51294
-0.14188
0.27509
0.48373
0.43262
0.44153
0.38651
0.33484
0.45001
0.49088
0.38065
0.24875
-0.037628
-0.33609
-0.43796
-0.39511
-0.21793
0.1362
0.39621
0.42953
0.38629
0.15845
-0.11026
-0.21136
-0.23724
-0.18668
-0.043304
-0.0018005
-0.058563
-0.10464
-0.19095
-0.22415
-0.12891
-0.022919
0.077362
0.16498
0.11832
0.028595
-0.030975
-0.096527
-0.06955
0.036987
0.108
0.15912
0.17337
0.089813
0.04422
0.029541
0.022888
0.071869
0.1434
0.17392
0.2016
-0.023895
-0.35025
-0.57159
-0.86755
-0.89352
-0.68747
-0.42606
-0.063049
0.28427
0.40121
0.45163
0.49249
0.42007
0.42914
0.49811
0.43765
0.35104
0.20007
-0.065491
-0.27014
-0.35864
-0.36234
-0.21518
0.018097
0.16022
0.2489
0.23734
0.11807
0.0052185
-0.062408
-0.098541
-0.053711
0.0159
0.017548
-0.0033569
-0.064606
-0.17474
-0.23688
-0.23642
-0.1958
-0.078064
0.039734
0.089661
0.12607
0.098846
0.040802
0.030762
0.046631
0.078491
0.13666
0.15137
0.12103
0.098083
0.042175
-0.0093994
-0.0021667
0.014771
0.062653
0.096954
-0.10266
-0.26733
-0.47894
-0.70892
-0.6911
-0.57123
-0.35999
-0.043793
0.20743
0.298
0.38608
0.38806
0.33478
0.38159
0.42224
0.41357
0.41776
0.3201
0.14014
-0.026398
-0.18179
-0.3013
-0.28168
-0.21478
-0.15094
-0.042969
-0.0010986
-0.011597
-0.0046387
-0.0018311
0.009613
0.07254
0.11862
0.12982
0.12543
0.069366
-0.01532
-0.078949
-0.13303
-0.17664
-0.16016
-0.14612
-0.12463
-0.072632
-0.044525
-0.012909
0.0354
0.066895
0.10159
0.14001
0.14536
0.14282
0.13535
0.093079
0.056091
0.019806
-0.013367
-0.019135
-0.019104
-0.056427
-0.14423
-0.19202
-0.28653
-0.34409
-0.31223
-0.28391
-0.18564
-0.060883
0.01297
0.060913
0.10159
0.094025
0.09375
0.14056
0.17557
0.23438
0.29074
0.28677
0.26135
0.21555
0.12952
0.058777
0.022858
-0.015015
-0.029114
-0.024292
-0.052307
-0.082428
-0.11435
-0.14944
-0.15491
-0.12451
-0.081024
-0.032623
0.018158
0.038818
0.043121
0.036743
0.022919
0.016022
0.021606
0.017029
0.0049438
-0.011566
-0.043304
-0.068787
-0.080139
-0.085449
-0.067474
-0.038116
-0.010803
0.0087891
0.021454
0.02179
0.012268
0.010498
0.017853
0.033539
0.044434
0.048218
0.046387
0.039124
0.025299
0.017395
0.011841
0.00076294
-0.011993
-0.032898
-0.053833
-0.066193
-0.072083
-0.058472
-0.039734
-0.035858
-0.048401
-0.069794
-0.10043
-0.11987
-0.11319
-0.084137
-0.033691
0.024109
0.073273
0.11429
0.13986
0.14746
0.15027
0.15454
0.15799
0.15897
0.16098
0.14188
0.10413
0.055603
0.0054932
-0.032257
-0.053436
-0.061798
-0.05542
-0.045898
-0.044525
-0.041901
-0.047638
-0.059082
-0.069336
-0.075745
-0.078613
-0.077301
-0.075043
-0.07196
-0.065613
-0.059296
-0.055328
-0.044434
-0.032654
-0.019409
-0.0039062
0.005188
0.0075989
0.011414
0.014832
0.021515
0.029694
0.037506
0.039368
0.03598
0.033661
0.028595
0.029388
0.030945
0.03299
0.04007
0.039917
0.036102
0.029663
0.017487
0.0063477
0.0037537
0.0054626
0.002533
-0.0021667
-0.012299
-0.023132
-0.029083
-0.03186
-0.02655
-0.014771
-0.006958
0.0047913
0.016663
0.01712
0.005188
-0.0085754
-0.020996
-0.03067
-0.03537
-0.038696
-0.036102
-0.036285
-0.037262
-0.034424
-0.030975
-0.030457
-0.027893
-0.017334
-0.0068665
0.0049438
0.019592
0.034637
0.05249
0.067688
0.076385
0.084808
0.087585
0.08371
0.07605
0.056885
0.033295
0.01828
0.010742
0.0095215
0.0075073
0.0079651
0.0031738
-0.013245
-0.031708
-0.050171
-0.06369
-0.065094
-0.062561
-0.054291
-0.047455
-0.046387
-0.045074
-0.041382
-0.033356
-0.025574
-0.014801
-0.0022278
0.0046082
0.0052795
0.0038452
0.0013428
9.1553e-05
0.0057373
0.014587
0.025543
0.034668
0.037262
0.039856
0.038086
0.033203
0.026886
0.017365
0.0060425
-0.0037231
-0.0084229
-0.016541
-0.026794
-0.037659
-0.044556
-0.043304
-0.03595
-0.024414
-0.01062
-0.0037231
-0.0016479
-0.0026855
-0.004364
0.00076294
0.014252
0.027222
0.035004
0.033325
0.024719
0.013611
0.0007019
-0.0052795
0.00061035
0.0093689
0.022247
0.03186
0.032532
0.025269
0.010895
-0.0030518
-0.010406
-0.010162
-0.0046387
-0.0014038
0.00027466
-0.004425
-0.010559
-0.012756
-0.011414
-0.0037537
0.0065918
0.014435
0.013336
0.0058594
-0.0057678
-0.017273
-0.025391
-0.027405
-0.021515
-0.010376
-0.0024719
0.0052185
0.010193
0.0097351
0.010681
0.010132
0.010345
0.013031
0.0098267
0.0056152
-0.00045776
-0.0099487
-0.017395
-0.020752
-0.01889
-0.014252
-0.0081787
-0.0079956
-0.012573
-0.018005
-0.023865
-0.022736
-0.015259
-0.0028381
0.008606
0.015594
0.016205
0.014343
