0.00033569
-0.00027466
0.00036621
0.0010986
0.00024414
-0.00033569
-0.00018311
0.00061035
0.00067139
-0.00076294
-0.0014954
-0.0022888
-0.0022888
-0.002533
-0.0018005
-0.0018616
-0.0023193
-0.00073242
-0.00094604
-0.0013733
-0.0014954
-0.0010071
-0.0014343
-0.0014954
-0.0016785
-0.0018616
-0.0015259
-0.002655
-0.0032959
-0.0036011
-0.0039673
-0.0042419
-0.0047607
-0.0050964
-0.0055542
-0.0057068
-0.0030212
-9.1553e-05
0.0021667
0.0054321
0.010437
0.014587
0.017822
0.020966
0.023773
0.024658
0.024719
0.024353
0.021179
0.016205
0.011169
0.0058594
0.00048828
-0.0046997
-0.0085449
-0.013367
-0.017578
-0.019867
-0.019379
-0.017761
-0.017059
-0.014893
-0.010376
-0.0054932
-0.0023193
0.00091553
0.0043335
0.0051575
0.0039978
0.0021057
-0.0013123
-0.0066528
-0.012604
-0.016724
-0.021454
-0.027191
-0.029602
-0.030182
-0.029999
-0.027893
-0.024231
-0.018555
-0.011627
-0.005127
0.00088501
0.0062866
0.011017
0.013763
0.013885
0.011688
0.0087891
0.0072632
0.0076904
0.0097961
0.013367
0.015808
0.019714
0.026367
0.034119
0.04245
0.049835
0.054565
0.057281
0.055908
0.05069
0.043304
0.03302
0.021576
0.0094299
-0.0027466
-0.015533
-0.028076
-0.038177
-0.046356
-0.050812
-0.051483
-0.050903
-0.047241
-0.039764
-0.031158
-0.023071
-0.012817
-0.00354
0.0037537
0.0093384
0.012573
0.014557
0.012695
0.0078735
0.0035095
-0.0019531
-0.0081177
-0.01474
-0.019287
-0.02121
-0.023468
-0.023682
-0.020691
-0.016144
-0.010193
-0.0045471
0.0013428
0.0066223
0.0097961
0.01181
0.013
0.013611
0.01297
0.010773
0.0075073
0.0025024
-0.0031128
-0.0068665
-0.0090027
-0.010712
-0.0098877
-0.0078125
-0.0049438
0.00082397
0.0075073
0.015442
0.024933
0.033264
0.039856
0.043823
0.044067
0.042267
0.038544
0.033173
0.026093
0.016998
0.0072327
-0.0041504
-0.013916
-0.020325
-0.026245
-0.0289
-0.02948
-0.0271
-0.023804
-0.02002
-0.014191
-0.0091553
-0.0041809
6.1035e-05
0.0050964
0.0076294
0.0068665
0.006958
0.0047302
-0.0010376
-0.0062561
-0.011932
-0.018433
-0.024292
-0.028412
-0.029846
-0.030029
-0.030212
-0.028198
-0.024048
-0.019501
-0.016144
-0.015381
-0.017578
-0.023773
-0.034058
-0.040039
-0.037903
-0.028412
-0.011719
0.006073
0.022583
0.041656
0.061829
0.080841
0.10068
0.11566
0.12274
0.12347
0.11533
0.09903
0.076721
0.05072
0.02478
-0.0010986
-0.028076
-0.054199
-0.075653
-0.092651
-0.10361
-0.10431
-0.097565
-0.085297
-0.068146
-0.050354
-0.03183
-0.013702
0.0023804
0.01709
0.032593
0.041504
0.040863
0.035889
0.02774
0.016388
0.0043335
-0.0068359
-0.018921
-0.031647
-0.04184
-0.046783
-0.044769
-0.039276
-0.03299
-0.022675
-0.01004
0.0014038
0.011658
0.023193
0.034729
0.043701
0.049896
0.051331
0.04834
0.042328
0.036041
0.029022
0.021942
0.016418
0.011627
0.0072327
0.0038757
0.00045776
-0.00045776
0.00036621
0.0033569
0.0065002
0.0036926
-0.0024109
-0.010864
-0.021301
-0.030914
-0.038818
-0.045166
-0.049774
-0.053558
-0.056854
-0.057129
-0.053925
-0.047943
-0.042389
-0.039764
-0.043701
-0.053223
-0.057739
-0.048828
-0.024963
0.0080566
0.03891
0.061951
0.080688
0.098389
0.11728
0.13446
0.14713
0.15128
0.14459
0.12436
0.092346
0.058319
0.026794
0.0016174
-0.01886
-0.040497
-0.064758
-0.087524
-0.10135
-0.10559
-0.099731
-0.086182
-0.06723
-0.042908
-0.020172
-0.0058899
0.0045471
0.014435
0.023132
0.029236
0.030396
0.023163
0.01004
-0.0040283
-0.016235
-0.028046
-0.037811
-0.0466
-0.051575
-0.052612
-0.051941
-0.046906
-0.035919
-0.020538
-0.0041199
0.0095825
0.020386
0.030579
0.039368
0.045349
0.046814
0.041718
0.032074
0.022186
0.014618
0.0079956
0.0038147
0.004364
0.0064087
0.0099487
0.012207
0.015625
0.017242
0.017975
0.019135
0.017609
0.0090637
-0.0047607
-0.0177
-0.026398
-0.031891
-0.03772
-0.046204
-0.058838
-0.06781
-0.067963
-0.059204
-0.054718
-0.072906
-0.103
-0.11172
-0.087891
-0.038544
0.018829
0.058136
0.083038
0.11639
0.15836
0.19296
0.2146
0.22153
0.21393
0.1954
0.15457
0.09436
0.039215
-0.0021362
-0.037567
-0.076263
-0.12082
-0.15573
-0.16187
-0.15067
-0.13824
-0.12244
-0.095276
-0.054474
-0.0112
0.018341
0.029175
0.034058
0.042053
0.049866
0.047638
0.028778
-0.0013123
-0.03183
-0.054047
-0.070587
-0.084503
-0.093048
-0.093079
-0.085327
-0.073029
-0.055054
-0.029175
0.0024109
0.034027
0.056427
0.068146
0.076416
0.082367
0.082367
0.073669
0.056488
0.039703
0.030701
0.02298
0.01358
0.0056152
0.00061035
0.00079346
0.0071716
0.014832
0.021423
0.0289
0.03476
0.03598
0.030396
0.017029
0.0039673
-0.0050964
-0.020203
-0.039673
-0.054016
-0.060059
-0.067291
-0.084076
-0.10675
-0.11896
-0.12463
-0.15051
-0.19284
-0.21143
-0.17307
-0.088226
-0.0031738
0.050476
0.092316
0.15659
0.23608
0.29651
0.3212
0.32166
0.31271
0.28183
0.20972
0.11517
0.034637
-0.019226
-0.063599
-0.12
-0.18054
-0.21078
-0.19485
-0.15973
-0.13257
-0.10895
-0.067993
-0.008728
0.042419
0.064117
0.067017
0.07193
0.073425
0.055054
0.013336
-0.033051
-0.061829
-0.07605
-0.097321
-0.12537
-0.14236
-0.13809
-0.11783
-0.098877
-0.084656
-0.057037
-0.011261
0.029663
0.053772
0.063141
0.068359
0.080017
0.091675
0.089508
0.078125
0.065796
0.054016
0.044983
0.041107
0.036774
0.033936
0.034851
0.033844
0.036316
0.041931
0.044464
0.044037
0.037994
0.027832
0.020813
0.010315
-0.0088196
-0.032257
-0.055145
-0.071442
-0.078278
-0.080994
-0.08609
-0.092377
-0.094452
-0.11102
-0.14355
-0.16104
-0.19604
-0.26028
-0.26962
-0.21201
-0.12198
-0.0058289
0.07666
0.13242
0.24216
0.35211
0.40088
0.42908
0.42126
0.37375
0.31552
0.20352
0.071381
-0.0024719
-0.063263
-0.14005
-0.198
-0.23682
-0.22964
-0.17004
-0.12775
-0.10187
-0.052094
0.0067139
0.062531
0.099854
0.10193
0.092163
0.077423
0.030548
-0.032745
-0.078796
-0.10892
-0.13159
-0.14929
-0.16516
-0.15973
-0.1261
-0.094238
-0.067078
-0.021851
0.017456
0.036835
0.051147
0.044922
0.032196
0.036957
0.032654
0.022644
0.023743
0.016632
0.016266
0.033661
0.042114
0.052704
0.066864
0.062134
0.058044
0.063629
0.062958
0.066986
0.067902
0.050568
0.033966
0.02533
0.010345
0.0020447
-0.0062866
-0.033936
-0.055298
-0.06488
-0.076538
-0.071259
-0.070312
-0.087708
-0.086487
-0.11652
-0.19025
-0.22144
-0.28595
-0.38757
-0.35547
-0.23737
-0.108
0.054169
0.15207
0.24429
0.42117
0.52103
0.52591
0.53226
0.47452
0.36563
0.23434
0.053711
-0.065216
-0.11411
-0.20059
-0.26581
-0.25186
-0.19382
-0.10242
-0.02771
0.0085144
0.054688
0.08902
0.092407
0.094025
0.080109
0.034943
-0.038727
-0.1214
-0.17676
-0.20706
-0.21323
-0.18494
-0.14655
-0.11029
-0.071777
-0.028717
0.031647
0.074249
0.067352
0.044189
0.02121
-0.00064087
-0.022217
-0.063446
-0.087128
-0.074524
-0.073364
-0.063293
-0.015808
0.0448
0.10858
0.14243
0.13254
0.13312
0.14273
0.12729
0.10199
0.071106
0.04184
0.027283
0.013489
0.0074768
0.019226
0.019928
0.0007019
-0.014679
-0.016632
-0.020325
-0.023804
-0.029877
-0.058655
-0.085846
-0.15372
-0.27493
-0.31314
-0.38647
-0.55737
-0.51416
-0.30792
-0.11859
0.093781
0.23785
0.38406
0.5795
0.62769
0.5993
0.57758
0.45435
0.2572
0.052246
-0.11514
-0.18774
-0.23227
-0.26321
-0.20636
-0.10596
-0.021362
0.059753
0.14343
0.19864
0.17218
0.088837
0.027924
-0.014282
-0.074219
-0.16595
-0.24786
-0.24612
-0.20557
-0.1825
-0.12167
-0.038361
0.013
0.042999
0.049133
0.064178
0.076294
0.028351
-0.040009
-0.087738
-0.11737
-0.13846
-0.14203
-0.10989
-0.072449
-0.028595
0.035675
0.10052
0.16104
0.17505
0.14603
0.13419
0.11969
0.089813
0.055481
0.018127
-0.0080566
-0.013794
-0.0080566
0.0089111
0.03009
0.037292
0.02713
0.0080261
0.0046692
0.0028687
-0.013794
-0.035309
-0.06192
-0.091064
-0.17621
-0.32886
-0.39352
-0.53281
-0.66666
-0.45825
-0.19568
0.0090332
0.25693
0.41956
0.58362
0.70288
0.66031
0.61203
0.48254
0.26227
0.031281
-0.15881
-0.24646
-0.27338
-0.2424
-0.14578
-0.021027
0.098602
0.18726
0.24097
0.24872
0.14926
0.012115
-0.10168
-0.18201
-0.26276
-0.28934
-0.23535
-0.20026
-0.16003
-0.078125
0.0030518
0.057068
0.073456
0.064758
0.055054
-0.0063171
-0.077393
-0.12823
-0.1611
-0.18149
-0.17517
-0.13751
-0.078186
-0.00030518
0.077911
0.14462
0.19534
0.21683
0.19394
0.16867
0.14441
0.11267
0.075378
0.037872
0.011444
-0.006134
-0.022217
-0.022858
-0.0044556
0.010071
0.017975
0.026581
0.029297
0.0047913
-0.032379
-0.063477
-0.10126
-0.12848
-0.18152
-0.33762
-0.3952
-0.48843
-0.74811
-0.62738
-0.30154
-0.058228
0.22086
0.44489
0.62589
0.75583
0.71909
0.64587
0.50546
0.2597
0.016479
-0.18332
-0.23257
-0.25714
-0.1886
-0.041656
0.093597
0.23517
0.3024
0.33759
0.30963
0.13574
-0.075287
-0.24643
-0.37112
-0.38174
-0.31976
-0.2312
-0.15692
-0.074951
0.025482
0.095612
0.1539
0.15448
0.090729
-0.0047913
-0.11136
-0.18713
-0.21576
-0.24478
-0.2507
-0.20593
-0.18756
-0.13309
0.00076294
0.10986
0.15759
0.18414
0.20499
0.21283
0.20456
0.19269
0.16498
0.1041
0.046539
0.017303
0.022675
0.015991
0.0043945
0.0064087
0.0053711
0.030029
0.05246
0.045044
0.021881
-0.013733
-0.075287
-0.12308
-0.17111
-0.3822
-0.49918
-0.60608
-0.89719
-0.73248
-0.35501
-0.044891
0.26834
0.49594
0.66757
0.7641
0.746
0.67279
0.49384
0.21448
-0.049957
-0.24915
-0.27332
-0.24939
-0.08725
0.070618
0.20166
0.34589
0.38162
0.4025
0.30328
0.10162
-0.14078
-0.37408
-0.43994
-0.38513
-0.29724
-0.17361
-0.11362
-0.034851
0.027039
0.085358
0.13568
0.093903
0.011383
-0.095856
-0.1575
-0.17261
-0.19489
-0.19907
-0.20309
-0.19662
-0.16882
-0.090607
0.024261
0.08606
0.13931
0.17444
0.17581
0.19772
0.21246
0.19464
0.14804
0.088135
0.079376
0.071136
0.052612
0.025513
0.016876
0.041748
0.062714
0.072876
0.049561
0.016449
-0.026703
-0.07843
-0.10056
-0.28311
-0.43076
-0.60367
-1
-0.95288
-0.50049
-0.10757
0.26892
0.53116
0.70825
0.70425
0.71878
0.62256
0.46973
0.16876
-0.11981
-0.32596
-0.34561
-0.25662
-0.024536
0.18567
0.30957
0.44217
0.41965
0.42938
0.31781
0.10223
-0.21454
-0.45532
-0.48337
-0.33374
-0.17673
-0.046234
0.010742
0.026642
0.052917
0.069855
0.083649
0.027924
-0.065887
-0.18497
-0.20255
-0.16904
-0.11136
-0.08197
-0.11203
-0.16568
-0.16199
-0.11023
-0.049408
0.012909
0.0578
0.088562
0.14618
0.20969
0.23123
0.1907
0.12076
0.081787
0.066498
0.08606
0.09079
0.089661
0.062805
0.05658
0.068512
0.065948
0.034882
0.0079346
-0.047394
-0.14261
-0.353
-0.47128
-0.64526
-1
-0.86343
-0.43555
-0.030243
0.3157
0.59702
0.73715
0.65421
0.66263
0.48288
0.35028
0.035156
-0.17877
-0.34689
-0.35349
-0.18613
0.052582
0.27771
0.409
0.52545
0.4277
0.35526
0.19223
-0.047455
-0.37262
-0.4754
-0.37137
-0.22699
-0.071808
0.053864
0.10144
0.10196
0.11951
0.087372
0.040619
-0.08667
-0.16467
-0.20041
-0.15182
-0.091492
-0.046051
-0.043457
-0.10754
-0.10556
-0.10504
-0.058929
-0.021271
0.0010071
0.0091553
0.057098
0.13574
0.16861
0.15271
0.084015
0.040436
0.033173
0.05722
0.08252
0.07962
0.060455
0.053131
0.034149
0.027588
0.038635
0.018951
-0.061127
-0.26788
-0.535
-0.65784
-1
-1
-0.5426
-0.142
0.26517
0.53348
0.83243
0.75668
0.83389
0.63806
0.42029
0.096741
-0.19128
-0.30252
-0.37619
-0.17294
-0.035248
0.25024
0.36649
0.57016
0.59457
0.51358
0.36139
0.0085144
-0.33835
-0.50995
-0.40826
-0.22607
-0.060486
0.041901
0.067291
0.052277
0.10471
0.089691
0.055664
-0.085693
-0.19943
-0.28107
-0.22327
-0.11005
-0.05191
-0.038086
-0.13681
-0.16669
-0.16257
-0.1019
-0.059479
-0.037994
-0.010468
0.036407
0.13513
0.15533
0.11926
0.047699
0.0085449
0.010376
0.017487
0.074249
0.10797
0.11292
0.095703
0.070923
0.029419
0.013916
0.041595
0.00082397
-0.23328
-0.44583
-0.65134
-1
-0.96985
-0.42053
0.007843
0.3204
0.62662
0.84592
0.77631
0.89148
0.62476
0.40649
-0.021881
-0.22083
-0.36066
-0.34811
-0.16394
-0.062164
0.17215
0.25818
0.47913
0.4657
0.42511
0.20898
-0.055298
-0.29092
-0.44986
-0.42987
-0.32455
-0.19772
-0.076111
-0.0071106
0.08139
0.12607
0.12338
0.079193
-0.036346
-0.10287
-0.18082
-0.14136
-0.10413
-0.044189
-0.10034
-0.13745
-0.064667
-0.031311
0.0098877
0.011139
0.044525
0.072571
0.16818
0.20517
0.16061
0.097229
0.053284
0.039093
0.040894
0.06778
0.10312
0.088562
0.087067
0.060944
0.026398
0.02359
-0.025665
-0.1907
-0.50775
-0.6608
-1
-1
-0.60919
-0.25851
0.06723
0.31976
0.75928
0.83041
0.99997
0.86642
0.57092
0.1546
-0.13666
-0.23029
-0.33972
-0.21191
-0.1976
0.078705
0.23639
0.56168
0.59723
0.50742
0.43332
0.13275
-0.16028
-0.40381
-0.44873
-0.46399
-0.40509
-0.29193
-0.16089
-0.01239
0.10486
0.11273
0.081299
0.011505
-0.039581
-0.11481
-0.1615
-0.18771
-0.22845
-0.23517
-0.16385
-0.039764
0.032043
0.12869
0.16663
0.15964
0.1586
0.1489
0.14337
0.104
0.095764
0.067139
0.065887
0.083984
0.1134
0.15179
0.14435
0.13937
0.096039
0.051392
0.00094604
-0.17862
-0.46182
-0.64014
-1
-1
-0.63882
-0.33401
-0.046265
0.18298
0.56845
0.70065
0.99997
0.93561
0.6109
0.25256
-0.073029
-0.26624
-0.43802
-0.36469
-0.36667
-0.06781
0.19647
0.5148
0.6312
0.64273
0.56845
0.35037
0.12091
-0.18024
-0.30371
-0.40091
-0.43469
-0.38702
-0.25885
-0.14349
0.0093689
0.094086
0.1308
0.11786
0.086151
-0.022095
-0.13943
-0.20279
-0.28391
-0.34183
-0.35791
-0.25275
-0.14752
0.0072021
0.14175
0.21506
0.25476
0.29358
0.26932
0.20773
0.14883
0.090912
0.064026
0.089233
0.13873
0.146
0.14996
0.121
0.11371
0.089905
0.048462
-0.22708
-0.44278
-0.80969
-1
-0.87354
-0.54178
-0.37854
-0.19492
0.26379
0.59106
0.87625
0.99997
0.72064
0.5062
0.26584
0.11713
-0.29294
-0.48834
-0.646
-0.53256
-0.14844
0.21423
0.43469
0.40469
0.64667
0.67767
0.58182
0.26688
-0.088348
-0.28027
-0.36276
-0.35904
-0.38995
-0.36453
-0.29349
-0.10416
0.1008
0.23264
0.24661
0.19693
0.10406
0.019867
-0.078278
-0.228
-0.40604
-0.43726
-0.33667
-0.21994
-0.08728
-0.0080261
0.070221
0.16159
0.29694
0.28308
0.20444
0.12698
0.1203
0.15436
0.16525
0.13074
0.048859
0.055511
0.091034
0.10803
0.037628
-0.20718
-0.35843
-0.82452
-1
-0.54266
-0.53644
-0.48257
-0.25555
0.26453
0.5314
0.90399
0.89725
0.65717
0.6795
0.58072
0.30725
-0.23141
-0.46304
-0.73599
-0.5759
-0.32288
-0.11563
-0.076324
0.13312
0.62094
0.75888
0.68301
0.39594
0.19592
0.06189
-0.015533
-0.25439
-0.56885
-0.64368
-0.47104
-0.25458
-0.10461
-0.016205
0.055908
0.23218
0.38348
0.31857
0.10278
-0.079285
-0.23553
-0.2464
-0.24426
-0.30164
-0.31732
-0.1716
0.016113
0.12494
0.19797
0.186
0.19083
0.24179
0.27359
0.18954
0.13599
0.14691
0.13947
0.099457
0.018707
-0.017822
-0.11514
-0.30408
-0.40311
-1
-0.83762
-0.46057
-0.57028
-0.50726
-0.13409
0.33716
0.60263
0.96704
0.73685
0.72015
0.81213
0.74823
0.23914
-0.13477
-0.39084
-0.59845
-0.48303
-0.43958
-0.42456
-0.47473
0.051636
0.44409
0.54266
0.49994
0.44714
0.44583
0.45874
0.24719
-0.19144
-0.39758
-0.40628
-0.37808
-0.42163
-0.4259
-0.39444
-0.14764
0.13992
0.21985
0.18915
0.17068
0.15253
0.15314
0.093262
-0.092438
-0.1965
-0.15341
-0.11896
-0.14905
-0.12604
-0.069458
0.035095
0.14264
0.18613
0.18134
0.22653
0.27039
0.26669
0.19193
0.1174
0.044983
-0.12622
-0.24188
-0.71597
-0.98279
-0.59344
-0.66064
-0.74377
-0.50409
-0.04834
0.29504
0.72577
0.73364
0.68539
0.94043
0.99997
0.73114
0.35605
0.11285
-0.2677
-0.42673
-0.56891
-0.64609
-0.77005
-0.4733
-0.12576
0.03653
0.18958
0.30634
0.49084
0.65002
0.62521
0.3074
0.17764
0.11255
-0.035278
-0.29929
-0.43658
-0.48901
-0.42627
-0.32138
-0.28348
-0.22653
-0.077576
0.092072
0.125
0.155
0.19196
0.23505
0.24957
0.21371
0.056458
-0.056702
-0.046753
-0.070129
-0.13065
-0.15857
-0.09726
0.0015869
0.1109
0.14474
0.15421
0.17438
0.20865
0.062622
-0.064148
-0.54398
-0.71725
-0.40643
-0.659
-0.80212
-0.61447
-0.2644
0.0053711
0.40662
0.42117
0.63138
0.99997
0.99997
0.7619
0.63943
0.52228
0.20831
-0.041016
-0.37668
-0.58475
-0.68594
-0.56775
-0.66046
-0.51917
-0.28558
-0.14349
0.079254
0.37311
0.43439
0.42816
0.56174
0.48322
0.35538
0.207
0.051941
-0.13199
-0.16354
-0.31433
-0.48026
-0.47726
-0.38113
-0.32288
-0.25604
-0.11978
-0.016632
0.16058
0.28625
0.3269
0.33905
0.3829
0.31061
0.2074
0.11295
-0.0070496
-0.080414
-0.1076
-0.14459
-0.14868
-0.10037
-0.079865
-0.062561
-0.11279
-0.092865
-0.46948
-0.50797
-0.17627
-0.48502
-0.63269
-0.40164
-0.20593
-0.083099
0.2117
0.17523
0.409
0.83188
0.86246
0.59155
0.75812
0.71957
0.44986
0.25482
-0.0096436
-0.24503
-0.3703
-0.44717
-0.68723
-0.63531
-0.50882
-0.42877
-0.30185
-0.013031
0.071106
0.20193
0.41324
0.41736
0.40036
0.43451
0.36566
0.21399
0.14825
-0.038849
-0.20215
-0.27722
-0.37619
-0.48676
-0.42413
-0.3642
-0.30096
-0.14844
-0.020386
0.067657
0.21927
0.35074
0.38376
0.40869
0.38065
0.30057
0.25031
0.17419
0.028748
-0.047302
-0.078613
-0.14496
-0.18082
-0.24515
-0.23291
-0.47278
-0.62454
-0.31699
-0.47501
-0.59143
-0.40222
-0.23221
-0.11835
0.14624
0.15265
0.31003
0.65979
0.72064
0.55109
0.72867
0.71091
0.52319
0.41522
0.20425
-0.0065308
-0.14432
-0.29654
-0.55292
-0.52499
-0.54639
-0.61389
-0.4874
-0.28101
-0.24142
-0.039734
0.19913
0.26538
0.39496
0.46817
0.42798
0.41187
0.38113
0.16754
0.054108
-0.0242
-0.19666
-0.34991
-0.38705
-0.45987
-0.42996
-0.33871
-0.28857
-0.1647
0.0064697
0.099518
0.20258
0.32645
0.35071
0.37054
0.39874
0.36057
0.28613
0.22574
0.129
0.028198
-0.02475
-0.11301
-0.25458
-0.25214
-0.51532
-0.56824
-0.37296
-0.55203
-0.61536
-0.41849
-0.29962
-0.18179
0.035034
0.070953
0.2764
0.56342
0.5867
0.53937
0.74521
0.66241
0.55875
0.47757
0.32434
0.13898
0.0065918
-0.20572
-0.38022
-0.43399
-0.55618
-0.61023
-0.51627
-0.43073
-0.39221
-0.21234
-0.05957
0.092896
0.23608
0.32147
0.36548
0.46011
0.4357
0.32874
0.26901
0.17084
0.042664
-0.082336
-0.20804
-0.32199
-0.32025
-0.33871
-0.35251
-0.29855
-0.2019
-0.13455
-0.019348
0.075409
0.14505
0.24036
0.31467
0.3139
0.30405
0.3009
0.26166
0.21655
0.14859
0.041443
-0.054535
-0.14908
-0.37122
-0.36853
-0.40552
-0.55469
-0.55304
-0.42538
-0.38864
-0.25449
-0.13959
-0.050171
0.15891
0.35291
0.37192
0.48199
0.6167
0.59335
0.57257
0.53204
0.42801
0.31149
0.19394
-0.018829
-0.14175
-0.24881
-0.39911
-0.47745
-0.4751
-0.50763
-0.4718
-0.36526
-0.28836
-0.16016
-0.025452
0.076141
0.17392
0.29486
0.30304
0.31372
0.31241
0.28036
0.21591
0.14267
0.037476
-0.034576
-0.079956
-0.15222
-0.21246
-0.22708
-0.21829
-0.19083
-0.14859
-0.13037
-0.062103
0.030182
0.083618
0.103
0.14911
0.19061
0.22314
0.2074
0.17313
0.15692
0.12357
0.041443
-0.071442
-0.13406
-0.15704
-0.23215
-0.30487
-0.32382
-0.29187
-0.25983
-0.23563
-0.21268
-0.11838
0.00091553
0.077087
0.13345
0.22949
0.29874
0.35574
0.36951
0.35577
0.33664
0.29269
0.21774
0.14365
0.067535
-0.030212
-0.10114
-0.15936
-0.2049
-0.23087
-0.23038
-0.22836
-0.19205
-0.15656
-0.11847
-0.075836
-0.030121
-0.0069885
0.021942
0.042847
0.050598
0.052734
0.04425
0.031982
0.018005
0.0029602
-0.01416
-0.018341
-0.020294
-0.025238
-0.01593
-0.0073242
-0.0065002
0.0090942
0.02652
0.028412
0.027649
0.038391
0.045746
0.044189
0.038025
0.040375
0.039398
0.048767
0.045013
0.037872
0.038666
0.049591
0.038422
0.02182
0.011139
0.0062256
-0.0059814
-0.026459
-0.059601
-0.081268
-0.088531
-0.10468
-0.13187
-0.13486
-0.13068
-0.12082
-0.11069
-0.092407
-0.072571
-0.045166
-0.01532
0.015686
0.047791
0.078827
0.098969
0.11841
0.13345
0.14365
0.14828
0.15402
0.14639
0.1319
0.12488
0.1102
0.081573
0.055573
0.022797
-0.01123
-0.035919
-0.061401
-0.090698
-0.11124
-0.12561
-0.14447
-0.1412
-0.12561
-0.11325
-0.095551
-0.074524
-0.055969
-0.029999
-0.0038452
0.013977
0.031647
0.046753
0.054352
0.05484
0.047668
0.039337
0.0354
0.029205
0.021759
0.013214
0.0039368
0.0018005
0.0045166
0.0052185
0.0037537
0.013184
0.024414
0.028931
0.028931
0.028809
0.029877
0.035675
0.024811
0.016724
0.016785
0.0071106
-0.010712
-0.026642
-0.038757
-0.047791
-0.055023
-0.069061
-0.079559
-0.075226
-0.063202
-0.058167
-0.047272
-0.034576
-0.016998
0.0079651
0.032715
0.04422
0.057953
0.07724
0.088104
0.08847
0.085419
0.073639
0.059052
0.041046
0.018646
-0.0072937
-0.020966
-0.039948
-0.053497
-0.060455
-0.066223
-0.069092
-0.065918
-0.054718
-0.039917
-0.026123
-0.01416
-0.0075073
-0.0019226
0.00064087
0.0073242
0.010681
0.010437
0.0098267
0.013336
0.018188
0.01767
0.016541
0.020691
0.025055
0.034424
0.038879
0.041656
0.045685
0.048401
0.052765
0.053314
0.047943
0.050293
0.045105
0.035706
0.03067
0.026611
0.01712
0.00048828
-0.016083
-0.030273
-0.038391
-0.056824
-0.075562
-0.086578
-0.093018
-0.099945
-0.10654
-0.10083
-0.086426
-0.073578
-0.060303
-0.042694
-0.017853
0.0021057
0.023254
0.043915
0.057526
0.068512
0.070312
0.065826
0.06012
0.049438
0.038116
0.024017
0.0088196
-0.0031433
-0.013123
-0.020081
-0.024567
-0.025879
-0.017944
-0.0056152
0.0031128
0.0083618
0.013275
0.020966
0.028778
0.033447
0.032257
0.030975
0.030151
0.025604
0.020172
0.014008
0.0043335
-0.004364
-0.013733
-0.018341
-0.020081
-0.022064
-0.027588
-0.029175
-0.024567
-0.020996
-0.014191
-0.0093994
-0.0018616
0.0075073
0.018097
0.028473
0.029419
0.0289
0.024567
0.020782
0.013702
0.0028076
-0.01004
-0.020508
-0.02774
-0.034912
-0.042633
-0.044952
-0.042908
-0.040497
-0.033813
-0.022644
-0.012146
-0.00064087
0.012024
0.019897
0.029938
0.041718
0.041199
0.040375
0.036743
0.033295
0.023407
0.009613
-0.0062561
-0.015472
-0.020691
-0.026917
-0.031097
-0.029663
-0.025757
-0.02243
-0.017395
-0.0097656
-0.00094604
0.0046082
0.0082703
0.012848
0.019348
0.023804
0.02597
0.024933
0.026581
0.026367
0.020081
0.0062561
-0.0081787
-0.015533
-0.017548
-0.019409
-0.012604
0.0010986
0.011017
0.017487
0.022308
0.027649
0.034332
0.039948
0.039398
0.039642
0.036591
0.026581
0.020569
0.0097656
-0.014648
-0.042145
-0.06015
-0.069275
-0.068878
-0.066284
-0.058319
-0.046082
-0.042511
-0.041351
-0.044647
-0.052185
-0.060486
-0.062378
-0.059509
-0.052002
-0.038788
-0.027344
-0.018616
-0.0056458
0.0092773
0.024353
0.039886
0.054657
0.066895
0.065552
0.053619
0.044617
0.041138
0.043671
0.047546
0.059021
0.076813
0.08667
0.087463
0.080841
0.07196
0.059662
0.046844
0.037537
0.031647
0.026978
0.019745
0.012115
0.00061035
-0.013763
-0.026978
-0.034912
-0.041046
-0.046722
-0.055206
-0.065765
-0.07135
-0.072662
-0.071625
-0.070343
-0.060913
-0.046783
-0.030487
-0.019928
-0.0079651
0.0028076
0.0069885
0.0089417
0.0077515
0.0074158
0.0066528
0.0027771
-0.0065918
-0.01181
-0.017242
-0.023926
-0.0242
-0.025726
-0.027374
-0.020874
-0.008728
-0.0010681
0.0054626
0.0083313
0.011322
0.01123
0.011719
0.012024
0.014282
0.016449
0.015503
0.017792
0.016998
0.01178
0.0088196
0.011353
0.016113
0.017639
0.021027
0.023895
0.025543
0.023102
0.016846
0.012878
0.015137
0.016418
0.015411
0.016113
0.014923
0.012115
0.011444
0.0085449
0.0025024
0.0007019
0.00097656
-0.0015869
-0.0066528
-0.016724
-0.024811
-0.029694
-0.035767
-0.040222
-0.039185
-0.033905
-0.029846
-0.026276
-0.019257
-0.012299
-0.0033264
0.0069885
0.014343
0.01889
0.024475
0.025543
0.023712
0.02298
0.01889
0.01297
0.0088196
0.0070496
0.0038757
0.0012817
-0.0031433
-0.0090637
-0.011078
-0.012634
-0.015503
-0.015076
-0.009491
-0.0080566
-0.0088501
-0.0065002
-0.0063782
-0.007843
-0.0089722
-0.010254
-0.01059
-0.0095215
-0.0093079
-0.0079346
-0.0086365
-0.009491
