-0.014801
-0.0068359
-0.019928
-0.019196
-0.0099792
-0.018127
-0.017273
-0.010162
-0.0083618
-0.0066528
-0.0032959
0.0016479
0.0058289
0.0060425
0.0077515
0.014465
0.014862
0.011963
0.014923
0.015991
0.012238
0.011292
0.010651
0.0064697
0.0041504
0.0019531
-0.0013123
-0.0033875
-0.0051575
-0.0067444
-0.006134
-0.0080872
-0.0088501
-0.0054626
-0.0058289
-0.0055847
-0.0015564
-0.0015259
-0.0018005
0.0017395
0.0019531
0.0015259
0.0040894
0.0045166
0.0042114
0.0057678
0.0061951
0.0064392
0.0061951
0.0044556
0.00354
0.0027771
-0.00064087
-0.0012207
0.00018311
-0.0028687
-0.0030823
-0.0015564
-0.002655
-0.0020752
-9.1553e-05
-0.0005188
0.00079346
0.0022888
0.00076294
0.0019836
0.0030212
-0.0010071
9.1553e-05
0.002533
-0.0046082
-0.0051575
-0.00177
-0.0097656
-0.013062
-0.0089722
-0.014313
-0.020111
-0.014862
-0.01767
-0.023132
-0.014954
-0.01532
-0.020691
-0.012146
-0.009491
-0.015594
-0.0073853
-0.0025635
-0.0064697
-9.1553e-05
0.0067444
0.0050354
0.012848
0.020477
0.020538
0.027222
0.037903
0.037659
0.042297
0.049683
0.049194
0.049103
0.052185
0.047424
0.042908
0.039795
0.03006
0.018921
0.011566
-0.00057983
-0.014801
-0.022583
-0.032532
-0.044922
-0.049591
-0.05365
-0.060425
-0.059967
-0.05661
-0.056091
-0.051025
-0.04248
-0.035736
-0.027435
-0.018707
-0.010803
-0.0018311
0.0060425
0.011261
0.0177
0.021759
0.023224
0.025085
0.026154
0.024048
0.022247
0.020508
0.015228
0.010956
0.0095825
0.0039673
-0.0014648
-0.0023499
-0.0056152
-0.0088501
-0.0084229
-0.0095215
-0.0065613
-0.0049438
-0.0058594
-0.0033264
0.0015259
0.00039673
0.0066833
0.013885
0.017426
0.02066
0.020874
0.024414
0.029297
0.015167
-0.0073242
0.00033569
0.016357
-0.072479
-0.038055
0.056244
-0.06366
-0.024261
0.094391
0.0031738
0.015259
0.090576
0.025238
0.021912
0.053314
-0.010834
-0.014801
0.0097046
-0.061829
-0.053528
-0.029999
-0.075897
-0.074127
-0.043152
-0.062103
-0.06076
-0.045135
-0.03598
-0.021942
-0.021179
-0.021423
0.010742
0.0035095
-0.003418
0.024353
0.02475
0.019196
0.042419
0.039856
0.040283
0.061096
0.052795
0.052277
0.074158
0.058411
0.049896
0.068329
0.050476
0.033813
0.049469
0.033752
0.010742
0.02124
0.010071
-0.012299
-0.01001
-0.023499
-0.046326
-0.04364
-0.054932
-0.074524
-0.066589
-0.067169
-0.080841
-0.06665
-0.060883
-0.063354
-0.045593
-0.03598
-0.035065
-0.014282
-0.0037537
-0.002655
0.014343
0.024841
0.02243
0.034424
0.038757
0.035187
0.037781
0.037903
0.02887
0.030579
0.028259
0.014404
0.015015
0.015167
0.0049133
0.0067444
0.0073242
0.0061035
0.011139
0.01236
0.010315
0.016113
0.014252
0.012329
0.015045
0.0083008
0.0086975
0.0038757
-0.0032959
-0.0030823
-0.010345
-0.017731
-0.0159
-0.023682
-0.027954
-0.025818
-0.033905
-0.030701
-0.035706
-0.035919
-0.035431
-0.037354
-0.036621
-0.046539
-0.033234
-0.045959
-0.060913
-0.038361
-0.047455
-0.049286
-0.023834
-0.023407
-0.013214
0.030853
0.033234
0.049286
0.098145
0.10187
0.10944
0.16003
0.15012
0.14395
0.16986
0.15408
0.11945
0.12906
0.09256
0.044952
0.032013
-0.0041199
-0.059174
-0.068542
-0.1022
-0.14169
-0.14618
-0.15802
-0.18222
-0.1655
-0.15707
-0.15472
-0.12625
-0.097626
-0.079193
-0.045227
-0.011688
0.0089111
0.038574
0.063324
0.074341
0.09021
0.098053
0.095856
0.092468
0.080566
0.068909
0.059662
0.039185
0.017517
0.010345
-0.0071106
-0.029236
-0.031097
-0.03894
-0.053345
-0.042908
-0.042297
-0.041962
-0.020935
-0.008667
-0.0070801
0.020203
0.032288
0.033447
0.048645
0.05719
0.045105
0.047272
0.041321
0.024353
0.02063
0.0052185
-0.013397
-0.011139
-0.030975
-0.044464
-0.044037
-0.049561
-0.063324
-0.061707
-0.054291
-0.069397
-0.058167
-0.052338
-0.058105
-0.060944
-0.045563
-0.041168
-0.042114
-0.012909
-0.012146
-0.0062561
0.034149
0.050751
0.05545
0.094238
0.11887
0.11588
0.15329
0.17032
0.15604
0.16364
0.1702
0.13791
0.12677
0.11084
0.064026
0.030243
0.0062561
-0.045868
-0.080536
-0.10403
-0.14438
-0.16837
-0.17389
-0.189
-0.19748
-0.18015
-0.16824
-0.15494
-0.12677
-0.092651
-0.069519
-0.039185
-0.0020447
0.024841
0.041565
0.07077
0.084778
0.088013
0.098572
0.10001
0.083557
0.084717
0.071869
0.047607
0.039154
0.03418
0.0074158
0.0046692
0.0046082
-0.0072937
-0.0058594
0.0049133
-0.0018311
0.0039978
0.018433
0.019806
0.023071
0.033722
0.026367
0.025177
0.030212
0.013947
0.011627
0.0063171
-0.015656
-0.013855
-0.032532
-0.045349
-0.054993
-0.058136
-0.083496
-0.082489
-0.095612
-0.10095
-0.11002
-0.11551
-0.10626
-0.10983
-0.096924
-0.078583
-0.063202
-0.043823
0.0053101
0.028687
0.056732
0.0979
0.14539
0.14444
0.19669
0.23315
0.23947
0.24594
0.27115
0.26096
0.23505
0.1973
0.14554
0.089233
0.036957
-0.039093
-0.10422
-0.16614
-0.20688
-0.24573
-0.26959
-0.27954
-0.27246
-0.24756
-0.19479
-0.15646
-0.1142
-0.047119
0.011993
0.046417
0.076355
0.093597
0.091492
0.086487
0.059357
0.020111
-0.010254
-0.03363
-0.057251
-0.068359
-0.04425
-0.027222
0.0014343
0.04538
0.089966
0.11102
0.14008
0.14352
0.13202
0.11951
0.10364
0.071655
0.051605
0.022308
0.016754
0.0040588
-0.014435
-0.025482
-0.028381
-0.070892
-0.1091
-0.097229
-0.12247
-0.22906
-0.2803
-0.22983
-0.27881
-0.40073
-0.26944
-0.15814
-0.1181
-0.0047607
0.17734
0.26935
0.41754
0.48764
0.46082
0.43784
0.4227
0.2829
0.16843
0.032898
-0.10358
-0.15302
-0.15088
-0.23587
-0.21893
-0.090942
-0.029388
0.0044861
0.079315
0.11737
0.14133
0.14087
0.059998
-0.021545
-0.068451
-0.13916
-0.20889
-0.23849
-0.26007
-0.22318
-0.14944
-0.11273
-0.060089
0.050354
0.067017
0.072845
0.1434
0.10709
0.012024
0.026794
-0.0076294
-0.094208
-0.06369
-0.03714
-0.049377
0.028503
0.092957
0.10901
0.16745
0.18307
0.16562
0.17249
0.14597
0.084869
0.079346
0.044739
-0.024933
-0.057404
-0.051483
-0.11121
-0.16348
-0.21558
-0.21539
-0.25531
-0.3623
-0.45602
-0.34088
-0.39151
-0.42471
-0.23346
-0.071503
0.0027771
0.23792
0.41443
0.4697
0.57581
0.60553
0.50858
0.41333
0.29971
0.12558
0.039795
-0.082092
-0.15326
-0.10947
-0.039337
-0.072754
0.071075
0.18671
0.15366
0.15213
0.16895
0.061157
-0.040955
-0.1459
-0.29095
-0.34665
-0.37366
-0.39432
-0.3338
-0.23315
-0.14682
0.014526
0.098419
0.14682
0.19751
0.16489
0.10101
0.044037
-0.063141
-0.18491
-0.20483
-0.20779
-0.16681
-0.092499
0.026154
0.12402
0.267
0.31973
0.33682
0.30994
0.28516
0.19183
0.12363
0.039581
-0.012177
-0.063507
-0.087891
-0.099091
-0.11148
-0.14972
-0.1337
-0.16962
-0.2561
-0.35083
-0.46619
-0.39374
-0.5108
-0.47485
-0.29056
-0.10846
-0.042572
0.25836
0.41937
0.50958
0.56226
0.57947
0.46252
0.34872
0.1875
0.022949
-0.049347
-0.1568
-0.11554
-0.066925
0.0054626
0.090027
0.29523
0.30484
0.26086
0.29065
0.23181
0.060333
-0.10104
-0.23288
-0.38046
-0.39124
-0.4241
-0.39655
-0.30139
-0.13199
-0.0036926
0.11752
0.16498
0.21533
0.22522
0.054565
-0.055969
-0.10788
-0.22672
-0.36758
-0.29297
-0.23553
-0.12766
0.016632
0.14587
0.21844
0.34058
0.35675
0.31015
0.26166
0.1853
0.13116
0.094574
-0.021271
-0.050781
0.011444
-0.086884
-0.15875
-0.12714
-0.1521
-0.2926
-0.36682
-0.43936
-0.41843
-0.50461
-0.38876
-0.24683
-0.056549
0.06546
0.33612
0.45645
0.53522
0.53528
0.52414
0.37476
0.20422
0.054474
-0.058563
-0.16492
-0.24216
-0.15945
-0.09433
0.0383
0.18747
0.29425
0.29846
0.33609
0.29886
0.16092
0.006073
-0.16031
-0.28809
-0.3717
-0.4151
-0.4043
-0.29044
-0.16824
-0.0029907
0.12692
0.20718
0.25919
0.23145
0.0784
0.00064087
-0.065948
-0.26105
-0.3566
-0.27094
-0.18329
-0.11176
0.00177
0.13132
0.26288
0.32977
0.30112
0.27542
0.2334
0.15131
0.10812
0.035065
-0.027069
-0.052338
-0.10681
-0.16245
-0.19028
-0.29865
-0.3876
-0.43686
-0.44812
-0.57791
-0.4819
-0.26431
-0.13083
-0.0098877
0.25937
0.45316
0.55981
0.61862
0.54651
0.47198
0.33646
0.12708
-0.07019
-0.11255
-0.24268
-0.21384
-0.14114
-0.059143
0.10498
0.293
0.31418
0.30811
0.3678
0.24753
0.099274
-0.067566
-0.24438
-0.38971
-0.40527
-0.45267
-0.42288
-0.27261
-0.10199
0.049469
0.17441
0.26813
0.25177
0.19528
0.099274
0.0075684
-0.16498
-0.25235
-0.22552
-0.1821
-0.14865
-0.036987
0.10059
0.19922
0.26511
0.31192
0.31659
0.28751
0.23547
0.18826
0.096924
-0.039032
-0.12027
-0.18143
-0.34821
-0.47772
-0.53918
-0.58255
-0.65863
-0.57947
-0.34116
-0.20099
-0.029205
0.20813
0.46005
0.539
0.61792
0.5307
0.44775
0.3024
0.14636
-0.087921
-0.17294
-0.20401
-0.1886
-0.10687
-0.019257
0.1192
0.32727
0.43314
0.35995
0.34573
0.31958
0.17404
-0.0023804
-0.19287
-0.34055
-0.39664
-0.39456
-0.42773
-0.32916
-0.17114
-0.023529
0.086182
0.17822
0.2067
0.17499
0.078125
-0.027588
-0.12305
-0.24542
-0.2569
-0.22302
-0.18521
-0.112
0.059998
0.14734
0.22363
0.30972
0.36615
0.3367
0.32422
0.27286
0.19141
0.081451
-0.020874
-0.18677
-0.29849
-0.47195
-0.6001
-0.63931
-0.7081
-0.54065
-0.27374
-0.073975
0.053467
0.43753
0.59833
0.65793
0.60651
0.49451
0.27652
0.11627
-0.11594
-0.36557
-0.38455
-0.37479
-0.29922
-0.14133
0.071838
0.20547
0.37241
0.45956
0.41324
0.34552
0.21735
0.070221
-0.087311
-0.21887
-0.33502
-0.32883
-0.27478
-0.2186
-0.078003
0.054199
0.1489
0.20572
0.25388
0.19907
0.10583
-0.021118
-0.14313
-0.19376
-0.25659
-0.26221
-0.22919
-0.11096
-0.06192
0.077637
0.12061
0.15332
0.1958
0.24835
0.18332
0.15628
0.15509
0.064056
0.028778
-0.085541
-0.21634
-0.37799
-0.4314
-0.56284
-0.72882
-0.59076
-0.311
-0.13782
0.0010681
0.37015
0.60144
0.75687
0.79678
0.66489
0.46277
0.3049
0.087891
-0.25534
-0.40067
-0.44904
-0.39481
-0.28131
-0.1087
0.0078125
0.23682
0.43451
0.39252
0.30026
0.25238
0.11932
-0.092255
-0.26541
-0.41647
-0.46487
-0.38168
-0.30103
-0.20667
-0.025452
0.15988
0.28125
0.33939
0.3165
0.2153
0.13406
0.018219
-0.11676
-0.25339
-0.23953
-0.17838
-0.10715
-0.05899
0.069458
0.17545
0.22977
0.27133
0.27481
0.22745
0.16983
0.14807
0.021332
-0.070618
-0.17673
-0.27902
-0.50327
-0.57535
-0.62494
-0.78632
-0.63925
-0.35052
-0.15967
-0.023651
0.42157
0.58752
0.73093
0.78778
0.72354
0.47919
0.34387
0.13138
-0.19116
-0.3277
-0.41141
-0.39023
-0.22894
-0.030701
0.041687
0.26471
0.46051
0.41162
0.34439
0.27847
0.092773
-0.11511
-0.24768
-0.42368
-0.52063
-0.44089
-0.34045
-0.24384
-0.08963
0.092255
0.1853
0.28333
0.24875
0.15341
0.089478
0.074432
-0.043945
-0.13339
-0.13602
-0.11188
-0.057343
-0.0032959
0.061279
0.086121
0.20245
0.25061
0.26297
0.24478
0.27438
0.20663
0.089996
-0.053955
-0.27936
-0.53064
-0.65823
-0.90619
-0.89526
-0.69409
-0.47256
-0.34518
0.13867
0.48468
0.69922
0.87109
0.89941
0.76614
0.59586
0.43158
0.016418
-0.20563
-0.36523
-0.42419
-0.48181
-0.33179
-0.1626
0.054993
0.26474
0.34756
0.38556
0.38699
0.33908
0.13431
-0.050781
-0.24008
-0.37097
-0.45569
-0.48825
-0.46362
-0.33801
-0.15634
-0.018433
0.14368
0.29733
0.38159
0.37445
0.33344
0.246
0.1163
0.0096436
-0.10175
-0.18158
-0.21457
-0.15939
-0.11057
-0.029297
0.073792
0.17908
0.21613
0.23651
0.2179
0.090424
-0.18011
-0.40012
-0.67856
-0.80215
-0.73465
-0.60815
-0.54987
-0.25424
0.1564
0.42581
0.64389
0.74536
0.74496
0.63693
0.6189
0.39325
0.18195
-0.0075989
-0.089325
-0.1937
-0.14932
-0.11768
-0.12695
-0.07486
0.010712
0.030945
0.023499
0.063904
0.017242
-0.041229
-0.074036
-0.1012
-0.1582
-0.16016
-0.15051
-0.16028
-0.16968
-0.13095
-0.084106
-0.036865
0.010193
0.063416
0.091888
0.13202
0.14233
0.12436
0.079651
0.054565
0.022705
-0.015503
-0.042603
-0.052399
-0.045929
-0.022949
0.012146
0.02301
0.033295
0.043488
0.026489
0.020233
-0.15039
-0.34277
-0.32364
-0.245
-0.29248
-0.24954
-0.066284
-0.012299
0.13174
0.29181
0.33551
0.22711
0.30811
0.30478
0.21371
0.14893
0.14453
0.067535
0.035004
0.081177
0.04718
0.020752
0.0177
-0.0092773
-0.076538
-0.057922
-0.056122
-0.11514
-0.12177
-0.086945
-0.095459
-0.1095
-0.059631
-0.043457
-0.053802
-0.031769
-0.017273
-0.042267
-0.039673
-0.0052795
-0.02533
-0.017395
0.013184
0.014984
0.0086975
0.020508
0.019135
0.0091858
0.0053101
-0.018341
-0.01828
-0.033142
-0.016296
-0.0091858
-0.0083313
-0.0030823
-0.016327
-0.035889
-0.036285
-0.026428
-0.046753
-0.043213
-0.049927
-0.052216
-0.024902
0.028229
0.051666
0.072571
0.108
0.11337
0.10843
0.10068
0.083893
0.032593
0.012329
0.0076904
-0.015472
-0.0029907
0.024048
0.015991
0.015503
0.025818
0.023773
0.018616
0.029755
0.0062866
-0.0033264
-0.0088196
-0.014526
-0.0070801
-0.0099792
-0.034943
-0.039856
-0.015503
-0.025269
-0.022461
-0.021271
-0.0031738
-0.0059204
-0.0016479
-0.0097656
-0.00088501
-0.016174
-0.054749
-0.050507
-0.02887
-0.059296
-0.040771
-0.0075684
-0.033325
-0.014404
0.017944
0.021118
-0.0084839
-0.017059
-0.023407
-0.048279
-0.060791
-0.069214
-0.084351
-0.062073
-0.013184
-0.0016479
0.013885
0.05957
0.082825
0.095276
0.11926
0.10754
0.083496
0.078644
0.077454
0.015594
0.027985
0.0088806
-0.004425
-0.0021973
0.010437
0.022095
0.003479
-0.00061035
-0.0053101
0.0056152
-0.007843
0.0039978
-0.0093994
-0.0019226
-0.0014038
-0.0094299
-0.011871
-0.00054932
-0.020325
-0.032745
-0.020782
-0.047791
-0.04361
-0.023804
-0.025055
-0.012238
0.009552
-0.014221
-0.0046692
-0.011566
-0.02063
-0.024017
-0.03186
-0.029083
-0.036133
-0.021973
-0.015442
-0.017242
-0.0098572
0.013611
0.022003
-0.00094604
0.0054626
0.021179
0.01062
-0.014374
-0.028656
-0.00064087
0.0039368
0.00045776
0.010742
0.030487
0.034912
0.04718
0.060028
0.059174
0.053925
0.052734
0.03299
0.01712
0.010895
-0.0029907
-0.019409
-0.029083
-0.023468
-0.013123
-0.017181
-0.019287
-0.0099487
0.018951
0.01297
0.0046387
-0.0041199
-0.0021057
0.0091553
-0.012115
-0.02182
-0.013885
-0.017334
-0.025055
-0.014343
-0.02774
-0.023468
-0.0029907
-0.016754
-0.012329
-0.0030212
0.004303
-0.00027466
-0.0064697
-0.004425
0.0071411
0.01236
0.0035706
0.010712
0.018616
0.014801
-0.0010071
0.014954
0.016296
-0.0068054
0.0058594
0.0090637
0.00073242
-0.012085
-0.010925
-0.0098877
-0.024292
-0.025391
-0.01416
-0.010193
-0.013519
-0.016724
0.00079346
0.010284
0.0016479
0.012909
0.044464
0.027283
0.01181
0.018585
0.023285
0.0025635
-0.009613
0.0042725
-0.0067444
-0.014771
-0.00015259
0.005127
-0.0045166
0.0090637
0.011505
0.012512
0.0091553
0.0085449
0.002594
0.013275
0.00036621
-0.002594
-0.00064087
0.0014038
-0.0098572
-0.017181
-0.009491
-0.015442
-0.019897
-0.025696
-0.016296
-0.0015869
-0.010376
-0.017242
0.0039978
0.0090637
0.011505
0.016449
0.0068054
0.016785
0.026581
