-0.004425
-0.0031738
-0.0033569
-0.0019836
-0.00061035
-0.0010071
-0.0016174
-0.00048828
0.0013733
0.0011902
0.00082397
0.0023193
0.0037231
0.0028992
0.001709
0.0024719
0.0032043
0.0025024
0.0018005
0.00097656
3.0518e-05
-0.00094604
-0.002533
-0.0024719
-0.0021973
-0.0021973
-6.1035e-05
0.0014038
0.0014343
0.0016785
0.00094604
0.0021667
0.0031128
0.00177
-0.0005188
-0.00061035
0.00039673
-0.0005188
-0.00177
-0.00015259
0.0024109
0.0012207
-0.00097656
0.002594
0.0055847
0.0014343
-0.0039368
-0.00177
0.0031433
0.00030518
-0.0032043
0.00064087
0.0041199
-0.00039673
-0.0040894
0.0016785
0.0028992
-0.0037231
-0.0047302
0.0012207
0.00088501
-0.0051575
-0.004425
0.00018311
0.00030518
-0.0028687
-0.0024719
0.0013123
0.00067139
-0.0019836
-0.0030212
-0.0013733
0.00027466
-0.00061035
-0.0020447
-0.0024414
-0.0011597
-0.00088501
-0.00039673
-0.00015259
0.0021667
0.0062866
0.0032654
0.0011902
0.0038452
0.0050354
0.0059204
0.0011292
0.005127
0.006012
-0.0010986
-0.0021057
-0.0011292
-0.0010376
-0.0041809
-0.0090332
-0.0050964
-0.002655
0.0023499
-0.0066223
-0.04599
0.039673
0.0079651
-0.034882
0.0007019
0.0065308
0.029816
0.0032043
-0.026093
0.023376
0.063141
0.0067139
0.011108
0.028778
0.022339
0.022461
-0.023407
0.0037842
-0.031311
-0.04184
-0.023682
-0.063599
-0.017151
-0.021576
-0.040161
-0.0079956
0.024506
0.016602
0.003479
0.02359
0.034393
0.045502
0.014069
0.013489
0.011322
-0.0058899
-0.0094299
-0.038422
-0.042389
-0.055115
-0.060486
-0.049927
-0.049744
-0.030548
-0.014832
0.010284
0.029419
0.046082
0.065216
0.068848
0.072754
0.068146
0.055878
0.035156
0.022644
0.011566
-0.0089417
-0.022736
-0.026123
-0.024414
-0.018158
-0.011292
0.0059509
0.014221
0.022278
0.027039
0.028473
0.031525
0.022614
0.010803
0.006012
0.002655
-0.00085449
-0.010254
-0.018066
-0.015656
-0.021393
-0.021576
-0.021606
-0.014069
-0.024994
-0.044189
-0.052399
-0.063873
-0.067017
-0.16296
-0.20889
-0.20767
-0.22952
-0.202
-0.15524
-0.063416
-0.0014954
0.088165
0.21799
0.30594
0.36111
0.41199
0.38599
0.31104
0.26749
0.16458
0.06543
-0.026855
-0.12418
-0.19949
-0.26715
-0.25449
-0.22205
-0.1904
-0.10718
-0.04895
0.0112
0.083954
0.13577
0.16751
0.16211
0.13461
0.078583
0.0039673
-0.047821
-0.090668
-0.14383
-0.1731
-0.18375
-0.1861
-0.15726
-0.11255
-0.061279
-0.0084839
0.043854
0.090485
0.11591
0.13007
0.14127
0.11435
0.073547
0.02832
-0.033905
-0.086609
-0.11725
-0.13263
-0.13251
-0.10577
-0.055939
-0.001709
0.057159
0.11493
0.15811
0.17676
0.18231
0.1586
0.11169
0.07193
0.033722
0.0069885
-0.0079651
-0.020416
-0.029846
-0.029907
-0.017303
0.0055542
0.02121
0.031677
0.034271
0.027771
0.0045471
-0.044342
-0.10492
-0.11154
-0.19644
-0.44806
-0.52164
-0.53558
-0.51074
-0.39804
-0.22086
-0.023102
0.20419
0.36407
0.61057
0.75476
0.72815
0.71335
0.57532
0.3129
0.13086
-0.085571
-0.26929
-0.3844
-0.45535
-0.43698
-0.37595
-0.21817
0.012421
0.14749
0.24725
0.33792
0.31628
0.27148
0.21515
0.092407
-0.050934
-0.20551
-0.31445
-0.36362
-0.37805
-0.29712
-0.20001
-0.12531
-0.0082092
0.094055
0.15298
0.20068
0.20618
0.16574
0.084229
-0.0023804
-0.062469
-0.13983
-0.18695
-0.17722
-0.1792
-0.16086
-0.093292
-0.025146
0.049194
0.12405
0.17172
0.17502
0.14624
0.10995
0.067841
0.027496
0.0054626
0.0050659
0.006958
0.019348
0.05368
0.082153
0.090027
0.11148
0.10944
0.074005
0.045166
0.024933
0.01767
0.017822
0.02951
0.025879
-0.0057678
-0.024902
-0.09024
-0.21179
-0.21771
-0.42068
-0.68069
-0.64127
-0.63757
-0.52792
-0.24979
-0.036316
0.28604
0.55246
0.6575
0.90396
0.88248
0.68524
0.60696
0.28094
-0.039581
-0.2085
-0.4306
-0.48059
-0.45358
-0.39505
-0.20059
-0.037842
0.15741
0.38049
0.3956
0.37979
0.33508
0.15692
0.010223
-0.12109
-0.27316
-0.36292
-0.42709
-0.40189
-0.29593
-0.19589
-0.035614
0.10907
0.16736
0.21689
0.22235
0.13483
0.074005
-0.014832
-0.12756
-0.19012
-0.22205
-0.2092
-0.15848
-0.10941
-0.00048828
0.080444
0.11044
0.15567
0.15393
0.1084
0.062439
0.022736
-0.025452
-0.078308
-0.098877
-0.095062
-0.068634
0.019775
0.10126
0.15292
0.18463
0.1817
0.18369
0.17053
0.11975
0.088959
0.048676
0.0099182
0.017731
0.027618
0.021118
0.028992
-0.0090027
-0.10614
-0.20801
-0.21066
-0.5014
-0.72592
-0.63266
-0.65201
-0.54358
-0.20605
-0.0065918
0.34323
0.6413
0.6911
0.88773
0.85818
0.56931
0.47125
0.16571
-0.17984
-0.33481
-0.48697
-0.49591
-0.38062
-0.25879
-0.047607
0.16879
0.31036
0.44012
0.4404
0.33087
0.19073
0.011658
-0.1684
-0.32089
-0.39679
-0.39551
-0.3732
-0.25504
-0.089386
0.046387
0.16388
0.24854
0.26776
0.22592
0.1189
0.0057373
-0.10242
-0.21893
-0.26709
-0.25833
-0.23126
-0.15067
-0.045807
0.047516
0.12271
0.16217
0.15433
0.10132
0.03598
-0.033295
-0.082489
-0.082153
-0.08316
-0.056458
0.011658
0.055023
0.10608
0.15106
0.13803
0.12415
0.10016
0.060974
0.053436
0.029694
0.032379
0.06189
0.070221
0.090485
0.11694
0.095306
0.079742
-0.012787
-0.12506
-0.26974
-0.68573
-0.76956
-0.67361
-0.6965
-0.41348
-0.047791
0.11511
0.51367
0.74973
0.78876
0.9509
0.77737
0.46109
0.26578
-0.13818
-0.44357
-0.508
-0.547
-0.44479
-0.23026
-0.061523
0.15738
0.38409
0.48514
0.49634
0.409
0.18433
-0.053162
-0.23782
-0.40106
-0.47919
-0.45404
-0.39505
-0.2764
-0.088165
0.081482
0.24323
0.34827
0.34164
0.27985
0.14203
-0.024414
-0.1463
-0.24374
-0.29166
-0.27191
-0.21722
-0.12906
-0.015289
0.082886
0.16217
0.19083
0.16382
0.10962
0.029449
-0.041962
-0.095276
-0.12289
-0.09964
-0.065674
-0.022858
0.058075
0.11627
0.14801
0.17355
0.13654
0.088501
0.046204
-0.01123
-0.016632
0.0041809
0.01593
0.05011
0.078827
0.085297
0.090668
0.0059509
-0.059052
-0.27145
-0.6734
-0.70877
-0.69824
-0.68799
-0.32956
-0.02533
0.21112
0.62698
0.7627
0.8461
0.97101
0.71439
0.45163
0.19101
-0.24567
-0.49249
-0.58875
-0.58691
-0.40912
-0.19131
0.026978
0.27084
0.45471
0.51987
0.48691
0.36255
0.12332
-0.12656
-0.32251
-0.46881
-0.53384
-0.46921
-0.35077
-0.19666
0.0014954
0.16736
0.2879
0.33441
0.30136
0.19757
0.047791
-0.11874
-0.25812
-0.3208
-0.31885
-0.25284
-0.12854
-0.0069275
0.091797
0.15833
0.20029
0.19345
0.12497
0.062622
0.0046082
-0.04834
-0.057831
-0.04422
-0.011627
0.03653
0.067963
0.10446
0.13599
0.12466
0.098816
0.058624
0.014618
-0.016083
-0.016907
0.015198
0.023468
0.014893
0.040497
-0.027496
-0.11017
-0.1683
-0.57709
-0.74454
-0.64554
-0.72028
-0.46426
-0.046692
0.14813
0.53931
0.80984
0.79846
0.89508
0.77939
0.47623
0.2804
-0.064362
-0.37894
-0.50729
-0.50641
-0.40424
-0.19891
0.050049
0.22299
0.40137
0.48303
0.38818
0.27454
0.097137
-0.1673
-0.33765
-0.43301
-0.50888
-0.41565
-0.23492
-0.092743
0.090027
0.23074
0.26746
0.28259
0.23526
0.098083
-0.032349
-0.16772
-0.30835
-0.35526
-0.33194
-0.26709
-0.13678
-0.018066
0.067505
0.14258
0.1778
0.16205
0.11823
0.057343
0.014099
0.0082397
0.012451
0.0401
0.10013
0.13959
0.14352
0.14688
0.12943
0.085297
0.061096
0.037933
0.011108
0.017944
0.013
0.0064087
0.027344
0.020355
-0.044769
-0.146
-0.27969
-0.62732
-0.85013
-0.72385
-0.7077
-0.48645
-0.042114
0.19626
0.50018
0.81845
0.84616
0.88422
0.82059
0.47726
0.18521
-0.13321
-0.45239
-0.53772
-0.46497
-0.32407
-0.082245
0.18411
0.34665
0.50125
0.57632
0.45312
0.27295
0.040222
-0.27005
-0.4812
-0.55521
-0.5708
-0.45496
-0.24188
-0.070282
0.12827
0.30679
0.36298
0.37277
0.30243
0.12341
-0.065399
-0.24438
-0.38531
-0.42984
-0.38416
-0.29391
-0.16852
-0.022919
0.080414
0.15268
0.17053
0.13553
0.11551
0.077911
0.035828
0.045898
0.055939
0.069275
0.11743
0.12814
0.1265
0.1315
0.09549
0.073212
0.071198
0.061981
0.070984
0.073669
0.071564
0.051788
0.00012207
-0.11078
-0.2496
-0.44141
-0.7417
-0.8013
-0.73514
-0.66223
-0.32611
0.047241
0.3168
0.63705
0.83398
0.86353
0.8475
0.66269
0.35825
0.054352
-0.26892
-0.46219
-0.52841
-0.43408
-0.21783
0.020599
0.27948
0.45172
0.53665
0.54129
0.39825
0.17197
-0.05777
-0.3194
-0.52524
-0.59027
-0.57007
-0.4321
-0.19034
0.033417
0.2204
0.35242
0.3804
0.32379
0.22058
0.057159
-0.12589
-0.27643
-0.39661
-0.44577
-0.39633
-0.27734
-0.12891
0.019714
0.10117
0.12387
0.16422
0.17148
0.16003
0.16202
0.12189
0.079102
0.086884
0.084534
0.096344
0.12619
0.10315
0.088257
0.093872
0.084595
0.078766
0.084412
0.073151
0.063934
0.018341
-0.12411
-0.21176
-0.45328
-0.83292
-0.80331
-0.7645
-0.71326
-0.28296
0.087128
0.34229
0.7077
0.84653
0.8345
0.83698
0.63123
0.32303
0.01004
-0.31381
-0.53998
-0.58768
-0.42981
-0.21695
0.050415
0.31998
0.47409
0.5697
0.55981
0.40677
0.20209
-0.037476
-0.31628
-0.50714
-0.56705
-0.56332
-0.39841
-0.15793
0.025482
0.22574
0.36487
0.38547
0.34555
0.24063
0.053864
-0.14249
-0.30103
-0.4296
-0.47409
-0.41537
-0.30066
-0.14682
-0.018463
0.026733
0.095367
0.15634
0.16266
0.20227
0.2132
0.17368
0.15881
0.13177
0.10455
0.11707
0.11624
0.10599
0.11951
0.097443
0.078186
0.077759
0.031281
0.002594
-0.076172
-0.19284
-0.36664
-0.73676
-0.7952
-0.69128
-0.68872
-0.34216
0.064178
0.26584
0.60703
0.78918
0.77036
0.77164
0.60901
0.32797
0.020996
-0.29449
-0.50259
-0.59082
-0.45496
-0.2193
0.040955
0.30881
0.46396
0.54941
0.53897
0.3952
0.20419
-0.015686
-0.25818
-0.45874
-0.53909
-0.52905
-0.41077
-0.19324
0.016144
0.2081
0.36099
0.39694
0.34796
0.26801
0.11151
-0.083862
-0.22662
-0.36331
-0.41742
-0.35574
-0.27328
-0.14853
-0.043518
-0.011688
0.042358
0.098785
0.10855
0.14148
0.16034
0.12216
0.12079
0.12601
0.098663
0.090698
0.095276
0.076202
0.088013
0.11993
0.10144
0.089874
0.04718
-0.05957
-0.16101
-0.37048
-0.70795
-0.76184
-0.66998
-0.63837
-0.34796
0.038635
0.27905
0.58667
0.832
0.86496
0.83151
0.68524
0.37122
0.027313
-0.30515
-0.54309
-0.66254
-0.54883
-0.3259
-0.080994
0.21954
0.41675
0.5379
0.58524
0.47037
0.25989
0.016144
-0.24115
-0.45615
-0.55865
-0.54761
-0.45206
-0.26468
-0.046356
0.15845
0.34293
0.43741
0.42569
0.34235
0.17413
-0.038788
-0.22244
-0.37161
-0.43353
-0.39267
-0.29315
-0.16324
-0.044403
0.068695
0.14523
0.18661
0.2157
0.1954
0.15466
0.12027
0.085938
0.077759
0.081757
0.07608
0.076416
0.067017
0.070068
0.08902
0.059357
0.033234
-0.0063171
-0.1434
-0.25711
-0.46762
-0.79749
-0.77161
-0.65961
-0.60284
-0.2511
0.1181
0.32727
0.64725
0.85294
0.88324
0.84897
0.68475
0.37854
0.04715
-0.25488
-0.48001
-0.59277
-0.48383
-0.31427
-0.10724
0.1694
0.36517
0.50226
0.55457
0.44733
0.25476
0.0059204
-0.27032
-0.4938
-0.59552
-0.58725
-0.49698
-0.30545
-0.078156
0.12424
0.32651
0.44559
0.4516
0.38583
0.2345
0.012146
-0.18756
-0.33179
-0.41058
-0.39963
-0.30484
-0.20551
-0.095856
0.049561
0.15894
0.23187
0.2868
0.27219
0.20956
0.14288
0.086029
0.063232
0.066193
0.081757
0.076752
0.076141
0.089447
0.069122
0.078522
0.047516
-0.09259
-0.21005
-0.39536
-0.7851
-0.84802
-0.69943
-0.68701
-0.41458
-0.0059204
0.18607
0.46661
0.74863
0.83612
0.83408
0.7583
0.51831
0.18893
-0.10962
-0.30472
-0.4913
-0.46005
-0.30292
-0.19244
0.041199
0.29813
0.4375
0.55408
0.52023
0.3371
0.13303
-0.12253
-0.34842
-0.47839
-0.54517
-0.54141
-0.45737
-0.31732
-0.12283
0.084381
0.2706
0.37158
0.37234
0.30002
0.12802
-0.065033
-0.19382
-0.28342
-0.32837
-0.28964
-0.22235
-0.14554
-0.018402
0.12164
0.22363
0.28809
0.30045
0.25742
0.19223
0.14035
0.10294
0.082581
0.086761
0.079529
0.075989
0.079681
0.069031
0.054657
0.020233
-0.11508
-0.27728
-0.50854
-0.83646
-0.76965
-0.66849
-0.62494
-0.28247
0.060059
0.2048
0.54559
0.75473
0.78467
0.78564
0.62766
0.37305
0.070099
-0.18704
-0.31177
-0.46054
-0.42444
-0.26761
-0.19583
0.02536
0.3045
0.45245
0.55283
0.51776
0.35233
0.1926
-0.045197
-0.2356
-0.33795
-0.4483
-0.48489
-0.43402
-0.33591
-0.1557
0.029877
0.18158
0.27338
0.27158
0.20795
0.093658
-0.03421
-0.14908
-0.25253
-0.32391
-0.31848
-0.26071
-0.16531
-0.03714
0.095184
0.18723
0.2446
0.27563
0.27118
0.23856
0.20035
0.15976
0.11795
0.11145
0.11127
0.086548
0.094238
0.10083
0.036591
-0.039673
-0.14117
-0.34827
-0.70288
-0.76401
-0.6131
-0.63965
-0.52005
-0.12814
0.028503
0.2583
0.61774
0.74567
0.76978
0.73138
0.50858
0.28174
-0.009491
-0.15637
-0.26468
-0.4317
-0.41
-0.29028
-0.26456
-0.032379
0.27148
0.38638
0.43701
0.43137
0.3418
0.21756
0.050171
-0.072235
-0.1965
-0.36465
-0.40173
-0.38535
-0.33328
-0.17267
-0.033203
0.052856
0.15616
0.18134
0.15573
0.12009
0.043457
-0.066284
-0.1792
-0.24609
-0.22552
-0.18973
-0.1409
-0.065765
0.011078
0.077606
0.13629
0.18765
0.21277
0.20837
0.19775
0.18283
0.16397
0.15271
0.13699
0.1188
0.10696
0.093658
0.010773
-0.11783
-0.29791
-0.60956
-0.68634
-0.56253
-0.57883
-0.53793
-0.25726
-0.071075
0.16006
0.44559
0.62363
0.71542
0.70132
0.56171
0.43781
0.21552
0.036346
-0.077118
-0.24103
-0.37823
-0.35587
-0.314
-0.21652
-0.043701
0.083282
0.12665
0.17914
0.23514
0.27682
0.23886
0.15439
0.07373
-0.036499
-0.1416
-0.173
-0.18451
-0.1882
-0.18552
-0.17902
-0.14261
-0.10129
-0.067047
-0.031616
-0.024658
-0.032745
-0.036957
-0.030731
0.0055847
0.032806
0.042328
0.047852
0.052551
0.052734
0.047485
0.044922
0.048462
0.047089
0.050385
0.052368
0.056274
0.069489
0.073303
0.073822
0.085083
0.09317
0.094391
0.071411
0.016541
-0.061768
-0.22064
-0.33426
-0.3074
-0.28598
-0.32742
-0.30582
-0.24301
-0.12274
0.019806
0.11072
0.18158
0.24905
0.2663
0.2886
0.29968
0.27576
0.23322
0.17667
0.10205
0.067627
0.05307
0.03772
0.019104
-0.00048828
-0.030334
-0.063568
-0.082855
-0.079926
-0.081207
-0.091522
-0.11017
-0.11752
-0.095184
-0.058746
-0.030273
-0.00015259
0.012634
-0.0010681
-0.0054626
-0.00094604
0.0013733
-0.0085144
-0.034149
-0.057373
-0.066986
-0.051575
-0.027832
-0.015961
-0.011322
-0.0040283
0.0014038
-0.0014648
-0.0087585
-0.01355
-0.014709
-0.012756
-0.00027466
0.021027
0.042908
0.056488
0.061981
0.072754
0.086273
0.088654
0.087097
0.075104
0.04834
0.01944
-0.011017
-0.039429
-0.062744
-0.082825
-0.092041
-0.0867
-0.067322
-0.039215
-0.014099
-0.0012207
0.0038147
0.004364
0.0015259
0.004303
0.01416
0.01059
-0.0029602
-0.02121
-0.032654
-0.034302
-0.028748
-0.013336
-0.0022888
0.0014648
0.0030518
0.0041199
0.0082397
0.011292
0.014282
0.024658
0.040802
0.055969
0.072723
0.094147
0.10681
0.10733
0.10257
0.082062
0.044006
0.012207
-0.015411
-0.038513
-0.055969
-0.071259
-0.074036
-0.066864
-0.055237
-0.038849
-0.020569
-0.0059814
0.0024719
-0.0017395
-0.016785
-0.033844
-0.04718
-0.049042
-0.047943
-0.042969
-0.027313
-0.017792
-0.0093079
0.0084534
0.023773
0.03006
0.032104
0.026947
0.019592
0.011169
0.00048828
-0.01355
-0.036591
-0.061676
-0.067749
-0.054352
-0.02829
-0.0027161
0.011566
0.0088501
0.0032654
0.0088501
0.019226
0.032745
0.04538
0.044281
0.03891
0.03949
0.042145
0.047485
0.054688
0.057465
0.052246
0.042847
0.03241
0.019958
0.011719
-0.00033569
-0.020874
-0.033478
-0.039703
-0.0383
-0.029633
-0.018555
-0.016113
-0.023773
-0.02475
-0.024261
-0.030884
-0.036377
-0.041595
-0.050049
-0.056488
-0.055603
-0.039734
-0.014404
0.0072327
0.025116
0.038452
0.050018
0.060455
0.061676
0.058044
0.048401
0.033173
0.023407
0.015411
0.01004
0.015259
0.017456
0.013489
0.010132
0.0036316
-0.0039062
-0.01239
-0.02066
-0.026184
-0.034363
-0.046051
-0.055634
-0.065338
-0.06778
-0.059814
-0.042419
-0.018311
0.00015259
0.0072632
0.0086975
0.0099792
0.010254
0.011383
0.016815
0.019012
0.015656
0.01947
0.025604
0.032532
0.04184
0.04776
0.045654
0.038086
0.029572
0.029968
0.027069
0.013153
-0.0025024
-0.014343
-0.02005
-0.020203
-0.019867
-0.015503
-0.011383
-0.013336
-0.012695
-0.0082397
-0.0074768
-0.0076599
-0.010193
-0.020325
-0.030792
-0.039276
-0.041626
-0.03241
-0.02063
-0.0071106
0.0072021
0.016205
0.023346
0.02948
0.032227
0.03009
0.025391
0.018677
0.0083618
-0.0022583
-0.0046387
0.0031738
0.010895
0.013367
0.012848
0.0067749
-0.0031738
-0.0099182
-0.014862
-0.020447
-0.025208
-0.028259
-0.035309
-0.040039
-0.032776
-0.019897
-0.0063782
0.0055542
0.010315
0.010864
0.011536
0.011658
0.010406
0.0078125
0.0040588
0.0024719
0.002655
0.0050964
0.014313
0.025055
0.030304
0.0336
0.033783
0.029175
0.025665
0.025391
0.025177
0.021942
0.013824
0.0048828
0.0025635
0.00039673
-0.0075989
-0.013092
-0.015625
-0.018982
-0.023193
-0.026367
-0.026123
-0.028076
-0.037567
-0.045441
-0.050049
-0.050812
-0.043671
-0.032959
-0.021576
-0.011383
-0.0014343
0.010651
0.022827
0.030029
0.033783
0.034668
0.031403
0.027252
0.023651
0.020691
0.018799
0.018799
0.020447
0.022369
0.019379
0.015198
0.010834
0.0045166
-0.0043945
-0.014191
-0.020416
-0.024414
-0.023163
-0.017639
-0.014282
-0.011322
-0.0097046
-0.0081177
-0.0036621
-0.00091553
-0.0014038
-0.0028687
-0.0086975
-0.013947
-0.017242
-0.016785
-0.01178
-0.004364
0.0042419
0.01059
0.013458
0.016876
0.021423
0.023346
0.020294
0.01535
0.01001
0.0050354
0.006073
0.0092773
0.0086975
0.0077515
0.0065308
0.0046387
0.0055847
0.0093079
0.0099182
0.0078125
0.0059204
0.00094604
-0.0087585
-0.013672
-0.015472
-0.019989
-0.020203
-0.018158
-0.017792
-0.015381
-0.012115
-0.0087891
-0.0051575
-0.0052185
-0.0057678
-0.0041504
-0.0018311
0.0005188
0.0017395
0.0027466
0.0026855
0.0014648
0.00045776
-0.0015259
-0.0040588
-0.004425
-0.0033264
-0.0073242
-0.012665
-0.012207
-0.0090332
-0.0033264
0.0014343
0.0050964
0.01004
0.01062
0.011047
0.016235
