-0.0032654
-0.0033875
-0.0022888
-0.0024414
-0.0026855
-0.0021362
-0.00061035
-0.0021057
-0.0015259
-0.00177
-0.001709
-0.00097656
-0.00088501
0.00082397
0.0018005
0.0010071
0.0016785
0.0028992
0.00088501
0.00094604
0.00097656
0.0014954
0.00177
0.0038757
0.0032959
0.0023804
0.0035095
0.0033569
0.0038757
0.0027771
0.0023804
0.0030212
0.0033264
0.0020447
0.0023193
0.0019226
0.0010376
0.0012817
0.0012512
0.0016785
0.0007019
-6.1035e-05
0.00036621
0.00042725
-6.1035e-05
-0.00079346
-0.0011902
-0.0013733
-0.0010376
-0.00073242
-0.0014648
-0.0038452
-0.0037231
-0.0027161
-0.002655
-0.0029297
-0.0025635
-0.0031433
-0.0042114
-0.0036621
-0.002655
-0.001709
-0.0024719
-0.0021057
-0.00042725
-0.0011292
-0.00064087
-0.0011292
0.00015259
-0.00054932
6.1035e-05
0.00091553
0.00015259
0.0013123
0.00048828
0.0015259
0.0025635
0.0013428
0.0024109
0.0019226
0.0022278
0.0019836
0.0014343
0.0025024
0.00073242
0.0010986
0.0013428
-0.001709
-0.0015869
0.0012817
0.0015259
0
0.0018616
0.00012207
-0.0018616
0.00012207
-0.0045166
0.019623
-0.011505
-0.041656
0.072357
-0.046906
0.0032043
0.038025
-0.040283
0.017761
-0.014618
0.026428
-0.024719
-0.033844
0.049713
-0.02005
0.011414
0.013733
-0.011353
0.020599
-0.010193
0.021362
0.00067139
-0.0039673
0.013458
0.003418
-0.01001
-0.023224
-0.012756
-0.0089111
-0.014801
-0.01355
0.002533
-0.071655
-0.0056763
0.072449
-0.049713
0.051331
0.020844
0.0089722
-0.0083313
0.0064087
0.048737
-0.063965
0.03714
-0.0112
-0.019745
0.014954
-0.025482
0.044769
0.0036011
-0.0084839
0.0177
0.013153
-0.004303
-0.043762
0.0046997
-0.052979
-0.078125
0.017395
0.0069885
0.0014038
0.032043
0.051727
0.01886
0.041077
0.052765
0.029419
0.030426
0.015533
0.014038
-0.00021362
-0.043396
-0.015289
-0.0074158
0.0013733
-0.019775
0.0043335
0.0043335
-0.010559
0.0055542
-0.035339
-0.080627
-0.078766
-0.086731
-0.086487
-0.066986
-0.054016
-0.057678
-0.045105
-0.022156
-0.011871
0.041748
0.091675
0.11295
0.12396
0.12036
0.11157
0.098541
0.099915
0.071564
0.059814
0.035431
-0.00067139
-0.02121
-0.044647
-0.070312
-0.066071
-0.068115
-0.074585
-0.062408
-0.052673
-0.054657
-0.047791
-0.0083313
0.00354
0.023529
0.045654
0.021149
0.020325
0.031738
0.036499
0.04425
0.064026
0.050415
0.04715
0.064392
0.078674
0.087952
0.11166
0.1134
0.048706
0.019165
-0.028687
-0.092682
-0.12881
-0.21957
-0.44492
-0.59869
-0.57104
-0.57281
-0.35721
-0.13412
-0.0224
0.059204
0.24124
0.37616
0.52182
0.74518
0.78351
0.66397
0.48288
0.23639
-0.027374
-0.11304
-0.18259
-0.29526
-0.37317
-0.43207
-0.42007
-0.29306
-0.057251
0.11005
0.24176
0.29718
0.26498
0.22409
0.2023
0.1828
0.090179
-0.014313
-0.19431
-0.34848
-0.41815
-0.39694
-0.31494
-0.22449
-0.17776
-0.13193
-0.048767
0.055695
0.21188
0.31073
0.32733
0.28717
0.23685
0.16388
0.12332
0.1207
0.097137
0.07785
0.053009
0.030731
0.0088501
0.031219
0.025757
-0.027161
-0.065765
-0.20132
-0.54117
-0.74988
-0.80225
-0.84171
-0.61392
-0.2948
-0.075012
0.06781
0.32986
0.51495
0.69434
0.95184
0.99997
0.92209
0.60367
0.2514
-0.14877
-0.40164
-0.48621
-0.53314
-0.54984
-0.48633
-0.33112
-0.16183
0.10147
0.38574
0.54486
0.58453
0.51953
0.3504
0.1347
-0.01767
-0.15717
-0.31415
-0.43802
-0.51746
-0.55045
-0.47144
-0.2775
-0.061462
0.12177
0.20691
0.21436
0.18835
0.16391
0.17288
0.17706
0.12634
0.041656
-0.049591
-0.092804
-0.058716
0.022949
0.11887
0.16132
0.16885
0.13748
0.13507
0.1174
0.11035
0.048981
-0.075134
-0.28711
-0.72687
-0.9856
-0.96194
-0.85461
-0.50558
-0.098419
0.17401
0.25586
0.45471
0.65848
0.83777
0.99997
0.99997
0.85138
0.33112
-0.13324
-0.55438
-0.73273
-0.68527
-0.55533
-0.45276
-0.31293
-0.12186
0.088287
0.36487
0.64249
0.75397
0.68292
0.46661
0.16803
-0.12503
-0.31183
-0.41095
-0.50363
-0.52133
-0.50879
-0.42795
-0.27005
-0.017242
0.20895
0.32101
0.31406
0.23871
0.14139
0.049347
0.0015869
-0.0010681
-0.015503
-0.047363
-0.053772
-0.047913
0.0012207
0.097809
0.15695
0.19452
0.19568
0.15869
0.11514
0.063019
-0.035614
-0.11337
-0.35403
-0.82159
-0.92938
-0.91879
-0.76102
-0.34854
0.096497
0.30264
0.36951
0.54865
0.65594
0.79102
0.99997
0.99997
0.69244
0.18143
-0.29379
-0.71011
-0.82108
-0.65463
-0.42075
-0.24948
-0.1105
0.030975
0.14993
0.38126
0.61835
0.71402
0.61005
0.31509
-0.067596
-0.37918
-0.52594
-0.52545
-0.44958
-0.3819
-0.30719
-0.23972
-0.10535
0.1142
0.29321
0.34732
0.29581
0.17221
-0.01358
-0.11816
-0.09436
-0.031799
0.0055847
0.04129
0.048553
0.059357
0.12335
0.20444
0.25079
0.23907
0.16714
0.10721
0.017334
-0.13123
-0.19183
-0.45041
-0.93869
-0.97632
-0.9425
-0.73575
-0.2728
0.2403
0.42392
0.43939
0.6228
0.67865
0.75046
0.94812
0.96982
0.59027
0.085266
-0.37836
-0.7886
-0.88882
-0.62848
-0.33685
-0.14786
0.048096
0.1579
0.19812
0.36975
0.58423
0.64771
0.51865
0.24197
-0.15051
-0.50278
-0.63016
-0.56686
-0.43344
-0.28983
-0.16574
-0.10925
-0.00088501
0.16467
0.30472
0.36847
0.32993
0.20316
0.023102
-0.078247
-0.12195
-0.086823
-0.031342
0.01239
0.037689
0.095032
0.14233
0.16959
0.23206
0.22443
0.16284
0.083252
-0.061798
-0.23428
-0.47159
-0.89578
-1
-1
-0.86078
-0.45996
0.074921
0.43427
0.55719
0.72668
0.84055
0.8461
0.94092
0.95807
0.67874
0.21198
-0.25836
-0.68442
-0.93304
-0.81244
-0.50589
-0.24362
0.026642
0.2486
0.32443
0.39307
0.53339
0.59357
0.50891
0.31592
0.014557
-0.38092
-0.64487
-0.71179
-0.63348
-0.44638
-0.24545
-0.084839
0.0032654
0.06192
0.17258
0.29562
0.37549
0.42422
0.35663
0.18814
-0.0024414
-0.12076
-0.1579
-0.083801
0.051758
0.1496
0.18198
0.16827
0.10287
0.067413
0.087708
0.073669
-0.047668
-0.27594
-0.77802
-1
-1
-1
-0.67395
-0.082977
0.35019
0.55838
0.74222
0.82141
0.84259
0.99631
0.99997
0.85452
0.44672
-0.071564
-0.62543
-0.97379
-0.93988
-0.68396
-0.37753
-0.048279
0.17429
0.24509
0.31909
0.47052
0.59332
0.63669
0.55774
0.29065
-0.10547
-0.45343
-0.66589
-0.73334
-0.64145
-0.44852
-0.31094
-0.19711
-0.057495
0.079376
0.22299
0.39331
0.50208
0.4614
0.34897
0.17929
0.005249
-0.070068
-0.032318
0.031647
0.09964
0.14926
0.11426
0.013794
-0.033844
-0.085571
-0.16766
-0.16336
-0.41351
-0.72849
-0.87772
-1
-0.93167
-0.52765
-0.018005
0.32269
0.63129
0.86029
0.81989
0.81186
0.87143
0.81372
0.65573
0.45883
0.1087
-0.345
-0.63791
-0.7532
-0.75134
-0.55402
-0.2356
-0.013245
0.11157
0.2207
0.26654
0.27142
0.33777
0.39291
0.3541
0.25958
0.11218
-0.11475
-0.3374
-0.46301
-0.50589
-0.47244
-0.35477
-0.19284
-0.073181
0.02066
0.11234
0.15839
0.20178
0.24966
0.27621
0.27167
0.24408
0.203
0.15091
0.11877
0.091888
0.0401
-0.010956
-0.073944
-0.16547
-0.23834
-0.36932
-0.60211
-0.63861
-0.67252
-0.69809
-0.48273
-0.23557
-0.060944
0.1297
0.35672
0.436
0.49716
0.66537
0.70978
0.67877
0.6445
0.49905
0.2652
0.087769
-0.03418
-0.17831
-0.24158
-0.22391
-0.26602
-0.29657
-0.26089
-0.23874
-0.21814
-0.15298
-0.079742
-0.041412
0.033691
0.11407
0.15649
0.18552
0.18842
0.14438
0.073334
0.020386
-0.030609
-0.058929
-0.06076
-0.071198
-0.11209
-0.16394
-0.20947
-0.23367
-0.1951
-0.11029
-0.03183
0.040527
0.10651
0.13565
0.13922
0.14731
0.15616
0.1488
0.13593
0.10266
0.036835
-0.029205
-0.098541
-0.16229
-0.19849
-0.20358
-0.17966
-0.14758
-0.10526
-0.08432
-0.073395
-0.060638
-0.059509
-0.03186
0.016266
0.064392
0.093262
0.1189
0.1326
0.12094
0.11472
0.12115
0.12704
0.13718
0.15652
0.16699
0.16394
0.16199
0.14642
0.11557
0.082977
0.037628
-0.017883
-0.064545
-0.092773
-0.10336
-0.10138
-0.093872
-0.08786
-0.099884
-0.11084
-0.10892
-0.10477
-0.088867
-0.07489
-0.079742
-0.095673
-0.12079
-0.14841
-0.14493
-0.11984
-0.086426
-0.038849
0.010437
0.046783
0.078491
0.11978
0.15634
0.18054
0.1908
0.18338
0.14923
0.11023
0.076447
0.047211
0.029236
0.014313
-0.0096741
-0.044952
-0.077576
-0.10495
-0.12326
-0.11166
-0.084534
-0.069214
-0.07193
-0.09082
-0.1297
-0.1691
-0.18396
-0.17474
-0.13275
-0.077087
-0.017975
0.046204
0.10629
0.16068
0.20438
0.2435
0.26999
0.27811
0.26685
0.22763
0.1792
0.1282
0.0784
0.041626
-0.0011902
-0.040283
-0.070312
-0.084595
-0.078644
-0.061218
-0.039703
-0.033386
-0.049896
-0.082794
-0.11954
-0.14948
-0.16342
-0.15836
-0.14383
-0.13858
-0.13632
-0.13083
-0.11493
-0.082611
-0.03717
0.014069
0.051331
0.070312
0.072296
0.066193
0.063293
0.06485
0.068726
0.069702
0.071716
0.070862
0.06781
0.074219
0.087555
0.10089
0.11182
0.11642
0.10306
0.077606
0.050049
0.012878
-0.023285
-0.049286
-0.072968
-0.093506
-0.09967
-0.09729
-0.097351
-0.0896
-0.076843
-0.062225
-0.050568
-0.042816
-0.040466
-0.048553
-0.058411
-0.069977
-0.07666
-0.075684
-0.073975
-0.066742
-0.056549
-0.038391
-0.0069885
0.03363
0.079529
0.12369
0.15576
0.16714
0.16714
0.16486
0.15396
0.14438
0.13223
0.11484
0.08728
0.054626
0.027222
0.0047913
-0.009552
-0.016052
-0.020752
-0.03421
-0.05127
-0.068909
-0.087402
-0.099487
-0.10477
-0.10995
-0.11548
-0.11624
-0.11005
-0.098541
-0.079773
-0.059631
-0.044983
-0.029449
-0.014221
-0.0038757
0.0066528
0.015533
0.021362
0.02594
0.031799
0.038452
0.043152
0.051147
0.061096
0.065735
0.069458
0.068695
0.063782
0.061798
0.05835
0.048828
0.031586
0.017731
-0.00036621
-0.020874
-0.034027
-0.043762
-0.052246
-0.05899
-0.061615
-0.062897
-0.058624
-0.051636
-0.045746
-0.037506
-0.024536
-0.014435
-0.0041504
0.016785
0.035583
0.04364
0.044373
0.042419
0.03363
0.028015
0.032532
0.036896
0.038116
0.034424
0.021393
-0.0018921
-0.020172
-0.03244
-0.043182
-0.042755
-0.033783
-0.026367
-0.01944
-0.01123
-0.0032654
0.0047302
0.018066
0.029419
0.032288
0.028381
0.017975
0.0084229
0.0013428
-0.0036621
-0.0090637
-0.010956
-0.0097656
-0.010681
-0.0063477
0.00061035
0.0072937
0.013458
0.02179
0.027496
0.027008
0.025391
0.021698
0.021088
0.017639
0.010162
0.0011597
-0.0097656
-0.0177
-0.023254
-0.026581
-0.026917
-0.028839
-0.033508
-0.033081
-0.032471
-0.032379
-0.027039
-0.017365
-0.011597
-0.006134
-0.00033569
-0.0014648
-0.0042725
0.00027466
0.0082092
0.019714
0.0336
0.040802
0.039429
0.031891
0.018005
0.00033569
-0.014801
-0.025513
-0.028992
-0.028351
-0.022003
-0.015259
-0.01239
-0.0053711
-0.0012512
0.0032349
0.0099792
0.014099
0.014191
0.013092
0.0089111
0.0033569
-0.00042725
-0.0069885
-0.010986
-0.008606
-0.0056152
-0.0032654
