-0.00021362
-0.0029907
-0.0029907
-0.0021057
-0.0016174
-0.0038452
-0.0054321
-0.0053101
-0.0027771
-0.0028381
-0.0022583
-0.0015564
0.00039673
0.002533
0.0019531
0.0028076
0.0010681
0.00088501
6.1035e-05
-0.0011902
0.00054932
0.00048828
0.0018005
-0.00024414
-0.0018616
-0.0021667
-0.00091553
0.0059509
0.0005188
6.1035e-05
0.0019226
-0.0039978
0.0021667
0.0056763
0.00036621
-6.1035e-05
0.01178
-0.020142
0.004425
0.025024
-0.030548
0.031433
-0.0021362
-0.018585
0.036194
-0.020325
0.012817
0.0042419
-0.0095215
0.013489
-0.0099792
0.0053406
-0.012512
-0.006073
-0.00057983
-0.014099
0.0028687
-0.0086975
-0.0049744
0.00048828
-0.0054321
-0.0042725
0.0015259
0.0021667
0.00177
0.0072021
0.0014343
0.0066223
0.0015869
0.0029907
0.005249
-0.0028381
0.0069885
-9.1553e-05
0.001709
0.0019836
0.00027466
0.0057983
0.0016785
0.0067444
0.0029297
0.00064087
0.0019836
-0.002655
0.00045776
-0.0017395
-0.0019226
-0.002655
0.00045776
-0.0032349
0.00045776
0.0054016
-0.0050049
0.0068054
-0.00042725
-0.024048
0.023499
-0.015747
-0.00073242
0.011353
-0.06955
0.04599
-0.038452
-0.0013123
0.046509
-0.028717
0.037476
0.0159
0.042999
0.026215
0.046692
0.023468
0.018311
0.033936
-0.019196
-0.015961
-0.04599
-0.055664
-0.086182
-0.094818
-0.11124
-0.12622
-0.094604
-0.09549
-0.065552
-0.039459
-0.0072937
0.030365
0.07254
0.11172
0.12894
0.14429
0.14606
0.13101
0.10999
0.094849
0.052673
0.026794
0.00097656
-0.032074
-0.053436
-0.063507
-0.05896
-0.072968
-0.047089
-0.047333
-0.036346
-0.014984
-0.0075073
0.0056763
0.012573
0.029358
0.01886
0.026154
0.020081
0.0078125
0.00018311
-0.014191
-0.014587
-0.027832
-0.010986
-0.0094604
-0.005249
0.015228
0.011444
0.022675
0.035767
0.035675
0.023102
0.035645
0.024292
0.011658
0.022552
0.017822
0.024628
0.028259
0.029724
0.02771
-0.011505
-0.062103
-0.11804
-0.21307
-0.37256
-0.35568
-0.41501
-0.36792
-0.24686
-0.15393
-0.050568
0.099762
0.2771
0.37073
0.55875
0.60986
0.59525
0.50299
0.37317
0.17444
0.0007019
-0.11389
-0.26306
-0.34625
-0.38757
-0.38687
-0.31927
-0.19452
-0.032684
0.087036
0.21063
0.27792
0.29443
0.28549
0.23892
0.1644
0.043976
-0.066376
-0.19818
-0.29059
-0.31656
-0.33304
-0.28207
-0.23404
-0.17499
-0.10196
-0.0064697
0.088562
0.14893
0.19318
0.177
0.14191
0.1037
0.071442
0.041382
0.019745
0.0039062
-0.0027466
0.0057983
0.017639
0.048126
0.073181
0.10812
0.11511
0.12708
0.13391
0.12656
0.091553
0.056091
0.0065613
-0.14166
-0.27231
-0.35849
-0.58392
-0.72079
-0.66605
-0.6875
-0.48718
-0.2327
0.039185
0.23865
0.51752
0.72351
0.77771
0.93881
0.82434
0.69958
0.37952
0.075226
-0.25836
-0.53873
-0.58212
-0.65891
-0.50739
-0.37338
-0.16351
0.065765
0.27371
0.53375
0.60852
0.68115
0.56979
0.36929
0.12894
-0.14215
-0.3215
-0.50839
-0.57477
-0.62048
-0.5896
-0.44879
-0.29095
-0.05011
0.14447
0.29648
0.3736
0.36664
0.27975
0.18204
0.090027
-0.022125
-0.12543
-0.17908
-0.23203
-0.21851
-0.13092
-0.034119
0.08783
0.18765
0.28336
0.32062
0.36362
0.35553
0.29178
0.22375
0.078033
-0.033173
-0.24753
-0.44366
-0.54208
-0.86237
-0.9313
-0.88583
-0.78717
-0.51309
-0.15866
0.22107
0.41989
0.78357
0.9248
0.99997
0.99997
0.88449
0.64969
0.1918
-0.168
-0.5517
-0.78168
-0.77029
-0.73798
-0.50433
-0.30798
0.0068054
0.29965
0.56393
0.80893
0.7988
0.75705
0.51144
0.21658
-0.076385
-0.36316
-0.55576
-0.7034
-0.7226
-0.70123
-0.55798
-0.33398
-0.10153
0.15533
0.31384
0.41626
0.40643
0.35788
0.29285
0.17554
0.07959
-0.046906
-0.13779
-0.1843
-0.19748
-0.1593
-0.086029
0.02243
0.11804
0.21536
0.30676
0.34058
0.33557
0.26331
0.17975
-0.023285
-0.2652
-0.43027
-0.86063
-0.99039
-0.98373
-0.90057
-0.62723
-0.2915
0.10089
0.31479
0.73141
0.93329
0.99997
0.99997
0.99997
0.75311
0.2309
-0.18033
-0.62372
-0.85126
-0.8678
-0.81821
-0.58472
-0.40158
-0.064758
0.24048
0.55441
0.85718
0.92346
0.91403
0.66843
0.36703
-0.0053711
-0.33517
-0.54437
-0.71854
-0.74045
-0.75366
-0.63058
-0.45428
-0.24435
0.062683
0.27283
0.41931
0.48007
0.45822
0.39862
0.3096
0.25531
0.090576
-0.033203
-0.15524
-0.26151
-0.2511
-0.18625
-0.054108
0.049835
0.16074
0.18115
0.18478
0.19412
0.042389
-0.089935
-0.31552
-0.70178
-0.81842
-0.89923
-0.77887
-0.5528
-0.20142
0.10663
0.31931
0.68512
0.82251
0.99997
0.99997
0.99997
0.70886
0.20679
-0.19147
-0.62534
-0.78232
-0.82877
-0.7355
-0.53265
-0.35983
-0.043823
0.18936
0.48883
0.73428
0.83408
0.81705
0.57285
0.30356
-0.056213
-0.31485
-0.47015
-0.57391
-0.60178
-0.62195
-0.56812
-0.47964
-0.29031
-0.065826
0.14938
0.34998
0.45886
0.48007
0.45166
0.3634
0.26953
0.15204
0.039917
-0.074097
-0.185
-0.21674
-0.21198
-0.13202
-0.038452
0.039886
0.10336
-0.01712
-0.14825
-0.29099
-0.63306
-0.66159
-0.71045
-0.59918
-0.41632
-0.11624
0.19232
0.3432
0.74963
0.81961
0.9996
0.99997
0.884
0.66699
0.17953
-0.13495
-0.57706
-0.76501
-0.79544
-0.73712
-0.49194
-0.36179
-0.052521
0.14352
0.36322
0.59161
0.64948
0.67953
0.47278
0.26642
-0.047668
-0.31119
-0.42487
-0.53836
-0.49792
-0.47678
-0.37466
-0.26297
-0.13306
0.066742
0.2045
0.34943
0.41638
0.40399
0.33286
0.21469
0.11703
0.012482
-0.016846
-0.0289
-0.052979
-0.053223
-0.065613
-0.055603
-0.075439
-0.014893
-0.062531
-0.24603
-0.3468
-0.72809
-0.84686
-0.91013
-0.76614
-0.46561
-0.13507
0.32684
0.48187
0.82544
0.9144
0.99997
0.99997
0.99976
0.86417
0.36679
-0.044006
-0.54034
-0.8494
-0.89084
-0.81488
-0.49835
-0.26593
-0.0061646
0.17877
0.30844
0.46906
0.55283
0.60822
0.50269
0.26837
-0.036743
-0.37921
-0.58289
-0.67548
-0.64301
-0.52927
-0.40445
-0.26105
-0.12921
0.052032
0.24921
0.43173
0.56226
0.57993
0.49051
0.32037
0.14444
0.0091248
-0.072693
-0.08255
-0.081146
-0.07605
-0.075531
-0.070587
-0.048767
0.0019836
-0.056793
-0.14148
-0.34027
-0.69244
-0.84793
-1
-0.84418
-0.58426
-0.13989
0.24283
0.51791
0.81845
0.84717
0.99997
0.99997
0.99997
0.81198
0.45111
0.038147
-0.51562
-0.78787
-0.94812
-0.80539
-0.53348
-0.21869
0.083435
0.19977
0.36517
0.43027
0.52451
0.57904
0.54636
0.41379
0.11731
-0.185
-0.48828
-0.66299
-0.71152
-0.65201
-0.50873
-0.36917
-0.21927
-0.072205
0.099365
0.27625
0.43655
0.55066
0.53763
0.43445
0.28815
0.11166
-0.0039673
-0.060059
-0.080963
-0.0914
-0.087036
-0.093414
-0.11221
-0.078156
-0.1391
-0.19012
-0.33487
-0.58551
-0.68265
-0.80896
-0.68652
-0.49005
-0.13052
0.1933
0.46024
0.74194
0.79803
0.95084
0.93011
0.91562
0.75378
0.46637
0.14822
-0.31598
-0.57593
-0.8046
-0.8222
-0.66922
-0.46713
-0.19727
-0.0030212
0.20438
0.31238
0.4024
0.48013
0.466
0.4411
0.31766
0.15811
-0.049103
-0.27029
-0.43369
-0.56577
-0.58069
-0.5253
-0.39902
-0.22354
-0.045654
0.1232
0.24796
0.33984
0.38614
0.37985
0.34927
0.27817
0.18863
0.09671
0.0036011
-0.062347
-0.11392
-0.13126
-0.13937
-0.12366
-0.18222
-0.22284
-0.35281
-0.51083
-0.57303
-0.6348
-0.53372
-0.38251
-0.12582
0.089081
0.30145
0.48962
0.57346
0.7084
0.74631
0.78253
0.70419
0.55701
0.35522
0.06778
-0.13965
-0.35324
-0.4429
-0.47253
-0.43518
-0.34201
-0.27896
-0.17505
-0.10406
-0.018829
0.064484
0.14087
0.20923
0.24268
0.2515
0.22342
0.1579
0.076569
-0.0336
-0.14279
-0.23181
-0.28961
-0.2897
-0.24469
-0.17984
-0.12085
-0.062775
-0.015411
0.012177
0.061615
0.10504
0.1485
0.1723
0.17538
0.14859
0.096191
0.064941
0.028778
0.0097656
-0.0010681
-0.031677
-0.075958
-0.1275
-0.20358
-0.25705
-0.27151
-0.25287
-0.20865
-0.14276
-0.081512
-0.034851
0.014648
0.067963
0.12616
0.1871
0.23892
0.27533
0.28403
0.27197
0.24057
0.19284
0.14047
0.088562
0.059357
0.028656
0.01181
0.0023804
-0.01712
-0.032776
-0.05957
-0.078979
-0.10321
-0.098602
-0.095856
-0.077881
-0.053711
-0.035156
-0.016998
-0.020966
-0.02948
-0.041718
-0.044006
-0.052063
-0.051361
-0.041138
-0.044556
-0.047455
-0.066315
-0.084015
-0.10583
-0.095612
-0.0672
-0.025055
0.013702
0.040405
0.056061
0.054321
0.065948
0.076477
0.085785
0.087524
0.07666
0.051819
0.024323
0.0082397
0.0010071
0.009613
0.030487
0.04599
0.053375
0.048431
0.020752
-0.00076294
-0.020996
-0.043243
-0.059692
-0.085144
-0.12106
-0.14767
-0.16415
-0.1709
-0.16034
-0.13641
-0.091949
-0.037048
0.022644
0.085358
0.13913
0.18292
0.21393
0.22375
0.21121
0.18054
0.14136
0.10175
0.074493
0.056702
0.048279
0.031403
0.010468
-0.004303
-0.021759
-0.025787
-0.025085
-0.021423
-0.031311
-0.052673
-0.073303
-0.10394
-0.1149
-0.11877
-0.10556
-0.092224
-0.082245
-0.074188
-0.072449
-0.068878
-0.05661
-0.03595
-0.021484
-0.0068359
-0.0005188
-0.0049744
-0.0029907
-0.0071411
-0.0046692
0.0016479
0.015686
0.022583
0.032867
0.047943
0.060547
0.076355
0.083984
0.088837
0.082947
0.068665
0.053131
0.034363
0.019012
0.0062256
0.0024109
0.0043335
0.0061035
0.004425
-0.001709
-0.0049133
-0.0084839
-0.010132
-0.0082397
-0.0094299
-0.015778
-0.018311
-0.029633
-0.038544
-0.04184
-0.04599
-0.05368
-0.052673
-0.057739
-0.066681
-0.065704
-0.061249
-0.051178
-0.0383
-0.027588
-0.019043
-0.012543
0.0030518
0.022919
0.048737
0.075043
0.097809
0.1116
0.11435
0.10733
0.098419
0.086853
0.076416
0.062317
0.046509
0.021576
-0.0038757
-0.027222
-0.041046
-0.043304
-0.038544
-0.033203
-0.026184
-0.024323
-0.023315
-0.023743
-0.020142
-0.015381
-0.021973
-0.029419
-0.042786
-0.058411
-0.07431
-0.078552
-0.068329
-0.047241
-0.016449
0.0048828
0.014038
0.021454
0.026062
0.027649
0.03418
0.042145
0.039673
0.035339
0.025818
0.014709
0.002533
-0.0074768
-0.011505
-0.012939
-0.01178
-0.0063477
-0.01123
-0.015472
-0.021149
-0.028809
-0.027435
-0.024323
-0.01532
-0.0078125
0.0014648
0.015198
0.033691
0.049591
0.053192
0.05423
0.047272
0.040802
0.032837
0.031403
0.026459
0.012909
0.00061035
-0.017212
-0.035156
-0.049103
-0.055389
-0.049347
-0.039124
-0.027191
-0.018738
-0.010376
-0.0017395
0.0098267
0.024872
0.031128
0.030212
0.024323
0.013672
-0.0041199
-0.0159
-0.023468
-0.026367
-0.022583
-0.014038
-0.0057373
-0.0049438
-0.0050049
0.0010071
0.0083618
0.020386
0.029694
0.037109
0.03833
0.030884
0.028412
0.022095
0.01532
0.0064697
-0.0015869
-0.010132
-0.019196
-0.026917
-0.035126
-0.039734
-0.040924
-0.038818
-0.033875
-0.026825
-0.016418
-0.0053101
0.0062561
0.015228
0.023865
0.028931
0.023956
0.02356
0.023315
0.021515
0.022247
0.021759
0.019623
0.010803
0.0022278
-0.010742
-0.020233
-0.025208
-0.034668
-0.033539
-0.031799
-0.028229
-0.02243
-0.015686
-0.0072632
0.00177
0.013214
0.014984
0.014832
0.01236
0.012085
0.011475
0.010498
0.012146
0.011536
0.004364
-0.0027771
-0.0061035
-0.008606
-0.0083313
-0.0037231
0.0050659
0.014282
0.022949
0.025879
0.02951
0.031891
0.031586
0.027039
0.021851
0.016693
0.0045776
-0.0093689
-0.022217
-0.033905
-0.041107
-0.042023
-0.04184
-0.039398
