0.00048828
0.00085449
0.0013123
0.0014954
0.0016479
0.0016479
0.0013123
0.00024414
6.1035e-05
9.1553e-05
-0.00079346
-0.0012207
-0.0014648
-0.0013733
-0.0014038
-0.0015869
-0.0020142
-0.0021973
-0.0020142
-0.0016785
-0.0010071
-0.00021362
3.0518e-05
6.1035e-05
0.00021362
0.00061035
0.00097656
0.0010376
0.0011292
0.00088501
0.00027466
-0.00033569
-0.00079346
-0.0010986
-0.0013428
-0.0013123
-0.00097656
-0.0007019
-0.00018311
0.0010986
0.0018616
0.0025024
0.0028992
0.0027466
0.0023499
0.0016785
0.00076294
-0.00073242
-0.0028381
-0.0047913
-0.0057068
-0.0055847
-0.0044556
-0.0027161
-0.00054932
0.00094604
0.002594
0.0047607
0.0061035
0.0072632
0.0083008
0.0084534
0.0075378
0.0063782
0.0047913
0.002655
0.00082397
-0.00067139
-0.0018921
-0.0031738
-0.0053101
-0.0075073
-0.0085449
-0.0090637
-0.0085754
-0.007019
-0.0055542
-0.0038452
-0.0022278
-0.00064087
0.0014343
0.0021667
0.0015564
0.00030518
-0.00042725
0.0021057
0.0075989
0.011993
0.015564
0.019165
0.022247
0.026306
0.028412
0.022827
0.013123
0.0047302
-0.0016174
-0.0015259
-0.00067139
-0.018707
-0.065674
-0.13672
-0.20435
-0.22354
-0.18204
-0.10687
-0.030548
0.024841
0.058441
0.090179
0.13409
0.18561
0.23599
0.26761
0.25778
0.20038
0.11328
0.023895
-0.041443
-0.073364
-0.088379
-0.10138
-0.11401
-0.12253
-0.11847
-0.091644
-0.04361
0.01181
0.055725
0.072388
0.061127
0.038086
0.018585
0.0050659
-0.0090332
-0.031555
-0.063721
-0.096008
-0.11429
-0.11008
-0.085907
-0.051208
-0.019928
0.00177
0.018494
0.035187
0.052704
0.065674
0.066711
0.051361
0.022888
-0.01123
-0.041931
-0.057587
-0.057007
-0.046387
-0.030945
-0.014008
0.0046082
0.027283
0.052094
0.073151
0.087372
0.093689
0.090363
0.077179
0.058868
0.04068
0.024445
0.010712
-0.0052185
-0.020905
-0.028534
-0.027496
-0.018677
-0.0050659
0.0033875
0.0087585
0.014038
0.0097351
0.0027161
-0.0013733
-0.020142
-0.049866
-0.079559
-0.11542
-0.15286
-0.22842
-0.37067
-0.44336
-0.34634
-0.17947
-0.018951
0.13669
0.2486
0.31158
0.35303
0.37134
0.38278
0.39279
0.33459
0.18903
0.025635
-0.11441
-0.21878
-0.2388
-0.16299
-0.063568
0.0041199
0.047058
0.072388
0.093201
0.12769
0.14847
0.12518
0.065399
-0.030609
-0.14908
-0.22937
-0.24228
-0.2171
-0.17529
-0.12558
-0.081055
-0.037537
0.016724
0.072815
0.11331
0.12537
0.094391
0.028992
-0.034515
-0.072052
-0.088531
-0.090881
-0.083466
-0.07193
-0.056183
-0.026611
0.012726
0.042938
0.054932
0.048859
0.0289
0.017761
0.017548
0.0057068
-0.0022278
0.01416
0.033661
0.040588
0.050842
0.06665
0.082214
0.088409
0.075409
0.0495
0.032959
0.016571
0.0056763
0.015289
0.038269
0.058563
0.060974
0.043274
0.024963
-0.0035706
-0.028381
-0.039825
-0.064789
-0.082306
-0.080139
-0.087738
-0.1413
-0.19305
-0.26263
-0.54044
-0.69366
-0.43469
-0.13193
0.087616
0.31467
0.43207
0.44476
0.38879
0.36292
0.41666
0.41452
0.24585
0.013
-0.15378
-0.24304
-0.30872
-0.23273
0.039398
0.24283
0.24133
0.23941
0.26218
0.20386
0.094086
0.0084229
-0.059662
-0.17548
-0.34793
-0.43753
-0.36371
-0.21448
-0.097107
0.01059
0.13718
0.19199
0.14145
0.1008
0.097809
0.047119
-0.076508
-0.20282
-0.25793
-0.24307
-0.19357
-0.099152
0.026794
0.11163
0.11349
0.08493
0.089264
0.082703
0.012299
-0.061371
-0.10568
-0.12241
-0.07547
0.01767
0.10947
0.18732
0.22009
0.20905
0.17496
0.12695
0.070038
0.018982
0.0027466
0.015198
0.027161
0.040436
0.05069
0.038879
0.023163
0.0079041
-0.020233
-0.045898
-0.048706
-0.0073547
-0.048096
-0.26901
-0.39655
-0.62164
-0.99881
-0.80591
-0.31549
0.029297
0.36157
0.53879
0.56686
0.51425
0.40356
0.41693
0.39584
0.23734
-0.023346
-0.23596
-0.26019
-0.24155
-0.14215
0.14615
0.36017
0.38571
0.36557
0.35696
0.26642
0.057892
-0.12921
-0.25964
-0.36856
-0.42346
-0.36465
-0.19635
-0.027588
0.067993
0.13803
0.19638
0.17603
0.069092
-0.02417
-0.10361
-0.20605
-0.28046
-0.27493
-0.21576
-0.13339
-0.01474
0.10641
0.15845
0.15512
0.092957
-0.0028992
-0.090088
-0.2077
-0.25064
-0.12781
0.032532
0.14526
0.23712
0.30804
0.30557
0.2352
0.1676
0.074493
-0.053223
-0.12903
-0.093658
0.023773
0.10547
0.098999
0.096069
0.092773
0.051056
0.052185
0.073639
-0.025146
-0.30936
-0.56024
-0.91006
-1
-0.79147
-0.30548
0.089661
0.48196
0.66254
0.69745
0.62213
0.54315
0.45288
0.21393
-0.056091
-0.2887
-0.3512
-0.28433
-0.18079
0.07608
0.34796
0.48569
0.52252
0.53046
0.44351
0.14841
-0.21613
-0.42865
-0.52234
-0.49023
-0.35315
-0.16272
0.0037537
0.11115
0.21414
0.29117
0.26929
0.12097
-0.091827
-0.26852
-0.39853
-0.43762
-0.34079
-0.21011
-0.080139
0.069824
0.19763
0.28247
0.26007
0.14658
-0.029175
-0.31015
-0.36591
-0.1243
0.064392
0.16257
0.25793
0.29547
0.28247
0.25958
0.25555
0.1279
-0.054108
-0.099182
-0.012817
0.092529
0.077576
-0.0092773
-0.066589
-0.13687
-0.15091
-0.050568
0.16644
0.021729
-0.49765
-0.84747
-1
-1
-0.41339
-0.014313
0.37567
0.61859
0.70111
0.80164
0.75729
0.67697
0.30316
-0.087219
-0.28598
-0.30878
-0.20123
-0.11978
-0.017059
0.18112
0.41595
0.64551
0.75742
0.64453
0.23029
-0.23926
-0.44083
-0.44031
-0.45526
-0.46317
-0.43616
-0.30737
-0.065338
0.25528
0.48199
0.42557
0.19028
-0.082458
-0.23459
-0.29446
-0.33374
-0.36923
-0.39731
-0.35376
-0.18912
0.06665
0.25464
0.24405
0.11642
-0.07666
-0.19232
-0.059479
0.11597
0.14294
0.13583
0.18039
0.24481
0.3118
0.34943
0.2655
0.10773
0.047699
0.11661
0.12451
0.081787
0.038025
-0.1355
-0.19019
-0.089447
0.032471
0.047272
-0.29501
-0.69641
-1
-1
-0.57755
-0.21872
-0.018341
0.3717
0.60419
0.76343
0.88211
0.89987
0.48117
-0.067657
-0.27246
-0.20456
-0.14752
-0.23938
-0.24783
-0.041595
0.27826
0.62567
0.87973
0.88168
0.53531
0.10269
-0.13315
-0.23016
-0.43954
-0.63589
-0.79004
-0.60651
-0.14114
0.23422
0.46249
0.55838
0.43289
0.15665
-0.022644
-0.086945
-0.41034
-0.8139
-0.78586
-0.48242
-0.23343
0.035645
0.26562
0.29068
0.27081
0.33865
0.31018
0.0867
-0.12033
-0.16684
-0.08075
0.07431
0.16275
0.14206
0.13922
0.19882
0.22815
0.228
0.24808
0.13016
0.0020447
-0.066986
-0.17419
-0.52554
-0.79053
-1
-1
-0.44443
-0.10046
0.03479
0.29428
0.55762
0.6908
0.75308
0.72931
0.4306
0.079834
-0.034363
-0.026459
-0.16376
-0.43277
-0.46555
-0.14154
0.22137
0.47659
0.60849
0.59381
0.42252
0.27582
0.15588
-0.054688
-0.33575
-0.5062
-0.49673
-0.36807
-0.21552
-0.10648
-0.0072327
0.10373
0.25293
0.2908
0.24374
0.13004
-0.032257
-0.21243
-0.43228
-0.50912
-0.41019
-0.28812
-0.19556
-0.014679
0.19458
0.28885
0.31381
0.31195
0.20712
0.077118
0.033234
0.040924
0.031982
0.028931
0.077393
0.13333
0.15561
0.17917
0.18646
0.15622
0.11359
-0.0018005
-0.098877
-0.24933
-0.56021
-0.91687
-1
-0.96808
-0.38623
-0.35135
-0.12622
0.3754
0.7193
0.84821
0.96478
0.84558
0.42795
0.2254
0.21027
0.052338
-0.36594
-0.62234
-0.44794
-0.09021
0.15961
0.30096
0.4584
0.59921
0.61853
0.49786
0.27707
-0.058197
-0.32236
-0.39273
-0.44614
-0.50458
-0.52109
-0.39374
-0.16327
0.051147
0.16678
0.16699
0.21292
0.24319
0.18381
0.022461
-0.21118
-0.37042
-0.34711
-0.31412
-0.31937
-0.24451
-0.032196
0.228
0.371
0.37393
0.29904
0.19458
0.13968
0.13425
0.10675
0.052246
0.075836
0.1441
0.20016
0.17712
0.046173
-0.0092773
-0.015656
-0.069733
-0.10855
-0.26312
-0.69003
-1
-1
-0.42502
-0.64282
-0.59869
0.0093384
0.50293
0.65347
0.88898
0.94708
0.66522
0.61206
0.69415
0.45389
-0.11172
-0.45053
-0.40887
-0.24841
-0.19363
-0.2319
-0.046753
0.35007
0.64111
0.57077
0.39587
0.33517
0.25131
0.07608
-0.19293
-0.44879
-0.63873
-0.59375
-0.42609
-0.35391
-0.31937
-0.20557
0.025177
0.20505
0.23373
0.13879
0.013733
-0.010529
-0.00097656
-0.15302
-0.28177
-0.22418
-0.11829
0.006897
0.13907
0.19653
0.23352
0.29935
0.28787
0.18396
0.1265
0.12961
0.15408
0.17957
0.23065
0.2439
0.18631
0.11719
0.033478
-0.10715
-0.24707
-0.37802
-0.80472
-1
-0.82495
-0.51633
-0.8418
-0.6232
0.02594
0.35104
0.42087
0.74783
0.79285
0.62622
0.7229
0.73526
0.43933
0.059784
-0.013397
-0.085022
-0.21069
-0.29071
-0.26318
-0.15356
0.058014
0.19467
0.14282
0.26569
0.4502
0.42978
0.259
0.18677
0.11673
-0.048767
-0.18036
-0.3009
-0.40131
-0.49747
-0.48187
-0.3678
-0.32889
-0.24561
-0.1022
-0.044769
-0.002533
0.061035
0.084869
0.034332
0.018066
0.029938
0.029022
0.088196
0.11798
0.074768
0.068909
0.12469
0.14783
0.11948
0.13867
0.16934
0.20932
0.25885
0.26797
0.22818
0.19247
0.13483
0.00061035
-0.12265
-0.29437
-0.87277
-0.99496
-0.5076
-0.83859
-1
-0.52689
-0.064453
-0.072906
0.16898
0.64099
0.69513
0.79071
0.91064
0.81641
0.59787
0.47208
0.259
-0.02475
-0.15091
-0.29196
-0.33276
-0.30286
-0.24976
-0.27856
-0.1312
0.069397
0.1098
0.14062
0.24695
0.34302
0.29306
0.23843
0.18506
0.12808
0.038605
-0.089966
-0.23221
-0.32715
-0.35181
-0.38568
-0.45267
-0.49219
-0.35904
-0.26935
-0.26254
-0.11325
0.055328
0.1257
0.2691
0.36014
0.29767
0.29114
0.30017
0.19131
0.096222
0.098236
0.055725
0.010193
0.050354
0.09671
0.12695
0.16302
0.15948
0.11835
0.084442
0.015198
-0.097565
-0.38828
-0.80334
-0.44931
-0.49765
-1
-0.66675
-0.29095
-0.35773
-0.34143
0.19672
0.33514
0.39658
0.65063
0.74216
0.78568
0.76727
0.67044
0.47971
0.46185
0.23953
0.0028381
-0.084717
-0.091003
-0.35986
-0.48209
-0.31473
-0.29642
-0.34222
-0.26309
-0.078094
-0.0053711
0.089996
0.16495
0.27222
0.32611
0.28021
0.18628
0.15363
0.10135
-0.097717
-0.21255
-0.2963
-0.41141
-0.50861
-0.4646
-0.46771
-0.41766
-0.28146
-0.12457
0.024872
0.15076
0.2941
0.36938
0.40848
0.39084
0.37738
0.3392
0.28824
0.22714
0.17282
0.1402
0.1008
0.021179
-0.027679
-0.027771
-0.090729
-0.15039
-0.19931
-0.24167
-0.45663
-0.62241
-0.32684
-0.49182
-0.77127
-0.37039
-0.22446
-0.40039
-0.25766
0.12997
0.13788
0.23505
0.45923
0.55713
0.65155
0.66571
0.60287
0.62708
0.65811
0.40906
0.27802
0.26794
0.12546
-0.13806
-0.21957
-0.23657
-0.37546
-0.46558
-0.43466
-0.34848
-0.3233
-0.26501
-0.11545
0.011871
0.083984
0.15549
0.1976
0.21545
0.22278
0.13983
0.031219
-0.011353
-0.087982
-0.24976
-0.27161
-0.29501
-0.36542
-0.34433
-0.24524
-0.19672
-0.14313
0.022675
0.11346
0.16196
0.24261
0.32217
0.34955
0.35846
0.3475
0.3508
0.34821
0.2764
0.20392
0.14252
0.062866
-0.058014
-0.15262
-0.20642
-0.22607
-0.35962
-0.46884
-0.53925
-0.53806
-0.37253
-0.64075
-0.54703
-0.24911
-0.29611
-0.34586
-0.082611
0.15436
0.073608
0.22205
0.4277
0.58347
0.59204
0.60672
0.68887
0.76831
0.62833
0.49045
0.50833
0.40051
0.16229
-0.061401
-0.090973
-0.17426
-0.38623
-0.45267
-0.40405
-0.39767
-0.44211
-0.42426
-0.29935
-0.18445
-0.17822
-0.12912
0.013855
0.080322
0.035156
0.075195
0.14862
0.1106
0.038635
0.023865
0.0069275
-0.083191
-0.17068
-0.17639
-0.11752
-0.13791
-0.13397
-0.029572
0.029022
0.044861
0.1123
0.19073
0.23254
0.23947
0.25778
0.28015
0.27646
0.23267
0.18777
0.14954
0.057251
-0.024261
-0.077454
-0.16162
-0.21307
-0.26456
-0.28394
-0.35959
-0.53967
-0.37967
-0.26416
-0.51016
-0.3699
-0.11478
-0.19772
-0.19617
0.0097351
0.054382
0.094604
0.22192
0.30173
0.43347
0.50848
0.45529
0.51657
0.60153
0.47372
0.38943
0.42477
0.36322
0.21536
0.10178
0.053864
-0.011017
-0.15512
-0.28156
-0.29678
-0.30945
-0.41068
-0.42935
-0.36636
-0.34848
-0.33847
-0.27603
-0.19754
-0.12347
-0.068024
-0.02243
0.032776
0.077637
0.075836
0.079132
0.10654
0.095154
0.068695
0.070587
0.087738
0.070312
0.063354
0.074005
0.059631
0.036957
0.02655
0.027222
0.026581
0.020721
0.0034485
0.0025635
0.02005
0.021027
0.013794
0.012695
0.025146
0.012909
0.0016785
-0.0064697
-0.030121
-0.06192
-0.082825
-0.07666
-0.096466
-0.10977
-0.10831
-0.095245
-0.084045
-0.057556
-0.079803
-0.064545
0.012482
0.0039673
-0.00036621
0.046936
0.063629
0.036224
0.048126
0.046021
0.024567
0.035156
0.049896
0.055756
0.092468
0.12149
0.11508
0.13602
0.17374
0.16205
0.14105
0.1391
0.11279
0.072998
0.043518
0.011353
-0.021454
-0.043121
-0.074554
-0.098938
-0.10263
-0.11182
-0.12497
-0.12659
-0.10788
-0.089752
-0.078186
-0.062958
-0.036438
-0.016998
-0.0099182
-0.00018311
0.0032959
-0.0017395
-0.0089722
-0.016479
-0.027161
-0.032867
-0.037659
-0.045654
-0.043701
-0.044586
-0.052307
-0.047607
-0.032013
-0.018036
-0.010651
-0.0039368
0.012177
0.02066
0.02005
0.036713
0.046509
0.043549
0.059204
0.064148
0.051727
0.047363
0.051239
0.053802
0.052216
0.046051
0.040894
0.042999
0.033295
0.02182
0.021606
0.018646
0.0032349
-0.0064392
0.0014343
-0.00354
-0.017548
-0.017273
-0.023254
-0.034912
-0.034058
-0.032684
-0.03775
-0.043732
-0.044159
-0.051819
-0.054993
-0.046967
-0.045685
-0.043365
-0.026855
-0.012329
-0.0060425
0.0065002
0.019165
0.028564
0.039581
0.048553
0.057465
0.063324
0.064636
0.05835
0.056366
0.052887
0.043518
0.033081
0.019989
0.0039978
-0.012238
-0.022003
-0.025543
-0.035553
-0.048309
-0.054291
-0.0513
-0.040558
-0.031006
-0.031403
-0.030304
-0.01944
-0.012695
-0.0067444
-0.0061951
-0.0046082
0.0023193
0.006134
0.0059204
0.0005188
0.0031738
0.0079041
0.01004
0.016479
0.02124
0.021454
0.023956
0.027313
0.029175
0.03241
0.033478
0.033417
0.035736
0.035126
0.025238
0.015839
0.0059814
-0.0062561
-0.017761
-0.030853
-0.039917
-0.050598
-0.061829
-0.061798
-0.055664
-0.061279
-0.065521
-0.054047
-0.046234
-0.043457
-0.03186
-0.016235
-0.0031433
0.0091553
0.023346
0.035797
0.044861
0.052917
0.062164
0.073029
0.073425
0.06665
0.063477
0.058594
0.050385
0.038666
0.026489
0.020691
0.0064697
-0.011688
-0.020752
-0.032715
-0.045319
-0.052704
-0.059906
-0.061584
-0.056641
-0.052765
-0.044037
-0.03241
-0.02417
-0.024017
-0.019745
-0.0053101
-0.0010376
0.0048828
0.0090637
0.0057373
0.0045471
0.0059204
0.0074768
0.008606
0.009491
0.017212
0.02771
0.03772
0.042511
0.043213
0.049866
0.058289
0.063873
0.064606
0.065369
0.059235
0.049469
0.040131
0.02713
0.010376
-0.0094604
-0.026825
-0.041901
-0.056488
-0.070557
-0.083679
-0.090851
-0.092499
-0.095856
-0.095154
-0.083954
-0.072144
-0.06073
-0.048309
-0.033295
-0.014862
0.0031738
0.015076
0.028473
0.045715
0.056183
0.061768
0.066772
0.073975
0.076447
0.073242
0.067078
0.059723
0.052002
0.043274
0.03537
0.023224
0.0089417
0.00036621
-0.0065613
-0.017914
-0.029114
-0.035736
-0.037537
-0.038635
-0.04071
-0.042694
-0.039368
-0.034485
-0.032959
-0.032745
-0.029205
-0.023956
-0.019592
-0.018463
-0.019043
-0.018341
-0.015137
-0.01239
-0.007843
-0.00015259
0.0056458
0.011261
0.020813
0.03186
0.039856
0.045837
0.050842
0.053345
0.053314
0.051941
0.050903
0.042999
0.036346
0.034119
0.026276
0.01709
0.006134
-0.0041809
-0.014404
-0.019714
-0.028442
-0.039795
-0.044006
-0.042114
-0.043274
-0.043152
-0.037842
-0.035645
-0.03595
-0.035767
-0.031799
-0.025574
-0.021179
-0.020844
-0.019836
-0.013794
-0.0065002
-0.0020142
0.0015564
0.008606
0.015594
0.01767
0.018311
0.017242
0.01886
0.022583
0.023163
0.021759
0.02124
0.022247
0.020569
0.017029
0.016968
0.016235
0.013916
0.011932
0.008728
0.0073242
0.0024719
-0.0025024
-0.00048828
-0.00064087
-0.006958
-0.0081482
-0.0057373
-0.0081482
-0.010468
-0.0089722
-0.0090027
-0.0075378
-0.0049744
-0.0023193
0.0023193
0.0014038
0.0014648
0.0056763
0.0072021
0.009552
0.0095825
0.0084534
0.0052185
0.0019226
0.0024109
0.00088501
-0.0019836
-0.0044556
-0.0067749
-0.0061035
-0.005188
-0.0074768
-0.0054321
-0.0014038
-0.0038757
-0.0040894
-0.0010986
-0.0036011
-0.0065308
-0.0048828
-0.0028992
-0.0053406
-0.011261
-0.011047
-0.0112
-0.016113
-0.017151
-0.01651
-0.015045
-0.012695
-0.017914
-0.017609
-0.010345
