0.01059
0.01062
0.0030823
0.0031128
-0.0021667
-0.0057678
-0.0072327
-0.0005188
-0.013672
-0.029419
0.010437
-0.007782
0.0023193
0.037476
0.01236
0.032104
0.019592
0.021332
0.030701
-0.0018311
0.0073853
-0.0059814
-0.027161
-0.020447
-0.032013
-0.039459
-0.031158
-0.034943
-0.033295
-0.019745
-0.017426
-0.010773
0.0023499
0.0074158
0.0087585
0.015808
0.015259
0.017883
0.026794
0.025848
0.026917
0.020294
0.020111
0.0177
0.0093689
0.0075989
0.0038757
-0.0067749
-0.013855
-0.013611
-0.024292
-0.01239
-0.013031
-0.0079041
0.0054016
-0.0048523
0.0049438
0.00094604
0.0071716
0.0094604
0.012238
0.013611
-0.00021362
0.0059204
-0.0015564
-0.00177
-0.0050964
-0.012207
-0.01297
-0.021027
-0.023102
-0.019165
-0.011475
-0.0045776
0.0049744
0.013702
0.021576
0.027283
0.033508
0.037323
0.032715
0.030945
0.031982
0.028259
0.021423
0.01651
0.015045
0.012512
0.0066223
0.0030518
0.0024414
-0.0054932
-0.0098572
-0.0078125
-0.010712
-0.010162
-0.0085144
-0.013062
-0.019012
-0.035309
-0.054138
-0.089783
-0.10068
-0.1011
-0.15384
-0.18149
-0.18579
-0.23373
-0.33923
-0.21597
-0.16104
-0.16031
0.11969
0.11618
0.23358
0.2879
0.34979
0.44757
0.40601
0.56863
0.41086
0.3757
0.24609
0.079926
-0.015564
-0.13547
-0.11581
-0.24734
-0.24527
-0.26791
-0.33276
-0.29575
-0.20251
-0.14011
-0.03009
0.065613
0.093933
0.11105
0.10007
0.11966
0.054596
0.065765
0.02243
-0.059937
-0.10629
-0.17972
-0.20648
-0.23462
-0.18225
-0.15042
-0.12808
-0.064667
-0.03067
0.0083008
0.070679
0.13931
0.16452
0.18582
0.18542
0.1459
0.1105
0.085938
0.054596
0.035339
0.0271
0.014221
0.0074463
0.017914
0.036469
0.047058
0.06955
0.074097
0.059113
0.046631
0.027344
0.0090027
-0.015503
-0.044098
-0.061218
-0.11169
-0.13837
-0.12891
-0.18161
-0.16489
-0.18063
-0.24265
-0.27136
-0.34018
-0.32635
-0.46259
-0.32556
-0.18408
-0.19809
0.16229
0.21915
0.36868
0.48117
0.53732
0.65732
0.57321
0.71716
0.56131
0.44107
0.28217
0.037567
-0.11484
-0.27823
-0.24597
-0.32718
-0.31238
-0.2431
-0.30908
-0.25021
-0.14691
-0.075775
0.064331
0.15189
0.20758
0.15491
0.089813
0.030426
-0.096588
-0.11438
-0.15057
-0.19147
-0.22989
-0.24548
-0.27905
-0.27988
-0.17706
-0.089355
0.019775
0.13107
0.1875
0.17706
0.14151
0.12598
0.07132
0.044037
0.045502
-0.0014954
-0.021454
-0.058258
-0.066681
-0.052979
-0.013794
0.059357
0.096008
0.15137
0.16312
0.16669
0.17526
0.16724
0.16406
0.14606
0.096832
0.049469
-0.020477
-0.099304
-0.11786
-0.14908
-0.16589
-0.15643
-0.13321
-0.13843
-0.16873
-0.13589
-0.14816
-0.13492
-0.10162
-0.24313
-0.28513
-0.39322
-0.60803
-0.34921
-0.32971
-0.10034
0.26193
0.28629
0.56302
0.47086
0.66107
0.64868
0.68082
0.79993
0.57913
0.47806
0.14975
-0.09494
-0.33942
-0.4324
-0.42145
-0.38269
-0.29565
-0.20731
-0.20667
-0.1391
-0.049774
0.017639
0.17392
0.22665
0.26709
0.17062
0.07547
-0.056641
-0.18039
-0.21194
-0.25027
-0.25223
-0.26526
-0.2601
-0.25537
-0.20404
-0.10901
-0.0013733
0.10165
0.17828
0.1922
0.17862
0.14172
0.10187
0.068268
0.040894
0.0083313
-0.044922
-0.073608
-0.10425
-0.10608
-0.045746
0.0075989
0.062775
0.11707
0.14105
0.14517
0.13922
0.14774
0.11917
0.10141
0.074951
0.012909
-0.032471
-0.086395
-0.19312
-0.25082
-0.25168
-0.31229
-0.29794
-0.27139
-0.26669
-0.24811
-0.30872
-0.23196
-0.07666
-0.026093
0.25931
0.41873
0.45239
0.54416
0.45636
0.44669
0.35364
0.36026
0.33746
0.2099
0.15302
-0.027527
-0.16699
-0.23831
-0.22638
-0.18121
-0.10266
-0.017334
-0.011871
-0.049316
-0.05014
-0.087189
-0.080475
-0.018921
-0.0057678
-0.00073242
-0.062134
-0.12457
-0.21103
-0.25101
-0.20996
-0.16455
-0.090149
-0.027771
-0.0099487
-0.020477
-0.015961
-0.0093689
0.022491
0.059784
0.055786
0.048981
-0.0079651
-0.052368
-0.051178
-0.04184
0.03894
0.095642
0.14468
0.16226
0.13388
0.1218
0.090118
0.091125
0.092255
0.090363
0.075317
0.045502
0.016724
-0.0061951
-0.016449
-0.027527
-0.037659
-0.034058
-0.046875
-0.065094
-0.041962
-0.0089417
-0.0077209
0.0084534
-0.030823
-0.1199
-0.19662
-0.29312
-0.32962
-0.41089
-0.4212
-0.41031
-0.54083
-0.36655
-0.21216
-0.077637
0.33713
0.56033
0.72556
0.83517
0.79703
0.73877
0.55225
0.51715
0.36346
0.15369
0.029907
-0.21808
-0.40054
-0.49118
-0.46597
-0.36227
-0.21417
-0.007843
0.091797
0.10257
0.15359
0.087524
0.059479
0.070557
0.036591
-0.012146
-0.12201
-0.22919
-0.37967
-0.43732
-0.40332
-0.31351
-0.1503
0.023224
0.10449
0.16711
0.18222
0.15948
0.17978
0.1893
0.20813
0.15125
0.063904
-0.077301
-0.2446
-0.3165
-0.323
-0.25388
-0.1022
0.023651
0.11719
0.17407
0.18185
0.19153
0.1908
0.2182
0.22052
0.2059
0.16672
0.088531
0.014984
-0.049988
-0.081543
-0.096832
-0.08194
-0.047455
-0.048126
-0.023682
0.0089722
0.028259
0.05249
0.080566
0.060394
-0.034546
-0.14874
-0.30087
-0.4209
-0.51221
-0.61389
-0.55127
-0.55203
-0.6008
-0.26608
-0.13416
0.12006
0.60471
0.75082
0.97971
0.96796
0.92001
0.72546
0.48114
0.39209
0.1088
-0.0448
-0.20468
-0.37204
-0.50647
-0.50461
-0.38788
-0.26349
-0.041382
0.19278
0.24591
0.27484
0.25586
0.11908
0.036743
-0.055725
-0.11777
-0.2229
-0.30185
-0.34576
-0.42249
-0.40228
-0.29517
-0.18942
-0.036194
0.10587
0.17981
0.19943
0.19653
0.18259
0.1265
0.10379
0.055695
-0.045532
-0.15936
-0.22784
-0.30664
-0.30994
-0.17587
-0.078003
0.081329
0.21017
0.26276
0.2735
0.25079
0.24146
0.1951
0.19211
0.1781
0.11404
0.071991
0.011322
-0.059814
-0.081329
-0.075623
-0.046173
-0.031036
0.010834
0.016144
0.0098572
0.042023
0.0057678
0.020752
-0.0027771
-0.16626
-0.26318
-0.35504
-0.5433
-0.61243
-0.58066
-0.62521
-0.60941
-0.36951
-0.17343
0.025848
0.45648
0.68845
0.8363
0.96832
0.91861
0.80597
0.59708
0.48712
0.25378
0.016998
-0.10187
-0.3028
-0.46301
-0.45502
-0.39917
-0.31168
-0.089417
0.09845
0.21677
0.24124
0.2681
0.17236
0.053619
0.030945
-0.083801
-0.16162
-0.23288
-0.32028
-0.40585
-0.4173
-0.35684
-0.26822
-0.12836
0.038513
0.12482
0.17648
0.21448
0.17236
0.14081
0.10773
0.042267
-0.031067
-0.10052
-0.19736
-0.25476
-0.26636
-0.22855
-0.12677
-0.0077209
0.12048
0.19724
0.24567
0.23947
0.21585
0.18927
0.16104
0.15005
0.13245
0.10364
0.077484
0.034302
-0.0020752
-0.014252
-0.027924
-0.020386
-0.00012207
0.02063
0.023743
0.056641
0.042542
0.011353
0.019867
-0.064392
-0.17648
-0.26291
-0.36331
-0.49173
-0.56216
-0.59583
-0.62848
-0.61957
-0.45001
-0.19391
0.0024414
0.42612
0.68542
0.81485
0.97226
0.8754
0.79938
0.60538
0.48712
0.29681
0.08316
-0.056396
-0.2796
-0.43326
-0.46573
-0.41794
-0.31131
-0.073547
0.091034
0.22458
0.25079
0.23343
0.14359
0.024414
-0.0093689
-0.11377
-0.15985
-0.23801
-0.31992
-0.39026
-0.41284
-0.36252
-0.26685
-0.11783
0.045624
0.14844
0.20511
0.2226
0.17175
0.1279
0.083649
0.046783
-0.015289
-0.0896
-0.17429
-0.26657
-0.30496
-0.28186
-0.18228
-0.038971
0.1109
0.22516
0.27921
0.27017
0.24588
0.20447
0.17734
0.16714
0.15436
0.13373
0.092957
0.055023
0.0054932
-0.028473
-0.021759
-0.012756
0.0038147
0.026947
0.019257
0.013977
0.0028076
-0.012787
0.0071716
-0.035583
-0.12329
-0.21527
-0.38846
-0.52829
-0.64835
-0.71051
-0.67554
-0.66299
-0.43054
-0.19348
0.028412
0.41971
0.64664
0.84113
0.98398
0.95947
0.90881
0.7196
0.5733
0.33524
0.083221
-0.095245
-0.32089
-0.44693
-0.4834
-0.42465
-0.31757
-0.12747
0.039398
0.14865
0.211
0.20676
0.15707
0.067078
0.02063
-0.076233
-0.15802
-0.24118
-0.34189
-0.41846
-0.42755
-0.38748
-0.28165
-0.11304
0.035248
0.1629
0.2211
0.25055
0.22104
0.17661
0.13983
0.080139
-6.1035e-05
-0.099213
-0.19522
-0.31055
-0.34485
-0.30756
-0.211
-0.043121
0.11847
0.24069
0.30121
0.29947
0.26822
0.21341
0.18741
0.17459
0.1615
0.15396
0.1167
0.061401
-0.011749
-0.065918
-0.069977
-0.070953
-0.038544
-0.00015259
0.021606
0.02948
-0.011169
-0.026855
-0.022034
-0.17587
-0.24234
-0.25342
-0.47446
-0.5462
-0.57013
-0.65958
-0.71146
-0.50867
-0.30151
-0.11615
0.3537
0.60187
0.83121
0.97156
0.98285
0.91229
0.72971
0.64551
0.41357
0.20493
0.013855
-0.23029
-0.444
-0.53238
-0.53592
-0.45251
-0.24039
-0.02597
0.13956
0.22787
0.26859
0.18619
0.10117
0.031555
-0.047058
-0.11911
-0.18094
-0.25793
-0.36533
-0.41193
-0.42432
-0.36868
-0.23199
-0.05835
0.10388
0.22498
0.29904
0.29276
0.23584
0.18121
0.093018
0.0063171
-0.072327
-0.1615
-0.24661
-0.30597
-0.29956
-0.26669
-0.16147
-0.0083313
0.11246
0.22833
0.29376
0.29648
0.2662
0.22
0.18674
0.15479
0.1496
0.13525
0.10532
0.058472
-0.021057
-0.073608
-0.10681
-0.10165
-0.057587
-0.013885
0.063202
0.07428
0.033203
0.031586
-0.062683
-0.23734
-0.31015
-0.40207
-0.56265
-0.60358
-0.60532
-0.6795
-0.61313
-0.38516
-0.18558
0.14905
0.54355
0.79816
0.99295
0.99997
0.99997
0.82648
0.64264
0.48648
0.22333
0.045319
-0.16791
-0.39075
-0.52963
-0.57849
-0.52917
-0.37631
-0.14389
0.061462
0.21448
0.28824
0.27811
0.17502
0.10037
0.0061951
-0.080597
-0.13461
-0.22797
-0.31421
-0.40991
-0.44669
-0.42322
-0.32401
-0.14688
0.027985
0.18744
0.29391
0.31403
0.28732
0.22095
0.13895
0.04776
-0.060913
-0.1398
-0.24362
-0.32297
-0.31052
-0.30215
-0.19284
-0.03009
0.098328
0.2403
0.30859
0.32007
0.28391
0.23404
0.19168
0.15857
0.15594
0.14456
0.11136
0.0672
-0.0074463
-0.074768
-0.11581
-0.12903
-0.10571
-0.052216
0.017426
0.04306
0.047974
0.034271
-0.074005
-0.2471
-0.33307
-0.45239
-0.62521
-0.61188
-0.61188
-0.67307
-0.49283
-0.2919
-0.11594
0.26425
0.56915
0.81604
0.99997
0.99997
0.99997
0.8183
0.67264
0.43436
0.15833
-0.029266
-0.26321
-0.42526
-0.53888
-0.5358
-0.48691
-0.34308
-0.1402
0.032318
0.17038
0.27234
0.26868
0.21918
0.15811
0.032104
-0.061615
-0.17899
-0.2886
-0.38202
-0.44788
-0.44736
-0.40494
-0.28741
-0.13409
0.012604
0.15921
0.2543
0.29669
0.30121
0.27014
0.21103
0.091736
-0.022247
-0.1329
-0.28784
-0.3248
-0.30884
-0.28561
-0.13022
-0.0065613
0.11197
0.21524
0.26544
0.28168
0.25668
0.25137
0.21579
0.19247
0.17795
0.13284
0.078827
0.01593
-0.042725
-0.085602
-0.1207
-0.10559
-0.094604
-0.08197
-0.023407
0.00042725
-0.00085449
-0.015656
-0.11624
-0.21692
-0.36292
-0.51016
-0.5946
-0.69196
-0.66846
-0.57416
-0.37662
-0.13831
0.17542
0.48776
0.69257
0.92892
0.978
0.99997
0.91837
0.78149
0.59103
0.33307
0.084381
-0.19742
-0.39957
-0.57541
-0.59271
-0.56342
-0.43051
-0.23294
-0.07782
0.091309
0.17795
0.23538
0.23517
0.20975
0.1662
0.074432
-0.036743
-0.17044
-0.31665
-0.43488
-0.49063
-0.48355
-0.39609
-0.25949
-0.09729
0.048828
0.16663
0.25204
0.2789
0.29749
0.2771
0.21579
0.13025
0.035492
-0.10718
-0.19745
-0.2547
-0.29153
-0.21347
-0.14215
-0.0224
0.088043
0.16302
0.22586
0.23419
0.2442
0.23059
0.20819
0.1972
0.16577
0.12466
0.071594
-0.010712
-0.067261
-0.13052
-0.16113
-0.1532
-0.13971
-0.079773
-0.040436
-0.019287
0.014679
-0.069794
-0.16006
-0.22559
-0.41934
-0.50464
-0.55435
-0.6507
-0.56259
-0.40851
-0.25214
0.049286
0.3317
0.56445
0.79724
0.8931
0.97791
0.91718
0.84143
0.70392
0.4686
0.25543
-0.026947
-0.26334
-0.478
-0.58524
-0.60739
-0.55807
-0.40558
-0.25043
-0.099609
0.051147
0.14676
0.20752
0.24301
0.23499
0.19931
0.11118
0.0052795
-0.13248
-0.27731
-0.38184
-0.45752
-0.45972
-0.40533
-0.30115
-0.16586
-0.038818
0.097198
0.19482
0.26917
0.30994
0.30017
0.26544
0.18814
0.088837
-0.0095215
-0.10022
-0.16873
-0.20078
-0.18906
-0.14755
-0.078003
0.0074768
0.082916
0.14767
0.19748
0.22687
0.24237
0.24469
0.23065
0.19995
0.14743
0.070221
0.0049744
-0.083344
-0.15598
-0.17398
-0.20651
-0.17734
-0.15192
-0.13171
-0.097595
-0.17773
-0.18985
-0.23904
-0.40817
-0.39304
-0.45773
-0.54379
-0.38718
-0.32938
-0.1633
0.11722
0.28436
0.54568
0.67065
0.79263
0.86261
0.79282
0.81662
0.66589
0.53387
0.35434
0.11703
-0.091827
-0.328
-0.46655
-0.56442
-0.59018
-0.51529
-0.42303
-0.29648
-0.14474
-0.041565
0.082367
0.15479
0.20663
0.24945
0.21243
0.18036
0.082031
-0.038635
-0.15527
-0.28217
-0.36063
-0.40854
-0.40488
-0.34702
-0.2601
-0.14035
-0.017761
0.095764
0.18106
0.23068
0.25665
0.24567
0.22241
0.19193
0.146
0.10022
0.047943
-0.0046997
-0.055603
-0.087097
-0.0979
-0.088196
-0.04425
0.008667
0.058167
0.10712
0.14365
0.15787
0.16293
0.15323
0.12604
0.085632
0.029236
-0.037567
-0.10526
-0.15622
-0.18185
-0.20352
-0.19485
-0.20215
-0.23685
-0.22116
-0.26694
-0.3121
-0.28271
-0.33566
-0.31299
-0.23206
-0.18805
-0.040344
0.093933
0.23749
0.38165
0.4711
0.56741
0.59787
0.61386
0.62271
0.56995
0.51587
0.42371
0.29749
0.15057
-0.01825
-0.16879
-0.31094
-0.4187
-0.465
-0.48914
-0.46381
-0.41119
-0.34769
-0.25616
-0.16772
-0.062927
0.034546
0.11368
0.17874
0.20175
0.20102
0.16864
0.11221
0.047485
-0.026794
-0.094635
-0.14865
-0.18655
-0.19977
-0.20078
-0.1832
-0.16187
-0.14148
-0.10059
-0.060638
-0.00091553
0.078766
0.15274
0.22192
0.26373
0.26944
0.23715
0.17569
0.11115
0.050568
0.012604
-0.0066528
-0.023102
-0.035339
-0.063751
-0.086548
-0.095612
-0.094757
-0.076141
-0.057037
-0.036316
-0.02713
-0.022339
-0.018402
-0.01889
-0.0078125
0.0032043
0.024048
0.041992
0.043762
0.040894
0.019592
-0.0038452
-0.032379
-0.065582
-0.084381
-0.11353
-0.12479
-0.12137
-0.12811
-0.097504
-0.080444
-0.062012
-0.021973
-0.0045471
0.038666
0.078125
0.13174
0.19034
0.23474
0.27963
0.28891
0.28406
0.26859
0.23743
0.19702
0.15179
0.095795
0.035767
-0.026154
-0.083466
-0.13123
-0.17014
-0.18539
-0.19492
-0.18732
-0.17346
-0.15985
-0.14279
-0.12524
-0.104
-0.08255
-0.056671
-0.03418
-0.014069
-0.0005188
0.0080566
0.012787
0.011932
0.0063477
3.0518e-05
-0.0047913
-0.011047
-0.011627
-0.012543
-0.012634
-0.013855
-0.016022
-0.016357
-0.022369
-0.025085
-0.02774
-0.033875
-0.033112
-0.030579
-0.0242
-0.013947
-0.0036316
0.015411
0.035889
0.057587
0.084137
0.1088
0.13141
0.15057
0.15875
0.15646
0.14426
0.12131
0.094452
0.066254
0.038055
0.011139
-0.011719
-0.030365
-0.050903
-0.072449
-0.091644
-0.10641
-0.11334
-0.11609
-0.11325
-0.10876
-0.10455
-0.099304
-0.094849
-0.088318
-0.080475
-0.067627
-0.053497
-0.044861
-0.028961
-0.016663
-0.010071
0.0054321
0.012787
0.020386
0.031158
0.034912
0.043793
0.053467
0.064026
0.07724
0.092804
0.1105
0.12347
0.13342
0.13959
0.14142
0.13712
0.13144
0.12341
0.11298
0.10034
0.087219
0.072449
0.055756
0.036987
0.013184
-0.015076
-0.047333
-0.079926
-0.11191
-0.14011
-0.16199
-0.17892
-0.18915
-0.19382
-0.19183
-0.18491
-0.17392
-0.16016
-0.14264
-0.1217
-0.10104
-0.079712
-0.055664
-0.031799
-0.0099792
0.012421
0.034424
0.052826
0.067474
0.081329
0.095215
0.10776
0.11838
0.12738
0.13306
0.13321
0.12875
0.1225
0.11188
0.099274
0.087189
0.076202
0.065918
0.055145
0.040863
0.026123
0.011658
-0.0058899
-0.018341
-0.026794
-0.035614
-0.043365
-0.051636
-0.062073
-0.073578
-0.083649
-0.088409
-0.087677
-0.081573
-0.070374
-0.058746
-0.046631
-0.036377
-0.028351
-0.018707
-0.010559
-0.001709
0.0056763
0.01004
0.0092468
0.0068359
0.007782
0.0049438
0.0049744
0.0075073
0.0076904
0.0081177
0.0087891
0.010071
0.010254
0.010925
0.010193
0.011108
0.013763
0.015045
0.016815
0.016785
0.016693
0.016876
0.013519
0.011505
0.013489
0.012543
0.015503
0.022308
0.029388
0.038086
0.042938
0.043152
0.040039
0.035309
0.029266
0.023712
0.018311
0.013794
0.0097351
0.0015259
-0.0049744
-0.0089417
-0.012665
-0.019043
-0.023499
-0.027985
-0.034698
-0.039551
-0.046326
-0.048737
-0.050964
-0.05661
-0.060516
-0.062714
-0.062469
-0.057159
-0.049713
-0.039734
-0.026367
-0.01828
-0.010101
-0.0024414
0.0055847
0.015137
0.022644
0.029968
0.035736
0.03891
0.040253
0.039276
0.036041
0.033112
0.03067
0.028625
0.028534
0.030762
0.029846
0.027893
0.028564
0.025452
0.020874
0.016968
0.012146
0.0071716
0.0021973
-0.004425
-0.014557
-0.023468
-0.032074
-0.038818
-0.042023
-0.045441
-0.04776
-0.046661
-0.042694
-0.036957
-0.029297
-0.020355
-0.011261
-0.0024414
0.0094299
0.020416
0.030151
0.039154
0.042511
0.045349
0.047577
0.047546
0.048676
0.046478
0.042786
0.039948
0.033905
0.027374
0.020813
0.012756
0.0032959
-0.0073547
-0.014709
-0.020264
-0.026367
-0.031769
-0.033997
-0.03476
-0.034637
-0.034088
-0.03479
-0.033813
-0.035187
-0.034485
-0.031464
-0.030273
-0.026733
-0.023651
-0.02066
-0.019104
-0.02002
-0.020721
-0.019409
-0.015381
-0.011505
-0.0057678
0.0014038
0.0072327
0.014038
0.020966
0.030273
0.037048
0.043091
0.049286
0.050262
0.050354
0.049164
0.046021
0.043182
0.039917
0.0354
0.02887
0.022247
0.014923
0.0082092
0.0032654
-0.0015564
-0.0073853
-0.011536
-0.015747
-0.022034
-0.026184
-0.030426
-0.034271
-0.036591
-0.0401
-0.042267
-0.042938
-0.042969
-0.044098
-0.042847
-0.038788
-0.035187
-0.030487
-0.024017
-0.0159
-0.007019
0.00073242
0.0091553
0.016876
0.025116
0.033478
0.038177
0.042694
0.047028
0.047791
0.048553
0.04895
0.046661
0.042542
0.035156
0.028717
0.023071
0.015228
0.0094299
0.0027466
-0.0027466
-0.0084229
-0.015594
-0.020264
-0.021942
-0.021912
-0.022766
-0.021484
-0.019958
-0.020782
-0.020386
-0.018005
-0.014984
-0.014069
-0.014648
-0.014771
-0.01767
-0.022186
-0.025055
-0.028503
-0.030029
-0.032501
-0.035004
-0.035126
-0.035217
-0.031708
-0.025665
-0.017303
-0.0046692
0.0073853
0.018677
0.030396
0.039734
0.049866
0.058685
0.061523
0.063141
0.061981
0.058868
0.053009
0.043243
0.033875
0.023865
0.012878
0.0026245
-0.0058289
-0.013885
-0.021484
-0.0289
-0.033051
-0.034668
-0.035126
-0.032532
-0.028931
-0.024323
-0.02121
-0.016907
-0.011292
-0.0055542
-0.00057983
0.0019836
0.0059814
0.0088501
0.0089722
0.0088196
0.0068359
0.0054016
0.0050049
0.0028992
0.00067139
-0.00067139
-0.0012817
-0.00064087
-0.00030518
-0.0010071
-0.00061035
-0.0014954
-0.0014038
-0.00021362
0.00073242
0.0017395
0.00085449
0.0013123
3.0518e-05
-0.0014038
-0.0035095
-0.0082397
-0.0097961
-0.010376
-0.010223
-0.0087891
-0.0077209
-0.0063171
-0.005188
-0.0039368
-0.0007019
0.0019531
0.0047302
0.007019
0.0093689
0.012451
0.012756
0.012573
0.012299
0.011261
0.0099182
0.0072632
0.0043945
0.00177
-0.00027466
-0.0024414
-0.0029907
-0.0022888
-0.0010376
0.00073242
0.0031738
0.0064392
0.0082703
0.0081177
0.0068359
0.0052185
0.0014648
-0.0019836
-0.0040283
-0.0059509
-0.0082397
-0.012177
-0.016205
-0.018311
-0.020935
-0.022888
-0.0224
-0.02243
-0.019897
-0.015015
-0.010956
-0.0055847
0.00030518
0.0053406
0.010864
