0.022308
0.012756
0.0028992
-0.0050964
-0.011322
-0.016815
-0.021606
-0.022858
-0.022003
-0.019287
-0.014038
-0.0089722
-0.0032654
0.0027161
0.0093689
0.013977
0.016235
0.017181
0.016144
0.014221
0.011383
0.0080566
0.0033264
-0.0023499
-0.0059814
-0.0089111
-0.010193
-0.010376
-0.011078
-0.0099792
-0.0075989
-0.0039368
0.00012207
0.0038452
0.0062866
0.0080261
0.0088806
0.0087891
0.010498
0.0097656
0.0057068
0.0014343
-0.0033264
-0.0054626
-0.0063171
-0.0077209
-0.0099792
-0.012909
-0.013885
-0.012451
-0.0092468
-0.0057068
-0.0032654
-0.0014648
3.0518e-05
0.0025024
0.005249
0.0078735
0.0079346
0.0036926
0.00045776
-0.0042725
-0.0064697
-0.0050049
-0.0038452
-0.0022888
-0.0039978
-0.0043945
-0.00088501
0.0038452
0.01001
0.01651
0.020386
0.019897
0.01944
0.01947
0.020172
0.02124
0.018585
0.01413
0.0053711
-0.0017395
-0.0056763
-0.0062561
-0.0041199
-0.0088501
-0.013824
-0.016846
-0.015686
-0.007782
-0.00045776
0.0054016
0.0032043
-0.00177
-0.0023804
-0.00094604
0.00073242
-0.0048828
-0.020203
-0.039368
-0.052704
-0.053223
-0.04892
-0.051208
-0.074524
-0.11374
-0.14066
-0.13419
-0.091675
-0.033325
0.014618
0.034882
0.044098
0.070801
0.11841
0.17642
0.22684
0.24228
0.2178
0.17532
0.13235
0.098511
0.078278
0.053497
0.0048523
-0.054443
-0.10818
-0.14392
-0.1506
-0.13876
-0.12558
-0.11496
-0.097778
-0.07193
-0.037628
0.0023804
0.033661
0.051758
0.062256
0.062012
0.049866
0.033783
0.014954
-0.0070801
-0.026398
-0.0466
-0.069458
-0.085175
-0.089813
-0.085541
-0.072937
-0.052948
-0.033844
-0.014954
0.010071
0.03363
0.052887
0.068329
0.075165
0.074493
0.067932
0.05603
0.040131
0.024811
0.010895
-0.0056152
-0.020508
-0.030762
-0.038177
-0.039886
-0.032806
-0.021393
-0.010437
0.0022888
0.015106
0.024658
0.032562
0.036896
0.036865
0.033722
0.028595
0.019592
0.004364
-0.011658
-0.025818
-0.036407
-0.040497
-0.0401
-0.035217
-0.028564
-0.02121
-0.01123
0.002655
0.017822
0.03244
0.043671
0.049622
0.050201
0.047272
0.043365
0.036926
0.027557
0.015594
0.0033569
-0.0076904
-0.015533
-0.020416
-0.023804
-0.025787
-0.025696
-0.023895
-0.019043
-0.010529
-0.00021362
0.0085754
0.010071
0.0039673
-0.0016174
-0.0038147
-0.0083923
-0.016357
-0.028198
-0.046997
-0.063934
-0.070801
-0.068085
-0.06073
-0.06311
-0.10367
-0.16852
-0.19363
-0.15182
-0.062164
0.037415
0.092255
0.092346
0.098541
0.14261
0.20306
0.26508
0.30518
0.28149
0.21182
0.13397
0.060425
0.019806
0.014587
-0.014191
-0.08667
-0.15613
-0.19461
-0.18765
-0.1373
-0.091431
-0.076965
-0.062561
-0.03479
-0.0046387
0.033752
0.071075
0.083893
0.078491
0.05838
0.019745
-0.013031
-0.026093
-0.039307
-0.061829
-0.084351
-0.10657
-0.1149
-0.094147
-0.063782
-0.040192
-0.014435
0.010376
0.02832
0.048401
0.064026
0.068207
0.06955
0.063263
0.039734
0.012634
-0.0037842
-0.012756
-0.016144
-0.019348
-0.027161
-0.032715
-0.0271
-0.010834
0.0087891
0.023682
0.030731
0.032959
0.03714
0.041443
0.041656
0.034912
0.02243
0.0093689
-0.0015869
-0.0068665
-0.005249
-0.0018311
-0.0021057
-0.0057373
-0.0079651
-0.0038147
0.0088196
0.022156
0.027863
0.028473
0.026459
0.021698
0.018311
0.016205
0.012054
0.0042114
-0.0032043
-0.008606
-0.016266
-0.021698
-0.019714
-0.018982
-0.027283
-0.039459
-0.054749
-0.078064
-0.095764
-0.095001
-0.08725
-0.082947
-0.12122
-0.23053
-0.31799
-0.28244
-0.14972
0.0085754
0.12897
0.16141
0.16306
0.2164
0.2912
0.35672
0.41974
0.41354
0.29721
0.14661
0.023376
-0.040314
-0.024536
-0.021851
-0.1105
-0.1969
-0.20422
-0.15912
-0.076385
0.00048828
0.011749
-0.0021973
0.0041809
0.00045776
0.0022583
0.028595
0.021057
-0.036102
-0.095154
-0.14017
-0.14771
-0.10529
-0.075012
-0.085297
-0.087952
-0.070007
-0.042572
0.003479
0.046875
0.060333
0.06189
0.054657
0.031372
0.02356
0.034241
0.030365
0.012756
-0.0093079
-0.030823
-0.029785
-0.0090332
-0.00057983
0.0012817
0.014008
0.023254
0.028412
0.040833
0.048584
0.051086
0.052551
0.04248
0.028473
0.032257
0.038757
0.028564
0.013519
-0.0040588
-0.019196
-0.016052
-0.0041504
0.0007019
0.012329
0.027649
0.026215
0.02179
0.02475
0.022095
0.014343
0.004425
-0.018341
-0.032166
-0.023712
-0.028534
-0.050812
-0.053619
-0.057983
-0.077057
-0.07666
-0.07785
-0.089447
-0.083221
-0.15231
-0.33325
-0.41226
-0.30057
-0.13269
0.045502
0.18741
0.21292
0.23615
0.31439
0.34598
0.39197
0.46985
0.39587
0.18259
0.0025024
-0.11279
-0.12891
-0.056793
-0.066406
-0.14972
-0.14383
-0.078796
-0.013611
0.084717
0.13461
0.080322
0.011688
-0.048157
-0.096802
-0.074097
-0.04483
-0.10068
-0.1655
-0.17416
-0.14285
-0.064148
0.021088
0.045288
0.036133
0.027985
0.005249
-0.0059814
0.0074768
-0.0022278
-0.04306
-0.082336
-0.10367
-0.088989
-0.04126
-0.00042725
0.019348
0.029022
0.026031
0.026031
0.041748
0.054443
0.05365
0.043182
0.021637
-0.004303
-0.020935
-0.012573
0.023926
0.064423
0.085022
0.086334
0.078094
0.06778
0.060211
0.047516
0.031525
0.017242
0.0011597
-0.015594
-0.01535
0.0012207
0.016266
0.018555
-0.0013733
-0.030365
-0.032776
-0.024384
-0.027985
-0.032166
-0.044586
-0.065247
-0.083344
-0.1395
-0.18433
-0.17041
-0.26508
-0.45645
-0.45392
-0.26633
-0.060944
0.16312
0.31189
0.33066
0.37549
0.40695
0.37268
0.41217
0.41998
0.23126
-0.0064697
-0.15714
-0.22476
-0.15329
-0.025513
0.016449
0.031982
0.058289
0.085205
0.1384
0.19159
0.13727
-0.02243
-0.16562
-0.25229
-0.28696
-0.25226
-0.19687
-0.16638
-0.12115
-0.053406
0.027008
0.13705
0.20419
0.1629
0.068268
-0.02063
-0.097443
-0.14743
-0.16959
-0.17932
-0.17267
-0.14087
-0.085632
-0.0062561
0.079102
0.12195
0.11362
0.085388
0.061188
0.042114
0.019501
-0.036987
-0.085541
-0.073822
-0.0038147
0.099365
0.18671
0.21381
0.19031
0.16031
0.11542
0.085846
0.073608
0.045349
-0.0016174
-0.036194
-0.03949
-0.013031
0.020782
0.01474
-0.029785
-0.081879
-0.10205
-0.10287
-0.1004
-0.11548
-0.15677
-0.19415
-0.17938
-0.14145
-0.080872
-0.11569
-0.41049
-0.7464
-0.63269
-0.15878
0.2598
0.56635
0.69409
0.52902
0.35901
0.35065
0.39658
0.47525
0.39771
-0.0085144
-0.3717
-0.4617
-0.32413
-0.024872
0.26956
0.28308
0.14813
0.11942
0.17755
0.23468
0.19885
-0.023895
-0.34833
-0.51358
-0.48322
-0.33084
-0.088074
0.042542
0.020874
-0.0054016
0.050903
0.14627
0.21307
0.14856
-0.058228
-0.24216
-0.31073
-0.26495
-0.14975
-0.032715
0.0069885
-0.010742
0.0019226
0.047943
0.10416
0.11353
-0.0031433
-0.14655
-0.19
-0.12671
0.032745
0.21436
0.29269
0.25928
0.21729
0.16089
0.11655
0.092316
0.049622
-0.0028381
-0.023193
0.0016174
0.0383
0.097107
0.12579
0.086182
0.016602
0.0055237
0.0012207
-0.029266
-0.12842
-0.23135
-0.29755
-0.41428
-0.43121
-0.43686
-0.61191
-0.6593
-0.37054
-0.069702
0.24457
0.50122
0.55307
0.44757
0.37964
0.3273
0.32883
0.33658
0.15994
-0.087006
-0.19992
-0.13165
0.01535
0.23666
0.36545
0.27905
0.18396
0.12469
0.099182
0.078644
-0.025848
-0.24356
-0.41071
-0.40839
-0.28271
-0.074677
0.089722
0.12457
0.084503
0.069305
0.080078
0.087952
0.041046
-0.090393
-0.23315
-0.29742
-0.25803
-0.1474
-0.026154
0.047394
0.05249
0.043945
0.033813
0.027863
0.0055237
-0.075439
-0.21082
-0.28674
-0.23819
-0.098358
0.082733
0.24423
0.31216
0.28043
0.20105
0.12985
0.081238
0.040955
-0.0033875
-0.015686
0.019379
0.066895
0.1142
0.14236
0.13031
0.097168
0.068298
0.01181
-0.013916
-0.028442
-0.10449
-0.20255
-0.24075
-0.28458
-0.40747
-0.42535
-0.63544
-0.75854
-0.42865
-0.09906
0.29626
0.47812
0.61496
0.44635
0.3746
0.4032
0.31149
0.31555
0.081299
-0.1073
-0.23154
-0.12216
0.095764
0.26245
0.42181
0.28186
0.19946
0.14819
0.10892
0.028625
-0.16141
-0.35974
-0.5119
-0.41476
-0.20853
0.0022583
0.129
0.108
0.054749
0.02832
0.055115
0.029724
-0.050415
-0.19128
-0.30698
-0.28513
-0.16006
0.0061646
0.097382
0.12363
0.081238
0.041138
0.029755
0.020844
-0.046448
-0.22058
-0.26468
-0.16956
0.029541
0.21735
0.31558
0.29089
0.17615
0.12994
0.079163
0.072144
0.033813
-0.0097046
-0.038239
-0.01651
0.044159
0.079376
0.10501
0.076752
0.020477
-0.063995
-0.043701
-0.047272
-0.058105
-0.14502
-0.20706
-0.33466
-0.52283
-0.57925
-0.86194
-0.57724
-0.25702
0.17157
0.47964
0.5899
0.65399
0.36169
0.48596
0.31439
0.27438
0.14359
-0.11481
-0.15109
-0.21796
0.1138
0.24625
0.43045
0.41617
0.23715
0.23529
0.091858
0.03476
-0.17477
-0.35727
-0.46649
-0.44373
-0.20258
-0.027802
0.14056
0.14633
0.082214
0.029968
-0.010773
-0.035217
-0.14252
-0.22427
-0.30603
-0.29449
-0.16168
-0.021606
0.083801
0.092621
0.061615
0.0016479
-0.015289
-0.032471
-0.12149
-0.17215
-0.13724
-0.012451
0.13724
0.26959
0.32294
0.27579
0.19516
0.13425
0.092072
0.066071
0.034088
0.021027
0.029449
0.040375
0.057343
0.063751
0.075989
0.040985
-0.017365
-0.10538
-0.17569
-0.23206
-0.2428
-0.22736
-0.42905
-0.63867
-1
-0.83057
-0.29745
0.087372
0.51212
0.51611
0.59683
0.30737
0.50076
0.53339
0.38446
0.27667
-0.1655
-0.19269
-0.21545
0.17194
0.39133
0.42566
0.43466
0.20428
0.30286
0.26242
0.17773
-0.11203
-0.48865
-0.62152
-0.57419
-0.22635
0.0053101
0.10614
0.081146
0.0030212
0.064575
0.10962
0.08313
-0.09726
-0.3201
-0.42038
-0.36642
-0.16901
-0.024078
0.022583
0.0079041
-0.013153
0.031891
0.076721
0.050568
-0.042236
-0.16843
-0.16183
-0.043945
0.12744
0.22534
0.2572
0.24222
0.1926
0.21335
0.22498
0.20596
0.12793
0.060333
0.012177
-0.003479
0.030365
0.067657
0.074982
0.048615
0.015778
-0.015198
-0.077301
-0.19791
-0.29175
-0.49347
-0.71567
-1
-1
-0.52621
-0.10715
0.42493
0.55664
0.70981
0.42484
0.6188
0.60687
0.35626
0.24942
-0.19519
-0.2569
-0.32065
0.034363
0.27908
0.3905
0.55206
0.38303
0.50186
0.43622
0.29471
-0.0055542
-0.40561
-0.59042
-0.64697
-0.38187
-0.17706
-0.02832
0.073059
0.091125
0.177
0.20834
0.19064
0.011475
-0.23471
-0.39169
-0.43039
-0.31979
-0.19064
-0.088623
-0.063812
-0.018494
0.051788
0.072479
0.050598
-0.015381
-0.092712
-0.12558
-0.030334
0.12177
0.21133
0.25031
0.21255
0.17017
0.17642
0.23245
0.21198
0.12973
0.078125
0.043396
0.049957
0.063995
0.050659
-0.02298
-0.024506
-0.039307
-0.076843
-0.088654
-0.27182
-0.5834
-1
-1
-0.65768
-0.29047
0.21332
0.42386
0.62766
0.44675
0.73654
0.74081
0.39047
0.23929
-0.11911
-0.25943
-0.31244
-0.069092
0.057739
0.19449
0.48007
0.46567
0.57498
0.58157
0.42426
0.10901
-0.2052
-0.42947
-0.57504
-0.49054
-0.38318
-0.29276
-0.079498
0.11951
0.24054
0.28619
0.28122
0.147
-0.059937
-0.22552
-0.39124
-0.42953
-0.40057
-0.33826
-0.23502
-0.059875
0.061798
0.12885
0.16202
0.076599
-0.01474
0.0023193
0.066864
0.082336
0.12436
0.12094
0.10846
0.16046
0.22205
0.21915
0.18408
0.16705
0.12766
0.12778
0.13983
0.075684
-0.0159
-0.062897
-0.14639
-0.17865
-0.24606
-0.40201
-0.94571
-1
-0.66193
-0.44937
-0.13058
0.15613
0.48758
0.45352
0.74979
0.84015
0.48535
0.36386
0.18729
-0.071442
-0.34027
-0.3063
-0.24942
-0.13345
0.23834
0.39334
0.47699
0.55634
0.57306
0.41049
0.15543
-0.14896
-0.49652
-0.57297
-0.46323
-0.41351
-0.32187
-0.14383
0.077087
0.23648
0.40701
0.36301
0.17499
0.032715
-0.080353
-0.21786
-0.3988
-0.47144
-0.46475
-0.27567
-0.039825
0.08725
0.12659
0.077362
0.11136
0.14597
0.15469
0.052155
-0.017517
-0.029388
0.031647
0.14603
0.18454
0.18637
0.16467
0.15244
0.13855
0.16833
0.11835
0.024231
0.028473
-0.017822
-0.12881
-0.23712
-0.4126
-0.90622
-1
-0.56329
-0.50015
-0.32382
0.011139
0.38504
0.39719
0.77289
0.87601
0.5416
0.53751
0.46982
0.13135
-0.21832
-0.25702
-0.36108
-0.33478
-0.02121
0.0069885
0.11884
0.43301
0.63669
0.51181
0.32477
0.10318
-0.17664
-0.25381
-0.32953
-0.53091
-0.61172
-0.43387
-0.21057
-0.0029907
0.23001
0.30368
0.27451
0.3129
0.27539
0.085693
-0.1304
-0.28412
-0.39874
-0.38806
-0.28107
-0.2363
-0.13831
0.030701
0.1825
0.23367
0.28238
0.25735
0.18005
0.12579
0.076752
-0.0015564
-0.019897
0.058167
0.092285
0.065002
0.087524
0.094208
0.091187
0.07254
0.04071
-0.079376
-0.15735
-0.23022
-0.54044
-1
-0.88046
-0.52087
-0.55191
-0.33578
0.038055
0.25668
0.48743
0.92242
0.73657
0.64059
0.76569
0.63077
0.20456
0.016174
-0.086395
-0.32602
-0.20126
-0.15451
-0.28351
-0.095581
0.27383
0.32922
0.26315
0.31543
0.18628
0.067139
0.032501
-0.17032
-0.44022
-0.47388
-0.41263
-0.42804
-0.3349
-0.1282
0.011871
0.13547
0.25937
0.26089
0.18649
0.14877
0.073792
-0.10391
-0.2085
-0.22287
-0.24051
-0.22775
-0.14798
-0.073486
0.019623
0.20438
0.27191
0.25714
0.2674
0.26721
0.17786
0.1434
0.14291
0.081451
0.042847
0.068298
0.044861
-0.023712
-0.0093079
0.0059814
-0.037384
-0.10495
-0.22903
-0.35287
-0.8476
-0.91843
-0.56641
-0.63632
-0.6351
-0.27478
0.098297
0.12436
0.62872
0.61194
0.6308
0.84067
0.95682
0.55093
0.31955
0.34982
0.019867
-0.080719
-0.16428
-0.32303
-0.31772
0.028656
0.069122
-0.051544
0.11676
0.17194
0.12869
0.14188
0.067108
-0.14337
-0.17505
-0.14154
-0.35031
-0.41928
-0.27686
-0.24542
-0.25232
-0.12576
-0.025543
-0.014252
0.12027
0.13211
0.040375
0.087158
0.13794
0.0092163
-0.090485
-0.033173
-0.071899
-0.038422
0.026794
0.018677
0.042908
0.20242
0.2518
0.17572
0.19464
0.21674
0.20267
0.1767
0.15179
0.077423
0.044464
0.015961
-0.022675
-0.048065
-0.082977
-0.16498
-0.24582
-0.45779
-0.85516
-0.62357
-0.58139
-0.70837
-0.63358
-0.2103
-0.15161
0.129
0.45291
0.45786
0.6918
0.90875
0.80881
0.51019
0.64798
0.45386
0.17935
0.041748
-0.14886
-0.27939
-0.17862
-0.12329
-0.2923
-0.13474
-0.00088501
-0.016205
0.029633
0.11996
0.092834
0.064209
0.098389
-0.055481
-0.11838
-0.083221
-0.13171
-0.26401
-0.26917
-0.246
-0.28397
-0.23053
-0.18436
-0.15607
-0.083099
0.016296
0.029144
0.069427
0.13055
0.15073
0.12192
0.11145
0.10452
0.12827
0.15836
0.14716
0.10825
0.1011
0.12866
0.15308
0.14099
0.12094
0.10626
0.091919
0.059082
0.014008
0.018066
0.024475
-0.021057
-0.099762
-0.17004
-0.27206
-0.6181
-0.54449
-0.51019
-0.69
-0.68573
-0.38077
-0.32419
-0.20377
0.15237
0.23242
0.49951
0.75885
0.81848
0.63162
0.82001
0.70535
0.45453
0.32431
0.16339
-0.051636
-0.1658
-0.21426
-0.40054
-0.32172
-0.28326
-0.32779
-0.27362
-0.10645
-0.054443
-0.028076
0.10007
0.10336
0.15884
0.19696
0.16931
0.070312
0.066345
-0.014404
-0.14966
-0.21188
-0.25046
-0.29153
-0.32257
-0.29379
-0.28259
-0.21494
-0.12894
-0.032898
0.010986
0.097168
0.19815
0.24176
0.25229
0.28369
0.26239
0.24438
0.24869
0.19296
0.10532
0.10193
0.063293
-0.003418
-0.035522
-0.061188
-0.063446
-0.011322
-0.034058
-0.037598
-0.011353
-0.0070496
-0.067932
-0.12094
-0.40332
-0.39508
-0.29077
-0.52734
-0.58521
-0.3717
-0.32999
-0.35562
-0.038727
0.026611
0.24286
0.50967
0.56851
0.47134
0.76437
0.7326
0.54962
0.55188
0.47482
0.21191
0.14752
0.031067
-0.25839
-0.25034
-0.30768
-0.52539
-0.51456
-0.37466
-0.45627
-0.36884
-0.1694
-0.12686
-0.0071411
0.17126
0.20093
0.24988
0.38135
0.29239
0.21841
0.22928
0.10779
-0.053284
-0.081726
-0.18973
-0.31485
-0.30905
-0.35318
-0.38519
-0.28336
-0.21143
-0.19
-0.042999
0.076508
0.12683
0.24298
0.32809
0.33722
0.36801
0.35242
0.25241
0.21066
0.17682
0.0802
0.019989
-0.010437
-0.08371
-0.12167
-0.10852
-0.14001
-0.14664
-0.11453
-0.11914
-0.13873
-0.12781
-0.34088
-0.23999
-0.17996
-0.34052
-0.32724
-0.14343
-0.22079
-0.18542
-0.01767
-0.041443
0.10333
0.30252
0.25903
0.2887
0.543
0.48077
0.4649
0.52316
0.47528
0.32715
0.3519
0.1434
-0.017578
-0.028015
-0.18622
-0.40015
-0.38123
-0.41748
-0.51044
-0.42404
-0.38223
-0.35876
-0.19092
-0.066284
-0.022095
0.15649
0.26468
0.25742
0.3248
0.35507
0.26721
0.23825
0.19022
0.050964
-0.014069
-0.068787
-0.21216
-0.25369
-0.26123
-0.3255
-0.31335
-0.24731
-0.23413
-0.16293
-0.082916
-0.030609
0.054749
0.14893
0.17487
0.23691
0.29324
0.29083
0.2738
0.26257
0.21259
0.18198
0.13913
0.058868
0.00064087
-0.042786
-0.089722
-0.11978
-0.14185
-0.14441
-0.15631
-0.13199
-0.22293
-0.25854
-0.13425
-0.21957
-0.25864
-0.18469
-0.14972
-0.2189
-0.094818
-0.12311
-0.077026
0.06839
0.13754
0.095642
0.27988
0.33698
0.32959
0.40753
0.44516
0.36102
0.38623
0.35367
0.18924
0.14905
0.077118
-0.10107
-0.17593
-0.20233
-0.33871
-0.35825
-0.32565
-0.35297
-0.31479
-0.21747
-0.19373
-0.13004
-0.0061035
0.02774
0.074677
0.16382
0.16861
0.16641
0.2019
0.17438
0.1246
0.12213
0.060547
-0.0082092
-0.03186
-0.082672
-0.13843
-0.13831
-0.17682
-0.19144
-0.15613
-0.1488
-0.15692
-0.091553
-0.041107
-0.011719
0.045746
0.081818
0.099792
0.14078
0.15723
0.15848
0.1824
0.19183
0.17871
0.1741
0.16449
0.12155
0.094452
0.057953
0.0023499
-0.032501
-0.056488
-0.093781
-0.11902
-0.14474
-0.16455
-0.18335
-0.21579
-0.18863
-0.19293
-0.18506
-0.17065
-0.14154
-0.15042
-0.10818
-0.085419
-0.075623
-0.035339
0.028992
0.05072
0.10458
0.16919
0.20169
0.25659
0.30112
0.29611
0.29575
0.31396
0.26276
0.21902
0.18298
0.11334
0.036316
-0.0098267
-0.080719
-0.14053
-0.14844
-0.17133
-0.19238
-0.17313
-0.15802
-0.16791
-0.14139
-0.12302
-0.12021
-0.10059
-0.084686
-0.081604
-0.061737
-0.046631
-0.048309
-0.033813
-0.0092773
0.0022278
0.015259
0.040009
0.049042
0.059082
0.073792
0.077301
0.078491
0.085449
0.080933
0.079071
0.078827
0.067017
0.049042
0.036255
0.026062
0.012787
0.0036926
-0.0023804
-0.0074463
-0.011322
-0.02179
-0.035095
-0.039368
-0.046906
-0.052826
-0.05484
-0.056519
-0.054077
-0.04599
-0.035736
-0.033478
-0.023376
-0.0067749
0.0063782
0.013702
0.022278
0.033173
0.034149
0.029724
0.032288
0.034607
0.03775
0.035675
0.028839
0.022278
0.018127
0.011627
6.1035e-05
-0.0039978
-0.0097046
-0.021179
-0.029297
-0.02536
-0.01767
-0.010742
-0.0036621
-0.0091248
-0.014252
-0.01712
-0.027985
-0.038879
-0.044586
-0.052094
-0.058563
-0.057526
-0.046021
-0.034149
-0.01297
0.010834
0.030487
0.044067
0.062805
0.072693
0.072083
0.078705
0.083008
0.080902
0.085602
0.078156
0.063843
0.058624
0.052094
0.041626
0.037903
0.031281
0.015198
0.0090332
0.0033569
-0.012482
-0.03006
-0.036865
-0.047638
-0.065918
-0.0737
-0.082184
-0.091125
-0.09671
-0.10208
-0.10065
-0.090973
-0.085144
-0.081421
-0.066833
-0.053589
-0.045227
-0.033417
-0.02124
-0.0057373
0.0063782
0.01825
0.033447
0.050537
0.063324
0.070282
0.080475
0.087952
0.08667
0.079926
0.076569
0.072998
0.059326
0.042816
0.036469
0.028046
0.019348
0.011597
-0.0014038
-0.011383
-0.016632
-0.023468
-0.030792
-0.033142
-0.034302
-0.036591
-0.039246
-0.040009
-0.032715
-0.020935
-0.018585
-0.015472
-0.011169
-0.012146
-0.011871
-0.0095215
-0.0093994
-0.0068054
-0.0058594
-0.0031738
-0.00045776
0.0038757
0.0072327
0.0088501
0.011932
0.013489
0.019073
0.02597
0.027222
0.029327
0.029419
0.031738
0.028931
0.02655
0.020691
0.014374
0.011597
0.0067749
0.001709
-0.0013123
0.0011902
-0.00061035
-0.0061035
-0.0088196
-0.01239
-0.017181
-0.024323
-0.030762
-0.032623
-0.036133
-0.038513
-0.045074
-0.052612
-0.048798
-0.043182
-0.03949
-0.036896
-0.028503
-0.016785
-0.01062
-0.0036621
0.0039368
0.011444
0.02063
0.03006
0.035797
0.043549
0.051025
0.050018
0.051849
0.05249
0.044861
0.039215
0.033783
0.029175
0.01947
0.01178
0.010498
0.0079041
0.0030212
-0.0015259
-0.0046082
-0.002594
-0.0055847
-0.009613
-0.0096741
-0.01062
-0.014252
-0.017242
-0.019684
-0.026123
-0.026642
-0.030579
-0.033478
-0.032043
-0.031647
-0.035522
-0.031219
-0.024597
-0.02298
-0.015503
-0.0078735
0.00048828
0.0069275
0.010223
0.015961
0.018951
0.023254
0.02533
0.025696
0.025299
0.025787
0.032135
0.032959
0.030823
0.025055
0.022003
0.018463
0.011169
0.0074158
-0.0020752
-0.0065613
-0.011169
-0.01886
-0.019226
-0.018463
-0.021393
-0.0242
-0.022949
-0.025177
-0.028809
-0.026367
-0.022827
-0.020111
-0.020844
-0.019257
-0.010406
-0.0056458
-0.0043945
-0.0010986
0.0032043
0.0093384
0.014435
0.017212
0.016357
0.01947
0.019623
0.014221
0.018127
0.018188
0.015533
0.0177
0.01944
0.017975
0.017029
0.019012
0.019928
0.01767
0.016663
0.015778
0.013184
0.0091248
0.0037537
-0.0036316
-0.007843
-0.010101
-0.017395
-0.021576
-0.025482
-0.029327
-0.035034
-0.035889
