0.0014648
0.0007019
0.00076294
3.0518e-05
-6.1035e-05
0.00057983
0.0011597
0.0010376
0.00064087
0.00097656
0.00079346
0.00027466
-0.00045776
-0.00030518
-0.00018311
-0.00097656
-0.0012817
-0.0015564
-0.0018616
-0.0019836
-0.0018616
-0.0019226
-0.0016479
-0.00091553
0.00030518
0.00012207
0.00073242
0.00097656
0.0014343
0.00088501
0.00036621
0.0019836
0.0010681
0.0016785
0.00091553
0.00030518
0.00027466
3.0518e-05
0.00064087
0.00061035
0.00012207
-0.0011292
-0.00085449
-0.0011597
-0.0011292
-0.00018311
-0.00012207
-0.00039673
-0.00094604
-6.1035e-05
0.00091553
0.00042725
0.00027466
0.0007019
0.0010681
0.0015259
0.0012512
0.00045776
-0.00027466
-0.00057983
0
0.00027466
-0.00033569
-0.00057983
-0.0011292
-0.00042725
0.00033569
-0.00012207
-0.00091553
-0.00067139
-0.0010071
-0.0012817
0.00061035
0.0013123
0.00030518
0.00067139
0.00076294
0.00048828
-0.00012207
6.1035e-05
0.0012817
-0.0013733
-0.0011292
0.0014954
0.0010986
-0.00094604
-0.0019836
0.00015259
0.0021362
-0.0015259
-0.0022888
-0.0010071
-0.00033569
0.0021362
0.00076294
-0.0028076
-0.001709
-0.0074768
0.013367
-0.00061035
-0.083313
0.094116
0.0063171
-0.089691
0.11526
-0.052155
0.012268
0.042877
-0.049469
0.040283
-0.012146
0.00064087
-0.0013428
-0.0024109
-0.018158
-0.021667
0.0065918
0.0072937
-0.066101
-0.013
0.087128
-0.063782
0.016968
0.041656
-0.02356
0.048737
-0.0072632
0.013184
0.021271
-0.0028076
0.0035706
-0.00048828
-0.0049744
-0.022369
-0.0097961
-0.0086365
-0.0094604
-0.012634
-0.010101
-0.0031433
-0.0025635
-0.0046387
-0.00097656
0.0019531
0.0032959
0.011627
0.0056458
0.010651
0.0085144
0.0083313
0.0059204
0.00024414
0.0075073
-0.0020142
0.01178
0.0052185
-0.0016479
0.011078
-0.007782
0.0088806
0.0019836
-0.0092163
0.0098572
-0.010712
0.0047607
-0.0014954
-0.014954
-0.010803
-0.016083
-0.011169
-0.010162
-0.008728
0.0033569
0.00094604
0.0083923
0.0065002
-0.034485
-0.040192
-0.059418
-0.088165
-0.06781
-0.049072
-0.048401
-0.019196
0.0094604
0.011536
0.014435
0.061249
0.051544
0.093262
0.13574
0.096375
0.16537
0.12308
0.11264
0.11203
0.059509
0.055634
0.014801
0.01593
-0.031586
-0.0043945
-0.029266
-0.055145
-0.014313
-0.030548
0.012299
0.03241
0.020081
0.036499
-0.11865
-0.49802
-0.54764
-0.57693
-0.58524
-0.23636
-0.11118
-0.037323
0.17349
0.23251
0.28571
0.47284
0.5051
0.38684
0.39258
0.22998
0.023987
-0.014862
-0.10242
-0.1521
-0.073761
-0.047943
-0.034698
0.087921
0.11429
0.08783
0.12167
0.066254
-0.00036621
-0.014343
-0.072937
-0.12344
-0.091675
-0.12598
-0.15744
-0.14093
-0.14624
-0.064697
0.0177
0.054657
0.092896
0.079529
0.057312
0.056305
0.061768
0.0495
0.062775
0.083557
0.11249
0.15295
0.14487
0.14886
0.1459
0.094086
-0.059052
-0.14923
-0.57718
-0.98471
-0.78021
-0.83435
-0.51178
0.057037
0.088654
0.30698
0.47699
0.40826
0.43631
0.57224
0.42081
0.25497
0.23813
-0.074493
-0.19437
-0.11038
-0.11258
-0.0084229
0.17661
0.19485
0.17474
0.23788
0.11844
0.023926
0.024109
-0.095764
-0.15393
-0.13159
-0.16687
-0.14923
-0.068848
-0.11353
-0.10797
-0.019836
-0.035522
0.018707
0.10236
0.05899
0.07605
0.0896
0.020081
0.031982
0.034271
-0.00033569
0.073883
0.12283
0.095886
0.13699
0.13385
0.10248
0.081207
-0.019562
-0.2634
-0.91547
-0.95856
-0.85342
-0.83817
-0.065369
0.17432
0.2049
0.48639
0.34625
0.26544
0.44226
0.47025
0.2709
0.29153
0.070068
-0.21707
-0.080841
-0.023865
0.070465
0.29874
0.32419
0.23019
0.21844
0.12396
-0.037628
-0.03595
-0.097626
-0.18375
-0.14468
-0.12897
-0.15628
-0.098297
-0.098633
-0.14899
-0.055084
-0.022461
-0.038605
0.054993
0.043976
0.023132
0.10138
0.068298
0.037354
0.071747
0.033752
0.045776
0.15659
0.1658
0.14487
0.18094
0.12518
0.053497
0.021149
-0.28198
-1
-1
-0.93182
-0.89902
-0.00018311
0.27975
0.27911
0.5914
0.34607
0.19235
0.38287
0.38348
0.22308
0.26456
0.03891
-0.26117
-0.1073
-0.0097656
0.10123
0.38748
0.40314
0.26788
0.23065
0.08197
-0.078918
-0.042877
-0.085022
-0.13699
-0.078522
-0.098145
-0.14468
-0.088623
-0.15631
-0.19351
-0.058472
-0.043945
-0.0046692
0.095459
0.047485
0.048645
0.094757
0.035767
0.037415
0.080078
0.043213
0.095703
0.19864
0.19879
0.19717
0.19659
0.12393
0.036713
-0.15973
-0.94702
-1
-1
-1
-0.24081
0.36636
0.33182
0.64673
0.44257
0.14407
0.26889
0.35568
0.26608
0.26938
0.16367
-0.23441
-0.23395
-0.054138
0.034882
0.36758
0.50909
0.33542
0.24789
0.11279
-0.094666
-0.066223
-0.023285
-0.08313
-0.026215
-0.051666
-0.17432
-0.16599
-0.16284
-0.14792
-0.029236
0.040161
0.062256
0.098145
0.092987
0.042938
0.032471
0.0064392
-0.015411
0.03363
0.063599
0.1095
0.21365
0.24252
0.19714
0.18091
0.09198
-0.1257
-0.70425
-1
-1
-1
-0.61673
0.26938
0.36035
0.58859
0.60001
0.16061
0.1796
0.26996
0.25528
0.29169
0.27951
-0.02005
-0.22375
-0.096313
-0.03833
0.20364
0.48886
0.39319
0.30746
0.19241
-0.043182
-0.077637
-0.0013428
0.03009
0.039703
0.0023193
-0.13519
-0.24167
-0.20572
-0.18576
-0.07193
0.085815
0.083862
0.1113
0.11249
0.0071716
-0.0093994
-0.02179
-0.045563
0.032166
0.079285
0.088959
0.18552
0.2135
0.17377
0.19247
0.05304
-0.33746
-1
-1
-1
-1
-0.072784
0.46896
0.47333
0.7554
0.36453
0.053894
0.23972
0.25082
0.30756
0.38412
0.21658
-0.11581
-0.19763
-0.11676
-0.025665
0.30939
0.436
0.29245
0.22781
0.027618
-0.15408
-0.083405
0.028442
0.061676
0.064575
0.014221
-0.16638
-0.20062
-0.14236
-0.13562
0.070557
0.17441
0.10779
0.14206
0.057281
-0.050476
0.0014343
0.01181
0.033539
0.11743
0.10849
0.10556
0.15421
0.12933
0.087585
0.030212
-0.3519
-1
-1
-1
-1
-0.015167
0.48123
0.5061
0.83643
0.35999
0.023834
0.21194
0.19516
0.30579
0.47324
0.33368
-0.022217
-0.14075
-0.15271
-0.12683
0.26804
0.43054
0.3175
0.30841
0.015961
-0.26538
-0.16263
-0.09436
-0.0072937
0.1582
0.067719
-0.077728
-0.089569
-0.17917
-0.1582
0.066681
0.1413
0.15067
0.19107
0.050262
-0.052063
-0.012085
-0.019623
0.057465
0.16525
0.14023
0.16739
0.17142
0.072998
0.051544
-0.12741
-0.79272
-1
-1
-1
-0.63379
0.30765
0.48889
0.80258
0.76462
0.17987
0.1521
0.16296
0.14896
0.40381
0.46088
0.23917
-0.0043335
-0.13028
-0.2117
-0.041992
0.29376
0.35251
0.38898
0.28482
-0.11926
-0.24637
-0.25061
-0.2204
0.041412
0.1001
0.030518
0.018799
-0.12164
-0.17392
-0.054901
0.055969
0.14587
0.21814
0.16077
0.033081
-0.020752
-0.070404
-0.038055
0.097961
0.16354
0.2291
0.24808
0.14066
0.039825
-0.091522
-0.48337
-1
-1
-1
-0.96399
-0.039642
0.38156
0.49536
0.83081
0.37344
0.10287
0.24176
0.12369
0.26596
0.43561
0.31516
0.10626
-0.0383
-0.1225
-0.13013
0.14474
0.29077
0.27896
0.37851
0.098206
-0.1749
-0.15808
-0.27328
-0.12363
0.058258
-0.023346
0.012238
-0.045441
-0.1517
-0.08725
0.012085
0.10303
0.17114
0.19949
0.1076
0.02002
0.0024414
-0.053406
0.031982
0.14127
0.15512
0.23172
0.1958
0.11002
0.054779
-0.2467
-0.87082
-1
-1
-1
-0.46588
0.29623
0.46558
0.81097
0.64496
0.13187
0.17203
0.12796
0.15387
0.43326
0.43155
0.2352
0.03772
-0.13403
-0.2193
-0.059875
0.19806
0.27292
0.375
0.26443
-0.077881
-0.16101
-0.2446
-0.22372
-0.019257
0.0019531
0.031464
0.0043945
-0.1181
-0.11801
-0.052246
0.072235
0.16647
0.2114
0.19171
0.073456
0.021576
-0.020142
-0.0083313
0.10516
0.12146
0.19138
0.23212
0.11307
0.084625
-0.05899
-0.64133
-1
-1
-1
-0.79446
0.13495
0.38318
0.68417
0.83588
0.22705
0.098572
0.15387
0.032471
0.31189
0.48761
0.33414
0.14713
-0.046417
-0.22021
-0.18698
0.098114
0.24268
0.31955
0.38376
0.058441
-0.17987
-0.18015
-0.2551
-0.064728
0.10895
0.023682
0.017548
-0.093536
-0.23746
-0.13293
0.012451
0.12537
0.2515
0.25064
0.11511
0.022888
-0.050415
-0.096924
0.037201
0.13785
0.13806
0.21396
0.17661
0.072693
0.068787
-0.03653
-0.61337
-1
-1
-1
-0.74057
0.18256
0.37555
0.78946
0.83847
0.19785
0.11868
0.058319
-0.015472
0.31885
0.46951
0.37927
0.20093
-0.021851
-0.22244
-0.22208
0.037842
0.14343
0.27856
0.37769
0.050873
-0.1185
-0.17697
-0.2818
-0.079742
0.03418
0.023132
0.05658
-0.063782
-0.1636
-0.11786
0.0010376
0.12274
0.21603
0.2645
0.14658
0.03714
-0.010468
-0.081207
0.026031
0.13995
0.13742
0.23474
0.22668
0.10663
0.079712
-0.11697
-0.78955
-1
-1
-1
-0.57718
0.32373
0.44217
0.82285
0.76077
0.10504
0.10443
0.057678
0.012299
0.37823
0.47891
0.33517
0.15201
-0.085022
-0.25235
-0.17783
0.087128
0.20496
0.31006
0.32605
0.0021973
-0.15366
-0.1817
-0.22934
-0.010956
0.078339
-0.002655
0.0036621
-0.13275
-0.21771
-0.083313
0.047668
0.17596
0.27139
0.22751
0.085663
-0.0097046
-0.072388
-0.081116
0.072418
0.15158
0.13504
0.18756
0.1449
0.085846
0.094971
0.066742
-0.29437
-1
-1
-1
-1
-0.080994
0.41592
0.642
0.99997
0.43262
0.017426
0.051636
-0.1127
0.14978
0.50421
0.49704
0.35876
0.087494
-0.20236
-0.32867
-0.14392
0.087219
0.22073
0.40381
0.23489
-0.069519
-0.1452
-0.28397
-0.20215
0.022491
0.024414
0.059845
0.0093994
-0.18286
-0.1825
-0.053528
0.076416
0.23984
0.31235
0.19843
0.060974
-0.024231
-0.099487
-0.021729
0.1402
0.17578
0.21133
0.23651
0.15616
0.07309
0.02948
-0.077301
-0.74728
-1
-1
-1
-0.604
0.39368
0.3761
0.92816
0.84439
-0.0050659
0.063293
-0.074249
-0.11139
0.39532
0.48782
0.41321
0.20648
-0.11044
-0.29343
-0.28543
0.049927
0.20615
0.33267
0.45282
0.049774
-0.13406
-0.16263
-0.32675
-0.065735
0.093933
0.030151
0.10364
-0.038757
-0.224
-0.14752
-0.0045776
0.11221
0.26028
0.30771
0.1066
-0.012268
-0.050171
-0.13742
0.062897
0.21048
0.1499
0.21991
0.15283
0.058838
0.058258
-0.018402
-0.034088
-0.62039
-1
-1
-1
-0.66315
0.33133
0.35281
0.89273
0.82816
0.005249
0.042206
-0.087219
-0.08551
0.3898
0.49051
0.44095
0.19748
-0.12079
-0.28705
-0.28497
0.049927
0.20837
0.34723
0.48724
0.091431
-0.12347
-0.18347
-0.34201
-0.099792
0.081451
0.05954
0.10294
-0.02182
-0.18582
-0.17404
-0.043488
0.08432
0.20636
0.29224
0.13199
0.0050354
-0.01532
-0.1105
0.052338
0.20819
0.13818
0.1972
0.15283
0.047516
0.071869
-0.0075684
0.035278
-0.40497
-1
-1
-1
-0.91602
0.30719
0.34006
0.74338
0.96967
0.010376
-0.053192
-0.066193
-0.17798
0.33975
0.52713
0.48901
0.27899
-0.065063
-0.25534
-0.35455
-0.041077
0.18817
0.24625
0.48618
0.18549
-0.11996
-0.1124
-0.30283
-0.13385
0.11383
0.097931
0.142
0.03125
-0.15613
-0.18271
-0.091553
0.010162
0.11053
0.2323
0.14316
0.054352
0.05481
-0.062439
0.043518
0.17227
0.094818
0.16412
0.14114
0.068207
0.15463
0.050171
0.052338
-0.34363
-1
-1
-1
-0.96652
0.30252
0.38531
0.67133
0.94946
0.013733
-0.10315
-0.061188
-0.16492
0.31628
0.50073
0.47412
0.24527
-0.12094
-0.24557
-0.34515
-0.035461
0.27939
0.26813
0.45459
0.20795
-0.15747
-0.12531
-0.22641
-0.093445
0.17599
0.18414
0.15039
0.021454
-0.18146
-0.24359
-0.12048
0.0026245
0.09021
0.22806
0.16129
0.040558
0.041077
-0.071655
-0.011871
0.15106
0.098694
0.1488
0.15231
0.037384
0.12277
0.083893
0.037201
0.037537
-0.80664
-1
-1
-1
-0.35593
0.43863
0.39905
0.98309
0.54211
-0.15118
-0.039001
-0.18866
0.015991
0.42422
0.49915
0.40613
0.037354
-0.17566
-0.31564
-0.27713
0.16913
0.26062
0.35403
0.4686
0.027893
-0.12396
-0.10834
-0.22223
0.031311
0.19986
0.12396
0.095886
-0.054047
-0.23621
-0.20038
-0.048706
0.035645
0.14529
0.22491
0.099731
0.045227
0.013519
-0.076935
0.059967
0.13077
0.089966
0.17764
0.10782
0.09964
0.17941
0.044739
0.075775
-0.60965
-1
-1
-1
-0.64044
0.48126
0.35165
0.92825
0.75659
-0.1727
-0.065399
-0.19839
-0.11234
0.40454
0.48148
0.44696
0.10248
-0.18393
-0.26154
-0.32571
0.12881
0.32022
0.3002
0.5054
0.086853
-0.16458
-0.073059
-0.21313
0.019714
0.22623
0.15152
0.11343
-0.086853
-0.25043
-0.25143
-0.12997
0.046936
0.1257
0.22131
0.14935
0.010681
0.010254
-0.069397
0.01474
0.16208
0.11487
0.17691
0.14819
0.042358
0.16959
0.11414
0.11877
-0.093506
-1
-1
-1
-1
0.068207
0.44958
0.5416
0.99997
0.18997
-0.21765
-0.074219
-0.25494
0.15643
0.47586
0.46997
0.29828
-0.089783
-0.18857
-0.30923
-0.11206
0.32852
0.2659
0.43646
0.36902
-0.11057
-0.052612
-0.093903
-0.10065
0.19809
0.18771
0.10223
-0.018707
-0.21622
-0.26129
-0.19952
-0.010925
0.098663
0.15628
0.19229
0.026215
-0.021515
-0.024597
-0.046844
0.12546
0.15271
0.13699
0.18698
0.064941
0.08963
0.17709
0.10471
0.1709
-0.6084
-1
-1
-1
-0.71048
0.5538
0.38525
0.95639
0.78848
-0.26486
-0.14487
-0.22577
-0.14331
0.43091
0.53165
0.44623
0.1015
-0.17896
-0.27264
-0.2822
0.2019
0.37271
0.37018
0.54718
0.082916
-0.14478
-0.062012
-0.20294
0.065094
0.23987
0.12668
0.087616
-0.12131
-0.29895
-0.28769
-0.15341
0.042816
0.14819
0.24826
0.14636
-0.013
-0.011139
-0.10486
0.0088196
0.18088
0.12003
0.21252
0.16782
0.0040894
0.16626
0.16324
0.12796
0.083252
-0.96533
-1
-1
-1
-0.24319
0.55457
0.48712
0.99997
0.42792
-0.2886
-0.12949
-0.2934
0.043701
0.48392
0.54001
0.40729
-0.011627
-0.14767
-0.28946
-0.18768
0.33865
0.3313
0.46719
0.51706
-0.042358
-0.090759
-0.10483
-0.20291
0.10785
0.17426
0.10797
0.03833
-0.17404
-0.29175
-0.28745
-0.082275
0.063171
0.1351
0.25027
0.059967
-0.032715
-6.1035e-05
-0.091919
0.083435
0.17032
0.11166
0.21228
0.10947
0.043365
0.19077
0.1543
0.21027
-0.12418
-1
-1
-1
-1
0.10242
0.52359
0.64816
0.99997
0.1488
-0.29077
-0.15936
-0.26721
0.18835
0.54779
0.5632
0.31894
-0.072113
-0.16605
-0.30923
-0.057831
0.37747
0.32205
0.51874
0.39407
-0.091949
-0.047699
-0.12585
-0.12689
0.14331
0.12436
0.07486
-0.019653
-0.19772
-0.25299
-0.21225
-0.046814
0.046692
0.13855
0.19681
0.048218
0.012451
-0.024078
-0.050293
0.10889
0.11215
0.13422
0.18869
0.064575
0.090698
0.19681
0.13828
0.2193
-0.30853
-1
-1
-1
-1
0.35733
0.48285
0.70911
0.99997
-0.047577
-0.28195
-0.15112
-0.21216
0.29535
0.5773
0.55161
0.24179
-0.11353
-0.15979
-0.31308
0.036652
0.43747
0.32617
0.56195
0.33337
-0.12491
-0.030457
-0.15768
-0.1055
0.14734
0.099304
0.055206
-0.06488
-0.22018
-0.26688
-0.19043
0.0032349
0.044037
0.14108
0.16541
-0.030365
0.0058594
-0.024658
-0.057617
0.15219
0.13104
0.12683
0.18909
0.045685
0.073517
0.23785
0.19562
0.25372
-0.18298
-1
-1
-1
-1
0.19226
0.49597
0.67786
0.99765
0.070862
-0.28989
-0.18887
-0.1778
0.24658
0.55692
0.59225
0.27283
-0.091156
-0.14017
-0.35214
-0.046082
0.41843
0.31851
0.56982
0.41342
-0.092773
-0.05072
-0.17459
-0.16287
0.1207
0.13794
0.12894
0.024628
-0.15591
-0.26645
-0.26733
-0.057129
0.025543
0.13364
0.21307
0.00064087
-0.012878
-0.031647
-0.08374
0.12357
0.142
0.14081
0.18979
0.055664
0.074127
0.20978
0.18399
0.23199
-0.2562
-1
-1
-1
-1
0.21021
0.47827
0.69449
0.97244
0.069305
-0.25574
-0.14734
-0.11447
0.26309
0.54321
0.57019
0.22101
-0.1188
-0.10358
-0.26825
0.010651
0.41833
0.27411
0.43829
0.3287
-0.057587
-0.027039
-0.068176
-0.046783
0.088684
0.10086
0.076416
-0.044403
-0.1293
-0.20947
-0.23325
-0.041351
0.0045776
0.082123
0.17477
0.011292
-0.00061035
-0.0089417
-0.040649
0.10577
0.11493
0.11508
0.13452
0.050934
0.058197
0.17432
0.27261
0.28448
-0.19376
-1
-1
-1
-1
0.032806
0.48926
0.70923
0.98224
0.18234
-0.24133
-0.15359
-0.12897
0.22006
0.54095
0.55704
0.2406
-0.10925
-0.13464
-0.23721
-0.017792
0.40872
0.34875
0.40741
0.36185
-0.011627
-0.086517
-0.049103
-0.051514
0.049316
0.13351
0.083221
-0.046509
-0.099792
-0.1987
-0.24036
-0.040466
0.006134
0.048401
0.1572
0.020355
-0.032043
-0.0073547
-0.031281
0.053345
0.10489
0.10995
0.09903
0.062286
0.050598
0.10706
0.24805
0.28799
0.094421
-0.82648
-1
-1
-1
-0.45956
0.5271
0.51767
0.95251
0.57019
-0.23148
-0.14865
-0.084747
0.073883
0.47113
0.56375
0.34656
-0.081085
-0.1727
-0.14529
-0.1217
0.36902
0.45856
0.3172
0.39493
0.039398
-0.14798
-0.036835
-0.060181
0.057556
0.12927
0.067383
-0.00064087
-0.13361
-0.17209
-0.18622
-0.13171
0.0271
0.019135
0.078888
0.10583
-0.02536
0.013885
0.0016174
-0.0079346
0.073944
0.035736
0.072815
0.069611
0.019836
0.080719
0.14844
0.2821
0.34814
0.039215
-0.97101
-1
-1
-1
-0.2756
0.62256
0.51453
0.90567
0.46945
-0.31711
-0.1062
0.046753
0.17755
0.53461
0.50354
0.19531
-0.20255
-0.21762
-0.048218
0.018646
0.45343
0.54465
0.27652
0.27307
0.017456
-0.20578
-0.045319
0.010651
0.036499
0.1059
0.049835
-0.051788
-0.14752
-0.1474
-0.14587
-0.104
0.029449
0.015533
0.027985
0.071777
-0.018555
-0.0064697
0.043915
0.013519
0.02771
0.065033
0.045685
0.012817
0.049469
0.065033
0.17789
0.38672
0.39508
-0.10263
-1
-1
-1
-1
0.043091
0.71228
0.50693
0.88373
0.27362
-0.40225
0.057098
0.20782
0.29877
0.57806
0.31409
-0.035828
-0.30994
-0.18744
0.16333
0.21677
0.54407
0.58044
0.108
0.11511
0.045807
-0.21472
0.026154
0.11008
-0.040344
0.012848
-0.0005188
-0.091614
-0.11176
-0.061646
-0.0784
-0.10797
0.012848
0.021332
-0.018921
0.085754
0.035309
-0.049561
0.0019836
-0.043365
-0.067291
0.025238
0.046143
0.049133
0.08728
0.070282
0.13666
0.30429
0.35825
0.065857
-1
-1
-1
-1
-0.29492
0.86728
0.4035
0.5882
0.56885
-0.34061
-0.0018616
0.49478
0.2742
0.4386
0.26022
-0.16592
-0.26233
-0.18805
0.26535
0.42258
0.4053
0.59354
0.18936
-0.10132
0.15076
-0.054932
-0.14996
0.13361
-0.054382
-0.17041
0.010651
-0.021179
-0.061859
-0.033142
-0.055267
-0.12003
-0.13617
0.0026245
0.038971
-0.0050659
0.11801
0.029877
-0.13583
-0.0038757
-0.017303
-0.045746
0.14923
0.1069
0.010681
0.094849
0.13879
0.28445
0.43958
0.060089
-1
-1
-1
-1
-0.30853
0.9599
0.36069
0.26651
0.61072
-0.14594
0.01886
0.77621
0.4119
0.19022
0.076111
-0.36929
-0.30762
-0.020844
0.3653
0.64642
0.36255
0.30304
0.3093
-0.093658
0.06369
0.27151
-0.18311
-0.1817
-0.0096436
-0.25449
-0.094513
0.1951
0.027588
-0.079956
-0.058563
-0.13882
-0.1507
-0.047485
0.067627
0.015625
-0.059143
0.016785
-0.038239
-0.10989
0.025787
0.056396
0.0083313
0.078735
0.068237
0.026398
0.10355
0.26999
0.38422
0.37146
-0.44009
-1
-1
-0.72083
-0.93835
0.15884
0.90225
-0.0177
0.00057983
0.59293
0.228
0.40775
0.82782
0.34109
-0.10004
-0.34344
-0.35672
0.058136
0.16296
0.22882
0.55325
0.30197
0.072571
0.45663
0.41321
0.00085449
-0.070312
-0.18692
-0.38739
-0.24454
0.0062866
0.11163
0.061127
-0.08374
-0.087006
-0.01178
-0.067963
-0.048492
0.055389
-0.083923
-0.19855
-0.036255
0.013977
-0.054138
0.010284
0.029144
-0.013824
0.010468
0.022156
0.039032
0.087219
0.086456
0.19327
0.32733
0.2832
-0.2157
-1
-1
-0.53363
-0.29913
-0.29263
0.010345
0.067383
-0.010925
0.20197
0.46536
0.72375
0.78802
0.3537
-0.0071411
0.017242
-0.027222
-0.10257
0.028412
0.063446
0.013885
0.13449
0.293
0.36536
0.33633
0.15668
-0.039398
-0.090942
-0.088379
-0.077087
-0.020721
-0.019623
-0.11777
-0.17371
-0.12634
-0.035156
0.01709
-0.025787
-0.090363
-0.12234
-0.12869
-0.074066
-0.036774
-0.079681
-0.074463
-0.046997
-0.054016
-0.00094604
0.027679
-0.019257
-0.019226
0.0099182
0.033295
0.060974
0.050934
0.033264
0.054474
0.057617
-0.016418
-0.077362
-0.092102
-0.11395
-0.10989
-0.11813
-0.1499
-0.16586
-0.16711
-0.16452
-0.16052
-0.12363
-0.067688
0.008667
0.10919
0.18027
0.23352
0.29788
0.35095
0.3783
0.35535
0.29092
0.21286
0.13336
0.087982
0.045135
-0.011505
-0.041595
-0.08786
-0.13367
-0.12561
-0.12314
-0.12912
-0.11612
-0.12546
-0.12173
-0.085266
-0.055695
-0.023193
3.0518e-05
0.0021973
0.026093
0.047607
0.02005
-0.02887
-0.087158
-0.14163
-0.14233
-0.1055
-0.051483
-0.004303
-0.019958
-0.031494
0.0050659
0.031921
0.059448
0.074951
0.047791
0.028687
0.020905
0.017975
0.033569
0.049103
0.03363
0.0083008
0.015747
0.018616
-0.0014648
-0.0014648
-0.00073242
-0.0024414
0.014038
-0.00061035
-0.031647
-0.064606
-0.11243
-0.12231
-0.12009
-0.11868
-0.061096
0.016968
0.0849
0.14651
0.15518
0.14792
0.16516
0.17282
0.17746
0.15869
0.091217
0.019592
-0.038452
-0.087006
-0.088654
-0.066864
-0.057983
-0.050568
-0.054901
-0.075256
-0.086243
-0.087311
-0.072693
-0.036835
-0.01236
0.013153
0.035156
0.015961
-0.00067139
0.013062
0.03125
0.040771
0.037292
0.0056152
-0.043945
-0.062531
-0.05304
-0.036652
-0.011932
-0.015472
-0.040497
-0.049072
-0.055237
-0.0383
-0.00061035
0.019196
0.040405
0.062531
0.066498
0.059937
0.037323
0.022095
0.027618
0.033417
0.049805
0.062408
0.057922
0.059448
0.055176
0.037231
0.021423
0.0036621
-0.0073242
-0.01355
-0.039429
-0.067841
-0.095245
-0.12408
-0.12207
-0.088562
-0.049744
-0.020355
-0.016296
-0.041016
-0.061371
-0.06192
-0.045563
-0.021088
-0.015442
-0.019867
-0.014801
-0.0040894
0.01944
0.059479
0.09964
0.11511
0.10413
0.090302
0.074677
0.059235
0.060333
0.075195
0.08255
0.083527
0.070465
0.024933
-0.02063
-0.037476
-0.04187
-0.026886
0.00061035
0.0058289
-0.0096436
-0.032013
-0.049225
-0.056519
-0.052673
-0.030762
-0.0099792
-0.0085144
-0.020111
-0.02655
-0.020996
-0.018372
-0.011719
0.0065613
0.0044556
-0.010773
-0.020416
-0.035431
-0.053955
-0.06604
-0.061493
-0.041412
-0.022583
-0.0056152
0.0076294
0.0015259
-0.0076294
0.0081787
0.032379
0.038605
0.030334
0.017395
0.0045471
-0.00015259
0.01059
0.03299
0.055237
0.058502
0.038818
0.0084534
-0.017029
-0.025848
-0.017853
0.0038452
0.023682
0.032349
0.030304
0.0078125
-0.019012
-0.024872
-0.010773
0.013458
0.032623
0.037506
0.02713
0.0028381
-0.016632
-0.021362
-0.011688
0.0054016
0.013641
0.014954
0.008606
-0.0089111
-0.017273
-0.013947
-0.011139
-0.0092468
-0.01181
-0.018433
-0.023773
-0.027313
-0.03241
-0.03653
-0.034821
-0.026337
-0.018188
-0.0098572
-0.002594
-0.0056458
-0.005249
0.0038757
0.013092
0.017792
0.014465
0.0022583
-0.012421
-0.0085144
0.012512
0.037903
0.060913
0.068024
0.053467
0.024567
-0.0050354
-0.013458
0.0012512
0.020691
0.030884
0.029541
0.021332
0.00354
-0.016846
-0.025116
-0.026245
-0.022125
-0.010956
-0.0080261
-0.015076
-0.019867
-0.025085
-0.029633
-0.018921
-0.0007019
0.0083008
0.011749
0.0093384
0.0011597
-0.0056458
-0.006073
-0.002594
-0.0042725
-0.010559
-0.017365
-0.019287
-0.010895
-0.0089722
-0.020691
-0.027802
-0.029602
-0.026367
-0.012665
-0.0036621
0.0016785
0.0064697
0.0028992
0.014435
0.035248
0.036743
0.024811
0.0060425
-0.005127
0.0039978
0.020813
0.042267
0.054504
0.042633
0.013458
-0.011108
-0.012177
0.00073242
0.018036
0.022705
0.0088501
0.00054932
0.0020752
0.00079346
0.0039978
0.0067444
-0.00082397
-0.0010071
0.0066223
0.0038757
-0.0055542
-0.015594
-0.027618
-0.031799
-0.025208
-0.014801
-0.0075073
-0.010315
-0.018494
-0.022705
-0.023224
-0.021484
-0.01886
-0.015533
-0.012604
-0.013733
-0.0096741
-0.0022278
-0.00079346
0.00082397
0.0031738
0.0065918
0.0089417
0.0083618
0.0061646
-0.00082397
-0.0020142
0.010468
0.020294
0.019043
0.016846
0.010193
0.0032043
0.0023804
0.0068054
0.020416
0.02771
0.01889
0.0064392
-0.00015259
-0.0023499
-0.0018616
0.0042419
0.010315
0.010834
0.002655
-0.0059509
-0.00354
0.0036621
0.0084229
0.0049744
-0.0027161
-0.0052795
-0.004303
-0.0021057
0.003479
0.0059204
0.0019531
-0.0021667
-0.00177
0.0047913
0.010803
0.0098572
0.00177
-0.0061646
-0.012604
-0.021362
-0.026031
-0.027435
-0.032837
-0.037262
-0.037964
-0.037323
-0.032257
-0.024139
-0.016235
-0.0058899
0.0007019
0.00012207
0.0014343
0.0067139
0.014343
0.022034
