0.016632
0.018738
0.020355
0.021393
0.021088
0.019043
0.01651
0.013245
0.0091858
0.0048828
0.0011597
-0.0023804
-0.0058289
-0.0087585
-0.010376
-0.010986
-0.010986
-0.010742
-0.0093384
-0.0062256
-0.0028992
0.00054932
0.0038147
0.0069275
0.010406
0.013306
0.014709
0.014984
0.014435
0.013184
0.010986
0.0080261
0.0046997
0.0012512
-0.0019531
-0.004425
-0.0061951
-0.0082092
-0.0092468
-0.0093079
-0.0085144
-0.0072327
-0.005249
-0.0032654
-0.0013123
0.0010681
0.0036011
0.0055542
0.0075684
0.0099182
0.010956
0.011505
0.011566
0.011169
0.0094604
0.0068054
0.0051575
0.0033569
0.00027466
-0.0028381
-0.0052185
-0.0065918
-0.0075378
-0.0086975
-0.0095825
-0.009613
-0.0089417
-0.0066528
-0.0038452
-0.0016174
0.00094604
0.0031128
0.0056458
0.0079651
0.0085754
0.0087585
0.006958
0.0036926
0.00036621
-0.0056152
-0.012299
-0.017639
-0.02356
-0.028717
-0.032104
-0.034668
-0.035767
-0.036011
-0.03479
-0.030884
-0.025726
-0.019501
-0.012695
-0.0053711
0.002655
0.0096741
0.016418
0.024231
0.031769
0.038696
0.045959
0.053986
0.061615
0.066711
0.069092
0.068604
0.066467
0.062286
0.054993
0.04538
0.032532
0.01828
0.0041199
-0.011658
-0.027588
-0.041534
-0.052826
-0.061798
-0.068787
-0.073364
-0.074219
-0.071899
-0.066437
-0.057953
-0.047607
-0.036407
-0.024506
-0.011353
0.00033569
0.011017
0.020569
0.026611
0.030457
0.031616
0.031311
0.029449
0.025177
0.020355
0.014709
0.0085754
0.0023804
-0.0021057
-0.0046997
-0.0077515
-0.01001
-0.011383
-0.011169
-0.0090942
-0.0068665
-0.0040894
-0.00030518
0.0045776
0.0089111
0.011658
0.017609
0.020386
0.021454
0.021942
0.019806
0.017365
0.010834
0.0048218
-0.0012207
-0.0095825
-0.017273
-0.022217
-0.024139
-0.024902
-0.024414
-0.023499
-0.021515
-0.016663
-0.010193
-0.0011292
0.0049438
0.010193
0.016144
0.018646
0.021667
0.025543
0.029694
0.031952
0.031464
0.03064
0.027649
0.024597
0.019928
0.013275
0.0064392
-0.0016174
-0.0070496
-0.012848
-0.017731
-0.020447
-0.022705
-0.021881
-0.02179
-0.021484
-0.020355
-0.020172
-0.019653
-0.020508
-0.021179
-0.022675
-0.025482
-0.028015
-0.031799
-0.035797
-0.039734
-0.041443
-0.041168
-0.039734
-0.035431
-0.029022
-0.019806
-0.0094299
0.002533
0.016113
0.031464
0.049622
0.067932
0.085388
0.10187
0.11414
0.12045
0.12158
0.11765
0.10782
0.093048
0.073608
0.049255
0.022095
-0.0068054
-0.034821
-0.061462
-0.085663
-0.10516
-0.11819
-0.12436
-0.12479
-0.11859
-0.10785
-0.091766
-0.070251
-0.046692
-0.023102
0
0.020508
0.038086
0.050659
0.059448
0.065399
0.066376
0.062073
0.053802
0.042664
0.028687
0.013519
-0.0028076
-0.017761
-0.030212
-0.040375
-0.046448
-0.048737
-0.047729
-0.044189
-0.037292
-0.027435
-0.014801
-0.001709
0.011597
0.025299
0.03653
0.046234
0.053345
0.056458
0.055725
0.050781
0.043152
0.033081
0.020355
0.0054932
-0.010803
-0.025574
-0.038574
-0.049164
-0.055359
-0.056152
-0.051239
-0.040497
-0.026611
-0.01062
0.0073547
0.024658
0.04126
0.055145
0.065125
0.070282
0.068939
0.064301
0.055817
0.04306
0.028015
0.011505
-0.004425
-0.019653
-0.034393
-0.045776
-0.052429
-0.056396
-0.056915
-0.054016
-0.048004
-0.040497
-0.033295
-0.026672
-0.022156
-0.019897
-0.019043
-0.019623
-0.022369
-0.027893
-0.03537
-0.042816
-0.05072
-0.057098
-0.058655
-0.054871
-0.04483
-0.031433
-0.01416
0.010071
0.037079
0.066864
0.09845
0.12711
0.15298
0.17319
0.18378
0.18573
0.1774
0.16049
0.13544
0.10089
0.060242
0.014984
-0.031342
-0.074677
-0.11368
-0.14532
-0.16769
-0.18103
-0.1839
-0.17657
-0.16003
-0.13608
-0.10559
-0.070129
-0.032379
0.0041809
0.036133
0.062958
0.08313
0.093658
0.095642
0.091278
0.079834
0.061859
0.039246
0.014832
-0.0099792
-0.032349
-0.050385
-0.063812
-0.070404
-0.070587
-0.066345
-0.056335
-0.041199
-0.021332
0.00097656
0.023071
0.043945
0.06131
0.074493
0.082275
0.083496
0.078796
0.067139
0.049194
0.027466
0.0048828
-0.017242
-0.037781
-0.05426
-0.064026
-0.068115
-0.068146
-0.061035
-0.047272
-0.029266
-0.0077515
0.014404
0.035431
0.053162
0.066162
0.074127
0.076477
0.07312
0.064178
0.050812
0.035187
0.018158
0.0010071
-0.014587
-0.026764
-0.034821
-0.039368
-0.041321
-0.040283
-0.037415
-0.035156
-0.032715
-0.030609
-0.031281
-0.033234
-0.037598
-0.044464
-0.052826
-0.06369
-0.073608
-0.081024
-0.086609
-0.087921
-0.08432
-0.075714
-0.060272
-0.036011
-0.0079651
0.022461
0.057404
0.093323
0.13089
0.16464
0.18967
0.20972
0.21924
0.21368
0.19824
0.17233
0.13736
0.095581
0.047363
-0.00177
-0.049347
-0.092682
-0.1272
-0.15405
-0.17075
-0.17349
-0.16653
-0.15051
-0.12695
-0.098816
-0.064941
-0.032135
-0.0028687
0.024048
0.04425
0.055511
0.058136
0.052643
0.040436
0.02179
0
-0.022644
-0.044983
-0.062744
-0.072754
-0.075348
-0.072205
-0.063202
-0.045807
-0.023956
-0.00073242
0.023041
0.046906
0.068298
0.083527
0.094025
0.098907
0.096619
0.087646
0.072205
0.051697
0.026459
-0.0012207
-0.029388
-0.053101
-0.071381
-0.082886
-0.082672
-0.075531
-0.061554
-0.039337
-0.014008
0.012695
0.038727
0.061523
0.079346
0.087402
0.087433
0.081818
0.069305
0.052826
0.032654
0.010956
-0.0072021
-0.024353
-0.036163
-0.041046
-0.043549
-0.041138
-0.035309
-0.027863
-0.016174
-0.0057678
0.0014954
0.0077515
0.0097351
0.0058594
-0.0029602
-0.017883
-0.037079
-0.05777
-0.081116
-0.10553
-0.12573
-0.13736
-0.13919
-0.13162
-0.112
-0.0849
-0.050079
-0.0057373
0.034332
0.074097
0.12088
0.15588
0.18652
0.21274
0.21835
0.21695
0.20642
0.17987
0.14774
0.10751
0.06189
0.016663
-0.030426
-0.069794
-0.10309
-0.12845
-0.13577
-0.13455
-0.1239
-0.099854
-0.072693
-0.044098
-0.013977
0.0084839
0.025665
0.03653
0.034119
0.025482
0.011871
-0.0079041
-0.030182
-0.053833
-0.075165
-0.088501
-0.097504
-0.099487
-0.091675
-0.077209
-0.05542
-0.029205
-0.0015869
0.028931
0.056213
0.075897
0.091187
0.098358
0.097015
0.088226
0.071808
0.052246
0.030548
0.0067749
-0.015594
-0.035217
-0.049835
-0.059631
-0.064301
-0.060547
-0.050262
-0.033783
-0.012604
0.010254
0.033661
0.054993
0.070679
0.080109
0.083801
0.080139
0.070282
0.055908
0.037872
0.017975
-0.0018311
-0.017059
-0.027008
-0.032928
-0.032501
-0.02774
-0.022369
-0.013672
-0.0060425
-0.002533
0.00085449
0.0022583
-0.00015259
-0.0048828
-0.010437
-0.018921
-0.033691
-0.047058
-0.060516
-0.081024
-0.097168
-0.11087
-0.12842
-0.13269
-0.12241
-0.10712
-0.082611
-0.045074
-0.0079956
0.02002
0.062531
0.099304
0.11069
0.14188
0.16452
0.15634
0.16943
0.17023
0.14874
0.14761
0.12888
0.094818
0.070221
0.034241
0.00030518
-0.030396
-0.059113
-0.073486
-0.089844
-0.094299
-0.080078
-0.073151
-0.058716
-0.034607
-0.021606
-0.010406
-0.0012512
-0.0024109
-0.006958
-0.016327
-0.029785
-0.040894
-0.051544
-0.057831
-0.060547
-0.061096
-0.054962
-0.047913
-0.040558
-0.027863
-0.014862
-0.0053711
0.0067139
0.016083
0.021759
0.0271
0.027252
0.027222
0.026337
0.019348
0.012573
0.0059204
-0.00094604
-0.0046387
-0.0088501
-0.0083313
-0.010773
-0.017609
-0.013336
-0.013763
-0.011536
0.0064697
0.017639
0.028259
0.046356
0.056732
0.065369
0.072052
0.073608
0.070892
0.060181
0.052277
0.040009
0.0242
0.019043
0.0097046
-0.00061035
0.0012512
-0.0010681
-0.003479
-0.0011292
-0.0036926
-0.0089417
-0.015076
-0.018616
-0.025574
-0.034485
-0.037903
-0.052185
-0.068451
-0.07486
-0.094147
-0.11578
-0.12814
-0.15433
-0.17303
-0.1633
-0.14651
-0.11777
-0.066315
-0.011108
0.024445
0.063049
0.11758
0.13409
0.14606
0.18835
0.17725
0.16165
0.18173
0.1568
0.13818
0.14633
0.12143
0.093384
0.069153
0.036652
0.0050659
-0.029205
-0.045105
-0.061218
-0.079895
-0.070496
-0.067169
-0.068054
-0.04895
-0.041504
-0.041565
-0.03421
-0.039673
-0.051849
-0.059265
-0.065491
-0.068451
-0.072266
-0.06778
-0.053955
-0.046783
-0.030762
-0.0097351
-0.00012207
0.010223
0.016846
0.019165
0.020782
0.019867
0.020386
0.016632
0.012024
0.012207
0.0079346
0.0039062
0.0046692
0.0032654
0.0021667
0.0025024
0.0015869
-0.0015259
-0.011139
-0.016296
-0.020447
-0.026825
-0.022095
-0.01767
-0.010742
0.003479
0.016937
0.033661
0.047729
0.06012
0.068939
0.066345
0.063293
0.057373
0.046082
0.040131
0.033508
0.025848
0.021057
0.019958
0.024139
0.025269
0.02829
0.032471
0.028656
0.021606
0.0096741
-0.0023804
-0.022888
-0.050659
-0.067871
-0.096039
-0.1279
-0.1481
-0.16583
-0.17856
-0.18665
-0.16754
-0.13791
-0.11911
-0.073669
-0.021851
-0.0013123
0.024841
0.076355
0.092041
0.086365
0.13635
0.14624
0.12622
0.17218
0.17841
0.15848
0.17975
0.17062
0.13724
0.11075
0.082764
0.044708
-0.0018616
-0.019135
-0.040375
-0.071686
-0.058319
-0.052673
-0.064392
-0.048096
-0.043213
-0.056763
-0.062988
-0.067413
-0.076843
-0.09137
-0.091644
-0.084625
-0.089142
-0.074768
-0.050079
-0.040955
-0.017303
0.0075989
0.015717
0.027313
0.035461
0.031586
0.024445
0.014954
0.004425
-0.0063171
-0.013306
-0.011322
-0.0091858
-0.0030518
0.010162
0.017792
0.024536
0.031647
0.024689
0.017609
0.010223
-0.0062866
-0.012939
-0.023438
-0.03479
-0.029083
-0.027893
-0.022278
-0.001709
0.014496
0.030334
0.04715
0.060303
0.066956
0.062378
0.058929
0.046936
0.027557
0.021759
0.011688
0.0081177
0.018585
0.02597
0.037659
0.04837
0.05777
0.058105
0.047485
0.035492
0.0049744
-0.026154
-0.05481
-0.092438
-0.11566
-0.14371
-0.15704
-0.14847
-0.16107
-0.14709
-0.1196
-0.10843
-0.082855
-0.047394
-0.025909
-0.022675
0.012421
0.040039
0.032532
0.087891
0.12823
0.12656
0.17215
0.18665
0.16644
0.16513
0.15591
0.12131
0.081268
0.059692
0.026733
-0.013397
-0.016266
-0.022095
-0.038727
-0.022034
-0.010437
-0.018921
-0.010925
-0.0062561
-0.024902
-0.040314
-0.047333
-0.067932
-0.090698
-0.089874
-0.089905
-0.093201
-0.07373
-0.054321
-0.043976
-0.026062
-0.0054626
0.0036316
0.0066833
0.01239
0.01059
0.0026855
-6.1035e-05
0.00061035
-0.00057983
0.0027161
0.010651
0.015717
0.020447
0.026642
0.028076
0.023956
0.016418
0.0061646
-0.0082092
-0.026611
-0.029602
-0.034851
-0.042725
-0.027252
-0.021515
-0.017975
0.0032349
0.017914
0.027924
0.033936
0.042755
0.039276
0.027252
0.034454
0.027374
0.023712
0.035706
0.036377
0.039368
0.049622
0.056732
0.052032
0.052368
0.053162
0.036285
0.032227
0.028778
0.0083008
-0.0024414
-0.016571
-0.049255
-0.07489
-0.089783
-0.11609
-0.13654
-0.13541
-0.14584
-0.15768
-0.12024
-0.11041
-0.095123
-0.023407
-0.026337
-0.015076
0.045044
0.0098267
0.029083
0.091827
0.079315
0.12473
0.16989
0.17722
0.18069
0.17999
0.17087
0.11572
0.079742
0.050293
-0.013092
-0.043182
-0.04834
-0.0625
-0.057373
-0.026642
-0.010925
-0.0070496
0.011749
0.013214
-0.014923
-0.027069
-0.0354
-0.072174
-0.084534
-0.081207
-0.090942
-0.083069
-0.060577
-0.044617
-0.035004
-0.010498
0.0024109
0.00012207
0.0089417
0.0064087
-0.0030518
-0.0053406
-0.0075684
-0.013885
-0.018066
-0.006012
-9.1553e-05
0.013367
0.037201
0.045959
0.054474
0.053619
0.040131
0.021637
-0.0005188
-0.029083
-0.048676
-0.059906
-0.067078
-0.054688
-0.036041
-0.016052
0.0093689
0.030945
0.040314
0.042297
0.041138
0.027863
0.010132
0.0019836
-0.0064392
-0.011414
0.0033264
0.021667
0.038483
0.065369
0.086334
0.091949
0.093018
0.084412
0.063263
0.044891
0.029114
0.01358
-0.0086365
-0.022308
-0.038818
-0.0784
-0.098389
-0.12054
-0.15286
-0.15851
-0.14639
-0.13144
-0.10925
-0.067749
-0.045166
-0.023376
-0.031342
0.0010376
-0.0086975
-0.026855
0.058258
0.039581
0.092804
0.15851
0.17218
0.2034
0.20892
0.20554
0.14136
0.1008
0.050812
-0.029938
-0.064178
-0.087006
-0.10193
-0.089691
-0.044098
-0.015656
0.010468
0.051697
0.048431
0.02887
0.0023193
-0.036835
-0.085602
-0.11728
-0.12033
-0.12305
-0.098816
-0.052643
-0.019989
0.014618
0.039825
0.048065
0.034607
0.020355
0.0012207
-0.028748
-0.039825
-0.048004
-0.046143
-0.03244
-0.0095825
0.017944
0.039093
0.064423
0.07486
0.073669
0.068481
0.045135
0.024048
-0.0091858
-0.036499
-0.045593
-0.063324
-0.053467
-0.034515
-0.017975
0.0057068
0.026764
0.034271
0.029419
0.028809
0.011841
-0.0095825
-0.02179
-0.026886
-0.031067
-0.028107
-0.0029297
0.0038757
0.022583
0.043213
0.046967
0.058014
0.058838
0.058197
0.052582
0.052795
0.040741
0.028015
0.019562
-0.0054016
-0.030487
-0.055267
-0.086731
-0.11594
-0.12744
-0.14758
-0.1283
-0.10703
-0.079926
-0.0289
-0.0090637
0.0020752
-0.00082397
0.0010376
-0.027252
0.0076599
0.0354
0.068085
0.13721
0.16138
0.19196
0.1955
0.19382
0.15698
0.1091
0.06601
-0.010803
-0.06427
-0.10278
-0.11807
-0.1123
-0.073181
-0.0242
0.0039673
0.047119
0.052704
0.039856
0.014038
-0.02597
-0.073334
-0.11624
-0.13187
-0.13919
-0.11588
-0.073669
-0.032074
0.015869
0.047363
0.067017
0.060913
0.042755
0.016663
-0.018646
-0.040955
-0.055145
-0.057251
-0.048615
-0.026611
0.0014954
0.030762
0.063019
0.081512
0.093353
0.091553
0.06076
0.036194
-0.0082703
-0.042389
-0.05484
-0.071411
-0.055267
-0.03064
-0.0046997
0.022949
0.052124
0.056152
0.053955
0.049866
0.017761
-0.0022278
-0.022614
-0.045135
-0.048279
-0.044495
-0.032013
-0.013092
0.011017
0.028839
0.036469
0.04837
0.044678
0.037842
0.034515
0.02597
0.011566
-0.0014038
-0.016235
-0.046967
-0.066376
-0.093567
-0.10367
-0.10162
-0.11255
-0.061768
-0.052094
-0.036957
0.0071716
-0.012085
-0.020203
-0.017242
-0.046906
-0.029968
0.021698
0.064453
0.14658
0.20801
0.24344
0.24451
0.22238
0.17804
0.097076
0.028809
-0.044159
-0.10663
-0.13394
-0.13483
-0.10654
-0.056763
-0.0015869
0.040771
0.064056
0.065887
0.038849
-0.0089111
-0.057983
-0.11005
-0.14874
-0.15994
-0.15356
-0.11945
-0.071594
-0.01355
0.036224
0.069519
0.084351
0.066956
0.035889
-0.0035706
-0.048645
-0.07608
-0.086151
-0.077209
-0.051483
-0.011566
0.031799
0.067841
0.10068
0.1214
0.11942
0.10568
0.072845
0.026764
-0.03421
-0.060211
-0.088562
-0.093262
-0.053162
-0.02417
0.023499
0.063599
0.098083
0.098022
0.095337
0.071503
0.018188
-0.015533
-0.059631
-0.085754
-0.085541
-0.068542
-0.043213
-0.015656
0.021301
0.038025
0.042542
0.046478
0.026581
0.0012512
-0.013947
-0.034485
-0.054504
-0.054932
-0.057709
-0.061707
-0.051392
-0.052185
-0.049164
-0.045502
-0.059357
-0.065063
-0.047394
-0.056519
-0.04184
-0.0068054
-0.023743
0.002655
-0.0014648
0.022125
0.084564
0.11661
0.20908
0.24176
0.25684
0.24652
0.19574
0.13574
0.058777
0.0043335
-0.064697
-0.10318
-0.12109
-0.12076
-0.090118
-0.042145
0.0085449
0.036255
0.056946
0.036102
-0.0080261
-0.049316
-0.10699
-0.14624
-0.16788
-0.15808
-0.13617
-0.094299
-0.027161
0.01535
0.05954
0.085419
0.076721
0.05307
0.006897
-0.039124
-0.086761
-0.10953
-0.10449
-0.084412
-0.037659
0.012085
0.060852
0.09613
0.11984
0.12418
0.10471
0.081024
0.034515
-0.014069
-0.047485
-0.06778
-0.07901
-0.057404
-0.014984
0.020935
0.067993
0.11401
0.12604
0.12497
0.11459
0.070618
0.011353
-0.028961
-0.076111
-0.10629
-0.087128
-0.064575
-0.031128
0.016144
0.049164
0.055389
0.052826
0.038086
-0.010254
-0.03894
-0.067566
-0.10156
-0.10028
-0.10785
-0.09433
-0.080078
-0.081848
-0.058441
-0.06665
-0.075958
-0.080414
-0.062408
-0.058014
-0.055389
0.014038
-0.0057983
0.014282
0.054077
0.057312
0.12827
0.16824
0.25092
0.26404
0.27356
0.26218
0.19049
0.1492
0.082153
0.021301
-0.04599
-0.08316
-0.11792
-0.12982
-0.093414
-0.060089
-0.015106
0.015778
0.027466
0.010651
-0.027313
-0.059601
-0.11484
-0.15088
-0.1676
-0.17178
-0.14743
-0.10977
-0.049225
0.0023193
0.044525
0.073242
0.066956
0.056122
0.012268
-0.030396
-0.066254
-0.091217
-0.089508
-0.073273
-0.031982
0.0083313
0.052551
0.093933
0.11517
0.1264
0.11551
0.084167
0.040375
-0.027344
-0.058533
-0.089966
-0.10892
-0.055359
-0.016785
0.031799
0.098572
0.14511
0.15536
0.16742
0.15009
0.078217
0.024719
-0.045288
-0.1106
-0.1228
-0.10324
-0.072144
-0.021027
0.041687
0.064911
0.080109
0.085358
0.039124
-0.0082092
-0.05011
-0.1116
-0.14407
-0.13403
-0.13245
-0.12308
-0.08197
-0.095398
-0.10791
-0.080231
-0.087708
-0.068542
-0.062469
-0.046997
-0.055786
-0.080658
-0.029022
-0.022919
0.059021
0.16736
0.24265
0.32571
0.35562
0.35767
0.29684
0.24484
0.15466
0.047302
-0.023132
-0.10016
-0.14825
-0.15668
-0.11441
-0.065247
0.0036621
0.072235
0.08728
0.081848
0.033539
-0.040924
-0.12811
-0.19421
-0.23059
-0.25012
-0.2063
-0.15115
-0.073151
0.014893
0.075714
0.12494
0.12384
0.096161
0.031433
-0.043396
-0.1102
-0.15961
-0.1637
-0.14072
-0.0784
-0.012848
0.056519
0.13458
0.14563
0.16357
0.15195
0.081757
0.029663
-0.02533
-0.10864
-0.11816
-0.10184
-0.097778
0.00015259
0.071594
0.12509
0.18826
0.21552
0.18292
0.13937
0.08609
-0.012054
-0.076447
-0.11456
-0.13577
-0.1232
-0.061707
-0.0073853
0.036377
0.09494
0.094513
0.074738
0.041901
-0.017517
-0.067352
-0.10605
-0.12573
-0.12772
-0.11691
-0.09787
-0.10233
-0.087036
-0.090515
-0.10291
-0.070282
-0.089264
-0.080505
-0.060303
-0.079315
-0.094025
-0.052429
-0.028015
0.041229
0.16132
0.25427
0.32663
0.36697
0.3768
0.31696
0.25656
0.18179
0.074371
-0.014679
-0.081299
-0.14505
-0.16125
-0.11667
-0.065094
-0.0055542
0.06012
0.084045
0.064453
0.025543
-0.044006
-0.13831
-0.20114
-0.24243
-0.26141
-0.22507
-0.14908
-0.077301
0.0070496
0.084381
0.11542
0.12408
0.09906
0.03949
-0.039185
-0.10559
-0.15332
-0.16946
-0.15137
-0.083374
-0.0097046
0.040039
0.13837
0.15921
0.16583
0.18079
0.10873
0.058685
-0.0091858
-0.084625
-0.10254
-0.11264
-0.077087
-0.0084229
0.05069
0.11557
0.16165
0.18085
0.16687
0.14117
0.079956
0.0068359
-0.05426
-0.10281
-0.12534
-0.11792
-0.07663
-0.040314
0.0095215
0.051422
0.069427
0.073608
0.046082
0.011017
-0.044983
-0.086884
-0.1189
-0.13806
-0.15091
-0.14835
-0.14404
-0.14444
-0.10913
-0.080841
-0.058441
-0.035034
-0.024384
-0.036285
-0.055847
-0.042938
-0.032166
0.032013
0.11121
0.19659
0.28763
0.32773
0.36453
0.345
0.29727
0.22314
0.12512
0.027985
-0.071106
-0.13235
-0.16989
-0.15775
-0.10037
-0.036987
0.024048
0.070282
0.08371
0.043762
-0.010345
-0.086975
-0.17743
-0.22803
-0.25247
-0.23367
-0.17856
-0.10022
-0.01123
0.05484
0.11206
0.13943
0.11139
0.058594
-0.0083313
-0.094818
-0.16165
-0.17471
-0.16736
-0.12442
-0.054321
0.019745
0.085571
0.14276
0.17947
0.17581
0.15063
0.094421
0.029358
-0.05545
-0.0867
-0.098389
-0.09671
-0.016571
0.037872
0.10013
0.16626
0.19928
0.18417
0.1539
0.10849
0.015167
-0.041473
-0.09198
-0.13492
-0.13373
-0.10168
-0.067352
-0.016327
0.046478
0.059296
0.069
0.054688
0.0042419
-0.049561
-0.092133
-0.13684
-0.17111
-0.16196
-0.17819
-0.17618
-0.13925
-0.10779
-0.080139
-0.041138
-0.0089111
-0.04187
-0.052948
-0.044189
-0.073883
0.00082397
0.10471
0.1749
0.29962
0.36267
0.37891
0.36826
0.33499
0.25198
0.14407
0.062592
-0.046875
-0.12857
-0.14847
-0.13245
-0.09613
-0.021057
0.045837
0.06665
0.07666
0.045532
-0.026703
-0.11237
-0.18576
-0.24878
-0.28595
-0.24628
-0.19315
-0.11722
-0.0042114
0.07074
0.11899
0.14163
0.12128
0.053223
-0.022095
-0.095978
-0.16962
-0.1954
-0.18097
-0.14285
-0.073456
0.013092
0.086731
0.14264
0.19125
0.19266
0.15253
0.10828
0.025421
-0.061157
-0.095215
-0.11401
-0.10147
-0.029114
0.042725
0.10986
0.1795
0.21655
0.20428
0.1716
0.11877
0.033264
-0.033508
-0.074524
-0.11273
-0.11362
-0.083344
-0.056213
-0.01889
0.028748
0.048431
0.048279
0.037445
0.00094604
-0.037018
-0.082275
-0.12582
-0.1572
-0.17499
-0.21283
-0.21747
-0.17792
-0.19122
-0.12946
-0.053436
-0.059052
-0.020264
-0.0062561
-0.0062561
-0.011139
0.059387
0.14218
0.17172
0.29312
0.33093
0.32428
0.33527
0.31775
0.24802
0.17886
0.12695
0.0043335
-0.066589
-0.092102
-0.10892
-0.089752
-0.027496
0.011688
0.003418
0.025024
-0.0036926
-0.071381
-0.11758
-0.17285
-0.22977
-0.25259
-0.21762
-0.18307
-0.11383
-0.017609
0.046326
0.097931
0.11401
0.093323
0.036621
-0.031738
-0.092499
-0.13809
-0.15591
-0.14847
-0.10568
-0.052002
0.0090027
0.078522
0.13025
0.15433
0.15778
0.13464
0.07547
0.024567
-0.037659
-0.080139
-0.076782
-0.075714
-0.024384
0.033539
0.087799
0.14804
0.18335
0.18875
0.16583
0.12851
0.061249
0.0028076
-0.042084
-0.082794
-0.090271
-0.073853
-0.052002
-0.024475
0.018219
0.034607
0.036255
0.04776
0.010803
-0.032532
-0.064362
-0.12863
-0.16586
-0.18497
-0.22787
-0.23459
-0.22769
-0.20554
-0.15048
-0.10654
-0.048401
-0.021576
-0.036346
0.0095825
0.0016479
0.077545
0.17227
0.23566
0.33017
0.34183
0.34674
0.31509
0.28052
0.22479
0.15771
0.086578
-0.00061035
-0.059845
-0.097351
-0.079468
-0.044708
0.0031433
0.042999
0.039337
0.02475
-0.028107
-0.093262
-0.16055
-0.21954
-0.25366
-0.25592
-0.21524
-0.15683
-0.07074
0.016937
0.076233
0.11566
0.1088
0.07309
0.00079346
-0.072723
-0.12854
-0.17346
-0.1734
-0.14719
-0.1011
-0.036346
0.037964
0.10025
0.1481
0.17825
0.16727
0.12671
0.070923
-0.0028381
-0.052643
-0.092499
-0.098785
-0.064545
-0.029724
0.040375
0.11249
0.16861
0.19901
0.20334
0.17487
0.11469
0.055145
-0.011993
-0.060394
-0.087158
-0.088318
-0.067291
-0.0383
0.004303
0.025116
0.039124
0.048126
0.028198
-0.0040894
-0.03717
-0.068359
-0.12231
-0.14954
-0.16
-0.24359
-0.24301
-0.23276
-0.28214
-0.16443
-0.10687
-0.088989
0.0024719
-0.0036316
-0.0062256
0.028748
0.12286
0.16806
0.26144
0.35083
0.32037
0.32211
0.30807
0.26157
0.20227
0.18597
0.10492
0.0034485
-0.023682
-0.070312
-0.079865
-0.040131
0.00015259
0.0033875
0.0084839
0.010498
-0.059174
-0.10641
-0.15182
-0.21738
-0.24805
-0.23462
-0.20261
-0.1517
-0.057861
0.01709
0.063385
0.10324
0.096161
0.051575
-0.010864
-0.071228
-0.13013
-0.17471
-0.15884
-0.13889
-0.09787
-0.0069885
0.047821
0.10928
0.16382
0.16977
0.15732
0.12128
0.066681
-0.0020142
-0.042114
-0.06662
-0.080322
-0.05484
-0.015625
0.023254
0.075378
0.14203
0.16873
0.18399
0.18036
0.12393
0.065491
-0.00094604
-0.064819
-0.10104
-0.10446
-0.088806
-0.060425
-0.0080261
0.029785
0.052643
0.071716
0.06424
0.020142
-0.02298
-0.080505
-0.13528
-0.1514
-0.1806
-0.17328
-0.14758
-0.17609
-0.15277
-0.13733
-0.13724
-0.10101
-0.074188
-0.064575
-0.11212
-0.061188
-0.03418
0.049408
0.19284
0.31387
0.39001
0.40927
0.42014
0.3345
0.2731
0.20419
0.097076
0.0072021
-0.065491
-0.11026
-0.12384
-0.058502
0.011719
0.04776
0.093018
0.079193
0.028992
-0.046844
-0.1257
-0.2204
-0.29022
-0.30496
-0.29306
-0.22559
-0.12222
-0.012787
0.069489
0.12314
0.13861
0.10468
0.043915
-0.026947
-0.10526
-0.17975
-0.21249
-0.20755
-0.16583
-0.082825
0.020752
0.10947
0.1756
0.22156
0.21719
0.18225
0.1239
0.031219
-0.037201
-0.096649
-0.12741
-0.10373
-0.062408
0.0053711
0.08139
0.15759
0.20471
0.22284
0.21265
0.15176
0.077209
-0.0048218
-0.078247
-0.11746
-0.11957
-0.09549
-0.057037
-0.013702
0.02243
0.043457
0.048798
0.052856
0.017914
-0.030975
-0.077209
-0.12979
-0.15955
-0.17166
-0.17099
-0.20016
-0.18243
-0.18954
-0.19037
-0.086914
-0.080444
-0.023468
0.017273
-0.05899
-0.042664
-0.034027
0.050415
0.14139
0.26483
0.35437
0.34933
0.38733
0.35446
0.30292
0.24817
0.17593
0.05368
-0.042877
-0.087067
-0.13416
-0.096558
-0.038116
0.00036621
0.032593
0.051941
0.041229
-0.026489
-0.074799
-0.15872
-0.24661
-0.27795
-0.28836
-0.25272
-0.17508
-0.070801
0.009613
0.072174
0.1355
0.10468
0.075775
0.026184
-0.071655
-0.14047
-0.18561
-0.19662
-0.16669
-0.084351
-0.0085449
0.065369
0.14682
0.17627
0.19476
0.18472
0.12473
0.068695
-0.0040283
-0.062134
-0.092407
-0.094177
-0.065125
-0.016266
0.064026
0.13824
0.19724
0.23148
0.22519
0.17377
0.096558
0.020569
-0.066742
-0.11029
-0.12491
-0.12717
-0.090515
-0.051514
-0.011841
0.027649
0.057373
0.049042
0.019775
-0.015808
-0.080048
-0.13452
-0.15594
-0.20291
-0.22778
-0.22598
-0.26724
-0.19266
-0.14114
-0.099701
0.012634
-0.019135
-0.039795
-0.019257
-0.018646
0.081573
0.18546
0.30832
0.36288
0.3812
0.39258
0.32983
0.28409
0.22214
0.13217
0.027283
-0.039551
-0.089447
-0.10809
-0.055298
-0.0031433
0.036835
0.065399
0.065857
0.021423
-0.049805
-0.11914
-0.21185
-0.27997
-0.30978
-0.30008
-0.24713
-0.15442
-0.056885
0.035675
0.11145
0.13235
0.1337
0.072449
-0.0047302
-0.084442
-0.1705
-0.19833
-0.19992
-0.15988
-0.082764
0.0027161
0.082397
0.15079
0.19745
0.19687
0.16461
0.11768
0.035187
-0.028259
-0.063751
-0.093781
-0.081726
-0.038086
0.01297
0.08316
0.1619
0.20953
0.23105
0.21881
0.15622
0.077484
-0.0027466
-0.070679
-0.11429
-0.12045
-0.092712
-0.060577
-0.020325
0.01709
0.026276
0.0043335
0.001709
-0.026886
-0.089355
-0.093658
-0.13342
-0.16782
-0.1626
-0.18521
-0.19205
-0.2045
-0.16605
-0.14282
-0.1131
-0.032928
-0.075195
-0.073273
-0.028198
-0.0015259
0.11523
0.24023
0.35571
0.38873
0.42154
0.39795
0.32062
0.26407
0.16943
0.063049
-0.038727
-0.081543
-0.11404
-0.087128
-0.019318
0.01886
0.0578
0.079254
0.077148
0.040039
-0.018463
-0.10031
-0.20386
-0.27264
-0.30551
-0.29767
-0.24033
-0.16043
-0.067108
0.01059
0.08667
0.129
0.11414
0.082794
0.011108
-0.095184
-0.15967
-0.20291
-0.22256
-0.16809
-0.099091
-0.018402
0.080902
0.14648
0.19806
0.21643
0.18262
0.12958
0.057159
-0.020721
-0.076599
-0.11133
-0.10532
-0.062439
0.010468
0.099915
0.18332
0.25104
0.26782
0.25119
0.19559
0.10144
0.0041504
-0.077789
-0.14093
-0.15457
-0.13409
-0.092255
-0.022095
0.0064697
0.034912
0.03598
0.0033264
-0.026123
-0.086517
-0.14273
-0.19528
-0.24582
-0.28806
-0.30038
-0.28268
-0.23312
-0.17236
-0.12961
-0.092194
-0.04483
0.0064392
0.13089
0.22202
0.34308
0.43057
0.43988
0.43494
0.35883
0.27728
0.18057
0.096039
-0.0023804
-0.084045
-0.10736
-0.092773
-0.027496
0.061401
0.11963
0.14105
0.12985
0.081879
-0.0015259
-0.08493
-0.1796
-0.25677
-0.3009
-0.30264
-0.26447
-0.1929
-0.095245
-0.016083
0.060547
0.10895
0.11237
0.087006
0.024475
-0.055542
-0.14911
-0.21146
-0.22842
-0.22501
-0.16171
-0.072754
-0.0031433
0.096924
0.16098
0.19092
0.21115
0.18417
0.11057
0.046692
-0.024017
-0.096619
-0.10373
-0.096588
-0.082764
-0.0047302
0.098267
0.16696
0.26746
0.31454
0.27103
0.22784
0.13229
0.024811
-0.048553
-0.10086
-0.1358
-0.13367
-0.10983
-0.066406
-0.015839
0.028564
0.060089
0.038849
-0.013458
-0.06543
-0.13925
-0.23215
-0.26129
-0.31699
-0.36697
-0.31509
-0.29056
-0.23282
-0.15112
-0.11368
-0.023041
0.052856
0.18707
0.28577
0.375
0.43777
0.42194
0.39795
0.32693
0.25
0.15799
0.087708
0.0057373
-0.054382
-0.062347
-0.041321
0.021881
0.079102
0.11673
0.12198
0.09494
0.054962
-0.019653
-0.097504
-0.18524
-0.25299
-0.28189
-0.2681
-0.20996
-0.14172
-0.060974
-0.0010681
0.046997
0.083954
0.075226
0.049591
-0.0159
-0.091095
-0.16129
-0.21399
-0.2106
-0.20227
-0.15298
-0.072815
-0.010803
0.068207
0.14136
0.16821
0.186
0.17065
0.092743
0.044769
-0.025665
-0.089172
-0.084259
-0.087189
-0.058441
0.030609
0.10648
0.18311
0.28134
0.30167
0.28156
0.23441
0.12955
0.023438
-0.049896
-0.10001
-0.12646
-0.11761
-0.093964
-0.060272
-0.016785
0.024353
0.035736
0.01886
-0.021454
-0.072632
-0.13144
-0.21814
-0.26981
-0.32599
-0.38705
-0.30566
-0.29651
-0.23718
-0.1394
-0.1391
-0.029968
0.067535
0.18607
0.29898
0.41046
0.44989
0.43918
0.41974
0.34311
0.25839
0.16736
0.072754
-0.040924
-0.094177
-0.097595
-0.070526
0.011688
0.076233
0.10672
0.11621
0.10434
0.065399
-0.0016174
-0.074371
-0.17642
-0.25323
-0.28717
-0.27222
-0.21207
-0.13773
-0.061157
0.00027466
0.051239
0.090088
0.10699
0.076385
0.022614
-0.066345
-0.15445
-0.19797
-0.22925
-0.21936
-0.17584
-0.12289
-0.056671
0.030701
0.10126
0.16479
0.19882
0.168
0.13574
0.052979
-0.020233
-0.051819
-0.085754
-0.091949
-0.044922
0.018188
0.084839
0.2001
0.2652
0.29144
0.30264
0.23965
0.15503
0.072449
-0.014282
-0.08667
-0.11578
-0.13208
-0.11789
-0.069031
-0.040436
0.010864
0.011475
-0.029816
-0.045074
-0.11597
-0.19345
-0.24768
-0.32779
-0.37808
-0.349
-0.33215
-0.27417
-0.21024
-0.16803
-0.042664
0.067505
0.20694
0.34991
0.42737
0.47049
0.48004
0.43942
0.37012
0.29468
0.17953
0.056946
-0.051697
-0.12509
-0.13916
-0.092773
-0.025482
0.025665
0.07782
0.11554
0.12317
0.11981
0.071442
-0.02652
-0.13004
-0.22266
-0.2778
-0.27768
-0.23584
-0.18866
-0.13138
-0.056793
-0.0024414
0.06665
0.11737
0.10104
0.069122
-0.0037231
-0.10019
-0.14218
-0.18622
-0.20773
-0.19165
-0.17218
-0.12167
-0.03421
0.05899
0.13403
0.17557
0.17862
0.13293
0.078156
0.021149
-0.0242
-0.052399
-0.076904
-0.044128
-0.0018921
0.078308
0.17981
0.24335
0.28064
0.27759
0.23633
0.1745
0.10748
0.032166
-0.027771
-0.07605
-0.098785
-0.099579
-0.089386
-0.059479
-0.050201
-0.064026
-0.073578
-0.11084
-0.17612
-0.2352
-0.31094
-0.33972
-0.35196
-0.30692
-0.30441
-0.30798
-0.18533
-0.12433
0.029297
0.22433
0.35159
0.45505
0.53119
0.53479
0.47006
0.4335
0.33325
0.18335
0.041809
-0.10349
-0.2045
-0.19897
-0.13287
-0.088104
-0.022278
0.057434
0.10855
0.17313
0.19669
0.14136
0.040375
-0.067719
-0.17474
-0.24197
-0.25485
-0.26779
-0.25531
-0.21323
-0.15115
-0.04538
0.054199
0.13394
0.15924
0.12927
0.070679
-0.0097351
-0.06308
-0.1203
-0.18237
-0.22626
-0.2475
-0.21777
-0.13269
-0.029846
0.056335
0.11319
0.13214
0.15701
0.13821
0.10199
0.067078
-0.02005
-0.051514
-0.047028
-0.027374
0.050781
0.12445
0.17453
0.22852
0.24899
0.23438
0.21576
0.16245
0.096436
0.035248
-0.02002
-0.051483
-0.053619
-0.061249
-0.095551
-0.10785
-0.12411
-0.1716
-0.19592
-0.21866
-0.29285
-0.32373
-0.31036
-0.29849
-0.31793
-0.28864
-0.20343
-0.15158
-0.014465
0.1579
0.27081
0.39493
0.51044
0.52069
0.51819
0.50156
0.38531
0.25067
0.11435
-0.059845
-0.18182
-0.20587
-0.20706
-0.20328
-0.14417
-0.059479
0.018097
0.12088
0.18008
0.15256
0.10782
0.039124
-0.052612
-0.1116
-0.15375
-0.20651
-0.23907
-0.22351
-0.19119
-0.12857
-0.032684
0.020691
0.058044
0.10123
0.094086
0.083862
0.065857
0.0068359
-0.060455
-0.11777
-0.15588
-0.18665
-0.17035
-0.13257
-0.10172
-0.046936
0.011627
0.04361
0.075806
0.12143
0.078064
0.063995
0.069824
0.014771
0.04361
0.07312
0.070526
0.11423
0.15152
0.16254
0.18744
0.19373
0.15671
0.13834
0.097504
0.049072
0.038788
0.012817
-0.026703
-0.067627
-0.087891
-0.13599
-0.18311
-0.22656
-0.27722
-0.33667
-0.35095
-0.31598
-0.34116
-0.35214
-0.27808
-0.21902
-0.10098
0.058167
0.18954
0.311
0.41553
0.49863
0.51779
0.52576
0.48203
0.35556
0.21982
0.076996
-0.073273
-0.1572
-0.18567
-0.22311
-0.23599
-0.17569
-0.096771
-0.0083618
0.090057
0.13718
0.12381
0.11182
0.080658
0.02179
-0.01947
-0.084442
-0.16476
-0.20679
-0.22031
-0.21027
-0.14615
-0.094818
-0.067108
-0.0010986
0.037842
0.067444
0.10574
0.10013
0.064484
0.034637
-0.011871
-0.064362
-0.086914
-0.12515
-0.15723
-0.14163
-0.1387
-0.13199
-0.056854
-0.021454
-0.0048523
0.07135
0.085358
0.10291
0.16187
0.16245
0.15927
0.18646
0.15814
0.13882
0.13907
0.095276
0.075256
0.069183
0.040314
0.039398
0.046204
0.030853
0.025452
0.0019226
-0.036163
-0.059753
-0.12805
-0.19617
-0.22061
-0.32898
-0.36707
-0.32858
-0.36148
-0.41888
-0.30927
-0.23077
-0.18958
0.035919
0.19687
0.27362
0.45346
0.55859
0.54483
0.59756
0.56104
0.39182
0.27579
0.13425
-0.081909
-0.1929
-0.22562
-0.31485
-0.34125
-0.25793
-0.21207
-0.11819
0.029022
0.089874
0.12296
0.18036
0.15857
0.11844
0.10971
0.028625
-0.083374
-0.13644
-0.18414
-0.22775
-0.21588
-0.20038
-0.18726
-0.12604
-0.040649
0.017578
0.072968
0.12558
0.13278
0.12949
0.12259
0.078094
0.031586
-0.025635
-0.084106
-0.13586
-0.19696
-0.19727
-0.1835
-0.19223
-0.10699
-0.036682
0.0031738
0.1203
0.18903
0.22418
0.28168
0.28479
0.2377
0.21277
0.16455
0.086609
0.050934
0.01651
-0.029205
-0.04129
-0.043365
-0.046875
-0.03949
-0.051514
-0.06131
-0.089325
-0.12006
-0.10764
-0.23334
-0.27151
-0.24081
-0.30783
-0.33578
-0.31979
-0.28378
-0.23285
-0.12637
0.011719
0.14206
0.28098
0.43472
0.51328
0.5856
0.60727
0.54477
0.47391
0.35239
0.16254
-0.010742
-0.14005
-0.24896
-0.34241
-0.38647
-0.38449
-0.32471
-0.2215
-0.12222
-0.030914
0.054962
0.13635
0.18726
0.21133
0.20004
0.14252
0.05896
-0.018127
-0.089081
-0.15237
-0.21912
-0.2612
-0.2464
-0.24548
-0.17203
-0.08786
-0.052032
0.046997
0.11221
0.13699
0.186
0.18109
0.14581
0.12128
0.064697
-0.023346
-0.083984
-0.14999
-0.21469
-0.22501
-0.20499
-0.17148
-0.10403
-0.013062
0.066376
0.15707
0.24664
0.2897
0.30762
0.30246
0.26056
0.20993
0.15164
0.070496
0.01535
-0.041473
-0.084991
-0.10416
-0.14783
-0.15454
-0.16293
-0.18253
-0.16605
-0.17053
-0.22775
-0.22214
-0.18622
-0.19443
-0.24771
-0.21533
-0.18872
-0.16898
-0.064148
0.0022888
0.080902
0.2291
0.32629
0.40292
0.5083
0.52536
0.51572
0.49872
0.38882
0.22925
0.10785
-0.0040283
-0.13544
-0.2562
-0.34274
-0.38092
-0.35339
-0.31818
-0.27573
-0.19064
-0.10126
-0.0094299
0.090729
0.14395
0.17181
0.18991
0.16699
0.12546
0.081604
0.010468
-0.074493
-0.13968
-0.18213
-0.22806
-0.22003
-0.18304
-0.1738
-0.10919
-0.046417
0.0058289
0.08316
0.11646
0.13654
0.16354
0.1619
0.12711
0.088562
0.026489
-0.044006
-0.09259
-0.13934
-0.1684
-0.16522
-0.14767
-0.0914
-0.0091248
0.063324
0.13702
0.20291
0.2435
0.27014
0.26199
0.23642
0.20068
0.1405
0.085876
0.017181
-0.034302
-0.089783
-0.16196
-0.18625
-0.22501
-0.25558
-0.258
-0.29987
-0.29529
-0.26089
-0.21851
-0.23822
-0.23917
-0.14774
-0.10995
-0.06015
0.0495
0.13217
0.22885
0.33273
0.39795
0.47348
0.49527
0.49194
0.48965
0.37967
0.25473
0.16891
0.05304
-0.070221
-0.18741
-0.29846
-0.34525
-0.32901
-0.33008
-0.33054
-0.26697
-0.18137
-0.09552
-0.010468
0.057587
0.11838
0.15964
0.18155
0.17093
0.13
0.092468
0.044281
-0.033905
-0.10159
-0.13382
-0.18851
-0.19431
-0.18787
-0.19165
-0.13602
-0.086517
-0.033386
0.017578
0.051453
0.10403
0.13831
0.14014
0.12762
0.10202
0.060944
0.019287
-0.017761
-0.069092
-0.09024
-0.093231
-0.080017
-0.047607
-0.0090942
0.035614
0.093231
0.14597
0.17242
0.19666
0.20813
0.19669
0.18774
0.14069
0.10144
0.06897
-0.010498
-0.073517
-0.13138
-0.18649
-0.23685
-0.28177
-0.32648
-0.35614
-0.32474
-0.29861
-0.29733
-0.30469
-0.23389
-0.12817
-0.1001
-0.012543
0.12671
0.20816
0.32483
0.42239
0.47104
0.53604
0.56323
0.54816
0.46426
0.34341
0.25858
0.15179
-0.0011292
-0.1394
-0.2695
-0.34604
-0.36346
-0.39182
-0.42148
-0.37466
-0.27914
-0.20193
-0.1225
-0.022278
0.073547
0.14984
0.20612
0.22153
0.20807
0.20096
0.17041
0.095062
-0.0036621
-0.060059
-0.10089
-0.18372
-0.21512
-0.2301
-0.24225
-0.19876
-0.15875
-0.12225
-0.066956
0.0036316
0.075287
0.11221
0.11301
0.14963
0.14581
0.12225
0.10794
0.047546
0.032593
0.013611
-0.013702
-0.022888
-0.023499
-0.0019531
0.0049133
0.031677
0.066162
0.081146
0.1091
0.14035
0.14398
0.13324
0.13577
0.1315
0.082642
0.025055
-0.025391
-0.07489
-0.13132
-0.21164
-0.26855
-0.29941
-0.34659
-0.34106
-0.3497
-0.39786
-0.34143
-0.24338
-0.22998
-0.14224
0.010712
0.11676
0.26361
0.37079
0.47568
0.58286
0.61371
0.64606
0.59869
0.48965
0.43295
0.30161
0.12012
-0.012665
-0.16888
-0.30225
-0.3736
-0.45856
-0.52402
-0.50131
-0.4407
-0.39597
-0.31583
-0.19095
-0.062347
0.056122
0.14511
0.2337
0.27798
0.30475
0.32678
0.25925
0.18683
0.13928
0.056915
-0.044556
-0.12985
-0.1918
-0.23367
-0.27231
-0.29846
-0.27319
-0.24396
-0.19495
-0.12698
-0.071686
0.0036621
0.067871
0.12253
0.15521
0.18332
0.19653
0.19125
0.18069
0.15637
0.13403
0.11227
0.088318
0.056732
0.026672
0.025177
0.011902
-0.0036316
0.0038147
0.015442
0.023285
0.026093
0.044342
0.041656
0.023254
0.021362
-0.013794
-0.05188
-0.089142
-0.13718
-0.1864
-0.23199
-0.25876
-0.27719
-0.33661
-0.3772
-0.29248
-0.27286
-0.28818
-0.14642
-0.052795
0.052582
0.19269
0.30338
0.44229
0.52292
0.60056
0.6431
0.58521
0.57053
0.50562
0.34906
0.24518
0.092377
-0.084351
-0.18805
-0.31149
-0.45001
-0.51105
-0.52084
-0.53204
-0.51596
-0.4361
-0.33386
-0.22498
-0.11127
0.0090942
0.11414
0.21262
0.30557
0.32037
0.32669
0.34164
0.29498
0.22711
0.1546
0.078827
-0.015106
-0.090149
-0.16479
-0.24084
-0.2709
-0.28992
-0.30106
-0.28815
-0.24356
-0.1824
-0.13632
-0.067139
0.010529
0.065735
0.13788
0.17899
0.2139
0.24866
0.26236
0.25778
0.24127
0.22705
0.19217
0.14307
0.10147
0.057343
0.014648
-0.018036
-0.051331
-0.070343
-0.085205
-0.082764
-0.095459
-0.09787
-0.085205
-0.1152
-0.1044
-0.10861
-0.1463
-0.14731
-0.14981
-0.18314
-0.20312
-0.23303
-0.24039
-0.19632
-0.23361
-0.19235
-0.096985
-0.048706
0.055023
0.13712
0.24625
0.36456
0.41318
0.49023
0.53018
0.51147
0.51053
0.44254
0.34976
0.27026
0.13666
0.020447
-0.081085
-0.21317
-0.30923
-0.37488
-0.42896
-0.46124
-0.4632
-0.42914
-0.37656
-0.30707
-0.22299
-0.1319
-0.03183
0.068268
0.14487
0.19257
0.25049
0.2934
0.28354
0.26175
0.233
0.19879
0.13919
0.052673
-0.0063782
-0.068176
-0.13156
-0.19025
-0.22736
-0.25583
-0.26349
-0.25128
-0.24625
-0.20831
-0.15717
-0.10834
-0.04538
0.016663
0.091431
0.15247
0.20999
0.26233
0.28879
0.31879
0.31567
0.28754
0.26724
0.22186
0.16669
0.10989
0.05069
0.0011597
-0.060455
-0.10077
-0.13345
-0.17578
-0.19083
-0.21255
-0.22336
-0.21365
-0.23285
-0.20496
-0.19333
-0.22263
-0.16483
-0.18811
-0.20285
-0.13934
-0.13177
-0.13852
-0.061554
0.0036926
0.049896
0.11572
0.2063
0.28104
0.31647
0.40628
0.427
0.41098
0.45047
0.4054
0.32684
0.29529
0.19742
0.097015
0.028992
-0.066376
-0.1669
-0.2308
-0.28299
-0.33771
-0.37549
-0.36273
-0.35574
-0.33899
-0.27945
-0.23328
-0.17673
-0.091766
-0.032013
0.022217
0.090515
0.13992
0.16919
0.19443
0.20483
0.19928
0.19421
0.15823
0.1185
0.086823
0.036163
-0.014771
-0.064911
-0.10013
-0.12976
-0.16705
-0.17804
-0.18842
-0.18738
-0.16208
-0.16318
-0.12848
-0.072784
-0.042023
0.01651
0.068848
0.12036
0.17291
0.21298
0.25073
0.26172
0.27432
0.27841
0.24176
0.21637
0.17963
0.12515
0.076508
0.014404
-0.04303
-0.092499
-0.13837
-0.18365
-0.22165
-0.23816
-0.2493
-0.2695
-0.26923
-0.24002
-0.25296
-0.21994
-0.19363
-0.20856
-0.12674
-0.10455
-0.10709
-0.018738
0.024353
0.069427
0.12448
0.18484
0.24594
0.27493
0.34521
0.35699
0.34338
0.39713
0.34854
0.30035
0.29611
0.20157
0.14291
0.094513
0.0013733
-0.065002
-0.12628
-0.17145
-0.22699
-0.26718
-0.26282
-0.29184
-0.28464
-0.25336
-0.25534
-0.20901
-0.16571
-0.14557
-0.098541
-0.052246
-0.022034
0.0089722
0.043152
0.067078
0.080902
0.098053
0.10226
0.098389
0.10568
0.088623
0.072113
0.070892
0.045685
0.029877
0.016296
-0.0092163
-0.022614
-0.036469
-0.04837
-0.060211
-0.069214
-0.056335
-0.054352
-0.042267
-0.018433
-0.0039062
0.03476
0.061523
0.081696
0.10873
0.12766
0.14798
0.14099
0.13867
0.13858
0.10489
0.078705
0.048126
0.0020752
-0.020569
-0.058075
-0.095947
-0.11365
-0.13766
-0.14999
-0.16162
-0.16357
-0.15472
-0.14249
-0.11996
-0.10025
-0.070068
-0.03775
-0.012268
0.0089417
0.029999
0.042114
0.054016
0.052948
0.052155
0.051727
0.043488
0.046906
0.041992
0.041351
0.049774
0.053864
0.057312
0.059998
0.070221
0.077484
0.071625
0.069458
0.063202
0.055084
0.055298
0.046539
0.040588
0.039825
0.03479
0.028778
0.025238
0.017822
0.010681
0.0040894
-0.0095825
-0.024506
-0.04007
-0.05188
-0.065887
-0.083801
-0.091431
-0.10007
-0.10507
-0.10724
-0.10657
-0.1037
-0.099518
-0.08963
-0.079712
-0.068878
-0.055786
-0.046478
-0.035065
-0.019165
-0.0079651
0.0049744
0.016388
0.030273
0.046448
0.05365
0.064606
0.076508
0.081848
0.086914
0.085907
0.083618
0.081848
0.076233
0.067352
0.061676
0.056458
0.048462
0.039764
0.028717
0.019958
0.013702
0.0075684
-0.0015564
-0.01239
-0.013275
-0.023499
-0.0336
-0.033813
-0.040955
-0.043732
-0.044067
-0.044586
-0.046387
-0.046722
-0.041443
-0.041504
-0.041382
-0.034882
-0.03363
-0.031219
-0.024414
-0.019653
-0.014832
-0.0098267
-0.0054321
0.0010071
0.0064697
0.010742
0.014954
0.020142
0.020874
0.019562
0.018463
0.015564
0.0089111
0.0039368
-0.0025024
-0.0073547
-0.0059814
-0.0061646
-0.0037537
0.0040894
0.014801
0.02771
0.039215
0.049927
0.056091
0.061066
0.064026
0.059845
0.052429
0.043243
0.030853
0.020294
0.011536
0.0010071
-0.007782
-0.015686
-0.022491
-0.028931
-0.032837
-0.033875
-0.036987
-0.037354
-0.036224
-0.038574
-0.038483
-0.036957
-0.035522
-0.03653
-0.034332
-0.029205
-0.027954
-0.025848
-0.019745
-0.015137
-0.013519
-0.0095215
-0.0043945
0.0018921
0.0068359
0.0097046
0.015717
0.018646
0.018646
0.018402
0.019135
0.020172
0.01886
0.018829
0.015137
0.013763
0.01416
0.011292
0.01004
0.0072021
0.0023804
-0.0014648
-0.0025024
-0.0036011
-0.0050354
-0.0053406
-0.0080261
-0.0069275
-0.0065002
-0.0086365
-0.0065613
-0.0064087
-0.0054016
-0.0052795
-0.0045776
-0.003479
-0.0053101
-0.0036621
-0.00048828
0.0030212
0.0051575
0.0062561
0.01181
0.01651
0.020203
0.025085
0.027924
0.03125
0.032135
0.033325
0.034515
0.033478
0.033722
0.031036
0.026703
0.022308
0.012817
0.0042419
-0.0042419
-0.01767
-0.030823
-0.041718
-0.049957
-0.060028
-0.067657
-0.067291
-0.067383
-0.066223
-0.063477
-0.058411
-0.050171
-0.041748
-0.032745
-0.022736
-0.011322
-0.002594
0.0080872
0.017792
0.026367
0.035858
0.042633
0.047302
0.049744
0.051117
0.051178
0.048126
0.044952
0.04129
0.0354
0.031799
0.028473
0.021698
0.018799
0.016968
0.012299
0.0097656
0.0066528
0.0039062
-0.00027466
-0.0058899
-0.0079041
-0.008667
-0.0094299
-0.01239
-0.015564
-0.014709
-0.015533
-0.016815
-0.01413
-0.012665
-0.0112
-0.0092773
-0.0099792
-0.0089722
-0.0075073
-0.0082092
-0.0092773
-0.009491
-0.0099487
-0.010956
-0.012329
-0.014526
-0.016632
-0.018677
-0.020782
-0.022919
-0.023895
-0.023834
-0.024475
-0.023102
-0.020477
-0.015778
-0.0091858
-0.0049744
0.00073242
0.0088806
0.015381
0.022552
0.028351
0.031342
0.035278
0.038055
0.038544
0.037964
0.034363
0.032501
0.029449
0.023651
0.020233
0.016815
0.011749
0.0059814
0.00097656
-0.0034485
-0.0069885
-0.01123
-0.013367
-0.01535
-0.017365
-0.018768
-0.02063
-0.020935
-0.020294
-0.021545
-0.022186
-0.020325
-0.017944
-0.017242
-0.01828
-0.016785
-0.013
-0.010406
-0.0074768
-0.0071106
-0.006134
-0.0014038
0.0014343
0.0036926
0.0065918
0.0112
0.014465
0.015106
0.018158
0.020966
0.021973
0.021118
0.020111
