0.0082092
-0.0043945
0.0046387
-0.0014038
0.0064697
-0.0062561
0.0071106
-0.0019531
0.0013428
-0.00054932
0.00015259
-0.0069275
-0.0027161
0.00073242
-0.0040588
0.0014954
-0.0017395
-0.0015259
-0.0057373
0.00033569
-0.0023804
0
0.0022888
-0.00021362
0.0016479
-0.0018005
0.0024719
-6.1035e-05
0.00042725
-0.0026245
0.00045776
-0.0016174
-0.0023804
0.0012207
-0.00054932
0.00088501
-0.0012207
0.0048218
-0.0027466
0.0020447
0.0031433
0.0048218
-0.0052795
0.0011597
0.013275
-0.027466
0.012482
0.0093384
-0.0082703
0.015625
0.0019836
0.0043335
-0.00091553
0.0054321
0.00079346
0.0015259
-0.0032043
0.0046997
0.00021362
-0.0024719
0.0039673
-0.00061035
-9.1553e-05
0.00045776
0.0010681
-0.002594
0.00045776
-0.007843
-0.0055847
-0.0098877
-0.0054321
-0.0092773
-0.0049744
-0.0082703
-0.0066223
-0.0093384
0.0016174
-0.006958
-0.0040283
0.0059204
-0.0066528
0.0072327
-0.0042114
0.012665
-0.0037537
0.018158
0.0071106
-0.0041199
0.014557
0.00091553
0.0088501
-0.0024719
-0.00076294
-0.0095825
0.0036926
0.0019226
-0.0053406
0.015167
-0.021454
-0.01947
0.049408
0.0074158
0.017517
-0.02655
0.029694
0.0013733
0.0066223
0.04422
0.0064392
0.030945
0.022156
0.043976
0.031128
0.0078125
-0.0094299
-0.01004
-0.0029297
-0.027649
-0.017853
-0.0097351
-0.016815
-0.029449
-0.031281
-0.032562
-0.046539
-0.049744
-0.13681
-0.20731
-0.21103
-0.20486
-0.15198
-0.046051
0.0085449
0.015961
0.080994
0.13174
0.17569
0.25986
0.29907
0.26328
0.22672
0.1796
0.091583
0.055023
0.030701
-0.03714
-0.088623
-0.10114
-0.12653
-0.12988
-0.078064
-0.061584
-0.056488
-0.019562
0.00082397
0.0037231
0.033722
0.048798
0.019958
0.0013733
-0.013489
-0.048157
-0.061768
-0.064178
-0.083313
-0.08963
-0.068665
-0.063202
-0.046204
-0.012329
0.00177
0.0085144
0.032349
0.040161
0.031097
0.035736
0.031067
0.021851
0.018585
0.01944
0.0071716
0.0018616
0.01123
0.010498
0.028687
0.04126
0.041626
0.046936
0.055206
0.055634
0.054688
0.063507
0.066589
0.064423
0.056549
0.038879
0.015167
-0.0062561
-0.038452
-0.063324
-0.076141
-0.11292
-0.15063
-0.17154
-0.26843
-0.47208
-0.51373
-0.39655
-0.315
-0.10413
0.13403
0.21399
0.24075
0.36655
0.45108
0.45139
0.49261
0.43771
0.27719
0.11591
0.022461
-0.084229
-0.12512
-0.11591
-0.14267
-0.12564
-0.034698
0.059204
0.10559
0.15518
0.13391
0.046417
-0.010498
-0.04776
-0.10492
-0.15286
-0.17276
-0.22836
-0.25934
-0.21292
-0.14359
-0.070709
0.013794
0.063965
0.069427
0.073212
0.071899
0.046509
0.014648
-0.018799
-0.065765
-0.10327
-0.11819
-0.11575
-0.08371
-0.030365
0.024017
0.061249
0.091156
0.093201
0.087708
0.094818
0.094635
0.091858
0.074799
0.049225
0.020477
0.022461
0.045502
0.066193
0.078857
0.076843
0.058075
0.02243
0.014465
0.015839
0.0042114
0.0064392
0.0032959
0.0042419
0.0080261
0.0063782
-0.00064087
-0.040527
-0.10495
-0.22247
-0.28754
-0.37369
-0.70932
-0.73422
-0.54376
-0.41437
-0.088318
0.2872
0.47092
0.46054
0.60532
0.65262
0.56305
0.53711
0.43375
0.20602
-0.059509
-0.1554
-0.27365
-0.26334
-0.1376
-0.045563
0.032715
0.16138
0.2803
0.26776
0.25058
0.1618
0.0024719
-0.14014
-0.22446
-0.29382
-0.3468
-0.32007
-0.29175
-0.23605
-0.11438
0.01712
0.099487
0.15472
0.16333
0.10068
0.034149
-0.020752
-0.082642
-0.14102
-0.16367
-0.16934
-0.15082
-0.097961
-0.015564
0.069733
0.11545
0.14578
0.13052
0.090454
0.038513
-0.026184
-0.06073
-0.074799
-0.050903
-0.0015259
0.074493
0.13766
0.16785
0.18143
0.16061
0.11917
0.07428
0.033112
-0.002533
-0.00018311
0.0066528
0.015228
0.025635
-0.0032349
0.040985
0.084991
0.027222
-0.028625
-0.099854
-0.272
-0.39993
-0.37543
-0.63397
-0.86859
-0.61835
-0.44498
-0.17651
0.27502
0.58304
0.59393
0.56509
0.65448
0.5105
0.43256
0.38547
0.21121
-0.042542
-0.19565
-0.23749
-0.22803
-0.053864
0.098297
0.16605
0.22784
0.28384
0.27359
0.20975
0.12717
-0.037292
-0.22049
-0.33899
-0.39099
-0.38403
-0.3175
-0.2179
-0.13626
-0.049347
0.053314
0.11502
0.14255
0.1358
0.071045
-0.023102
-0.10141
-0.15454
-0.18365
-0.1608
-0.10681
-0.046082
0.029388
0.074738
0.092834
0.095428
0.08725
0.061737
0.014832
-0.051239
-0.12802
-0.10684
-0.024628
0.046326
0.13028
0.17862
0.17249
0.14636
0.13846
0.1105
0.044586
0.0058899
-0.019775
-0.015472
0.027618
0.064392
0.094818
0.10428
0.084015
0.066467
0.039001
-0.018097
-0.075745
-0.28143
-0.48172
-0.43338
-0.64984
-0.91
-0.64676
-0.39075
-0.18185
0.26785
0.65771
0.64685
0.56207
0.6232
0.47058
0.31763
0.29025
0.15509
-0.054504
-0.17963
-0.20059
-0.17245
-0.0063477
0.20374
0.29285
0.31915
0.3241
0.25412
0.12015
-0.0029297
-0.14102
-0.29846
-0.38577
-0.39606
-0.34665
-0.23343
-0.10727
-0.02774
0.029175
0.085205
0.094116
0.082489
0.044403
-0.050659
-0.11853
-0.1669
-0.19608
-0.16797
-0.092651
-0.014496
0.038483
0.099701
0.12662
0.10156
0.060089
0.013611
-0.053558
-0.068115
-0.015289
0.027863
0.09671
0.15665
0.16013
0.13406
0.1113
0.085114
0.038025
0.031586
0.024231
0.0020142
0.010101
0.00039673
-0.0095215
0.025909
0.059906
0.053955
0.022278
-0.015808
-0.10587
-0.31161
-0.36322
-0.30386
-0.69473
-0.93365
-0.6001
-0.40802
-0.12277
0.43109
0.72693
0.62808
0.53296
0.55295
0.40659
0.3342
0.31729
0.16284
-0.058014
-0.20929
-0.23236
-0.14932
0.084137
0.27493
0.32141
0.35025
0.31436
0.17419
0.019653
-0.095581
-0.23825
-0.37433
-0.40518
-0.35931
-0.2663
-0.12283
0.012939
0.072876
0.098999
0.070892
0.0062561
-0.017029
-0.081207
-0.16882
-0.21255
-0.22855
-0.22736
-0.19165
-0.05426
0.076111
0.13101
0.19095
0.2016
0.10968
0.034485
0.046478
0.060242
0.066284
0.098053
0.11768
0.12445
0.13599
0.14542
0.14185
0.1105
0.075287
0.029236
0.013855
0.00054932
-0.015686
-0.017517
-0.050385
-0.104
-0.17072
-0.22882
-0.31549
-0.43802
-0.31476
-0.50864
-0.9921
-0.72604
-0.41068
-0.19644
0.37482
0.77536
0.75433
0.52316
0.46494
0.40781
0.29279
0.28918
0.24365
0.083313
-0.10657
-0.14865
-0.042877
0.17593
0.37595
0.42532
0.42404
0.332
0.12448
-0.052826
-0.1683
-0.30615
-0.43527
-0.46259
-0.39862
-0.29041
-0.13068
0.04248
0.17538
0.17468
0.12125
0.062714
-0.051788
-0.15808
-0.2475
-0.31238
-0.35852
-0.3671
-0.25903
-0.12155
0.036591
0.17282
0.21454
0.20255
0.15219
0.11829
0.11035
0.11356
0.12558
0.12045
0.12634
0.15353
0.19089
0.20322
0.19177
0.1528
0.095032
0.087097
0.057495
0.010559
0.014191
-0.033569
-0.16125
-0.22049
-0.32666
-0.51758
-0.46997
-0.58566
-1
-0.90646
-0.49509
-0.30743
0.2467
0.71964
0.75336
0.5528
0.47675
0.46637
0.31839
0.26752
0.24976
0.10031
-0.087555
-0.17065
-0.083405
0.18143
0.38443
0.46271
0.53934
0.45935
0.22635
0.038788
-0.080139
-0.24686
-0.39023
-0.40976
-0.36835
-0.35089
-0.2186
-0.010773
0.094391
0.11978
0.13275
0.068878
-0.06311
-0.15689
-0.20517
-0.29092
-0.37451
-0.36932
-0.29443
-0.16046
0.026123
0.16623
0.216
0.20392
0.15424
0.094971
0.084045
0.1026
0.11414
0.12943
0.1467
0.15482
0.16302
0.17416
0.14905
0.13004
0.11508
0.089355
0.068909
0.061768
0.0033569
-0.050262
-0.10867
-0.49533
-0.7196
-0.70383
-1
-0.95505
-0.37256
-0.1785
0.23145
0.55756
0.66522
0.58987
0.46402
0.49142
0.37323
0.17343
0.041687
-0.093689
-0.18478
-0.19415
-0.068176
0.24399
0.43082
0.4809
0.55774
0.48175
0.26715
0.065521
-0.068268
-0.22195
-0.38666
-0.41711
-0.36447
-0.30148
-0.13202
0.061127
0.17581
0.19266
0.15231
0.079498
-0.046143
-0.15781
-0.24417
-0.35135
-0.42456
-0.37686
-0.23755
-0.090637
0.058197
0.18408
0.19763
0.15472
0.13409
0.10315
0.059174
0.044739
0.046387
0.067169
0.095123
0.13162
0.17465
0.17715
0.15433
0.12186
0.10788
0.11749
0.080627
0.020874
-0.032898
-0.14398
-0.49466
-0.74939
-0.95804
-1
-0.80029
-0.30289
0.05191
0.47931
0.63062
0.60855
0.51498
0.47256
0.4968
0.38031
0.21176
0.036499
-0.21927
-0.32666
-0.21469
0.0066528
0.28671
0.44168
0.49313
0.49753
0.37735
0.21378
0.054718
-0.12839
-0.30316
-0.41006
-0.4295
-0.36578
-0.20737
-0.029297
0.0896
0.14206
0.13943
0.10587
0.04187
-0.026825
-0.090607
-0.20358
-0.32416
-0.35464
-0.31012
-0.2135
-0.042664
0.13708
0.23489
0.21613
0.15927
0.10956
0.045898
0.030212
0.06192
0.075165
0.076294
0.091919
0.12228
0.1283
0.10416
0.096466
0.090393
0.082947
0.063385
0.037079
0.012665
-0.23199
-0.65662
-0.80032
-1
-1
-0.60464
-0.14404
0.16046
0.49976
0.63101
0.67154
0.54742
0.53842
0.57724
0.37299
0.133
-0.059845
-0.23669
-0.29535
-0.20801
0.079346
0.3472
0.43289
0.5058
0.49554
0.34116
0.14447
-0.052612
-0.21622
-0.41248
-0.53427
-0.45566
-0.30911
-0.17484
0.026794
0.15384
0.13049
0.075195
0.045502
0.0030823
-0.08316
-0.15775
-0.24707
-0.34546
-0.34924
-0.20416
-0.049469
0.10049
0.26199
0.2998
0.25366
0.2037
0.12363
0.051086
3.0518e-05
0.014404
0.066467
0.1095
0.16309
0.21786
0.18933
0.12863
0.108
0.092438
0.040741
-0.0055847
-0.061127
-0.34393
-0.71246
-0.92059
-1
-1
-0.59973
-0.16635
0.21454
0.51733
0.5784
0.55917
0.49701
0.56137
0.57968
0.39996
0.19034
-0.026642
-0.21341
-0.25754
-0.13025
0.17148
0.37515
0.44543
0.53445
0.52615
0.39471
0.24524
0.081543
-0.13611
-0.37619
-0.5137
-0.50519
-0.40924
-0.26898
-0.072174
0.05542
0.057983
0.049591
0.033966
-0.016357
-0.10214
-0.17734
-0.25696
-0.35095
-0.36447
-0.26767
-0.12497
0.051483
0.20044
0.28769
0.2984
0.24329
0.18951
0.13943
0.092896
0.085266
0.098236
0.13202
0.16583
0.1936
0.21042
0.18616
0.15738
0.12897
0.062408
-0.013916
-0.13284
-0.40796
-0.68066
-1
-1
-0.96115
-0.48572
-0.1102
0.44403
0.6066
0.54816
0.46146
0.47403
0.58389
0.43668
0.22476
0.065521
-0.23706
-0.4234
-0.32352
-0.021301
0.26746
0.3779
0.51645
0.60773
0.4913
0.40573
0.31833
0.11185
-0.15799
-0.36646
-0.42603
-0.3812
-0.32715
-0.15091
0.0036621
0.033508
0.049011
0.077393
0.060486
-0.038696
-0.17273
-0.2699
-0.35977
-0.40369
-0.33209
-0.2113
-0.084625
0.036865
0.12894
0.17838
0.17368
0.15338
0.14117
0.12909
0.13245
0.13669
0.14825
0.1658
0.17477
0.19836
0.20972
0.19666
0.18976
0.15451
0.062714
-0.045746
-0.31265
-0.62756
-0.93121
-1
-0.90411
-0.43857
-0.16452
0.26907
0.44965
0.40805
0.43591
0.50897
0.61127
0.52551
0.26245
0.065094
-0.20016
-0.40616
-0.33746
-0.15289
0.057556
0.19843
0.32077
0.49881
0.5202
0.44223
0.36966
0.16779
-0.086243
-0.23911
-0.31982
-0.31091
-0.29041
-0.22736
-0.1167
-0.044403
0.053314
0.1553
0.12781
0.032379
-0.081757
-0.17734
-0.22705
-0.27011
-0.25101
-0.17291
-0.1308
-0.045258
0.060883
0.086426
0.090057
0.08905
0.0961
0.11853
0.10855
0.11746
0.13739
0.097137
0.098846
0.14999
0.13736
0.13687
0.17548
0.15555
0.095825
-0.12061
-0.38043
-0.69131
-1
-1
-0.52078
-0.28445
0.14514
0.55673
0.479
0.41623
0.49536
0.63382
0.68234
0.40292
0.15656
-0.0096741
-0.34393
-0.46844
-0.28201
-0.11343
-0.012329
0.078491
0.28745
0.48605
0.43564
0.36572
0.33215
0.074738
-0.18158
-0.21988
-0.17117
-0.20813
-0.24521
-0.18958
-0.13995
-0.11865
0.0016479
0.11774
0.096802
-0.0053406
-0.093109
-0.12744
-0.14227
-0.17023
-0.15259
-0.098053
-0.08493
-0.057129
0.032654
0.078461
0.067078
0.096619
0.14069
0.13654
0.11768
0.12057
0.10983
0.090942
0.10397
0.13107
0.13196
0.10812
0.072906
0.045166
-0.045624
-0.24438
-0.40189
-0.83539
-1
-0.74802
-0.40366
-0.3017
0.10767
0.3562
0.3316
0.47327
0.69022
0.79715
0.68454
0.34985
0.19632
0.10721
-0.18884
-0.32764
-0.1897
-0.19403
-0.24014
-0.062561
0.21823
0.34506
0.29431
0.25415
0.24509
0.12527
0.0057983
0.028778
0.0041809
-0.15439
-0.26373
-0.24802
-0.20105
-0.1618
-0.099945
-0.0401
-0.042725
-0.064972
-0.027832
0.028107
-0.0078735
-0.083069
-0.098083
-0.081573
-0.07016
-0.028015
0.0092773
0.0097351
0.0022278
0.037415
0.10495
0.13699
0.11667
0.098999
0.088684
0.085205
0.10556
0.11218
0.10718
0.091766
0.018921
-0.042145
-0.083221
-0.21667
-0.54193
-0.83737
-0.65387
-0.31003
-0.23718
-0.14288
0.058533
0.11984
0.17361
0.38297
0.54358
0.54401
0.42267
0.2854
0.24811
0.18607
-0.0084534
-0.10562
-0.078918
-0.12674
-0.15894
-0.023834
0.09967
0.093719
0.058472
0.058563
0.09549
0.13727
0.12302
0.073303
0.038269
0.0012512
-0.048767
-0.063812
-0.065033
-0.097717
-0.12814
-0.12933
-0.1185
-0.11157
-0.1163
-0.11569
-0.1008
-0.080933
-0.0495
-0.020172
-0.010834
-0.014069
-0.033234
-0.061981
-0.054321
-0.015137
0.012634
0.025299
0.026855
0.027527
0.031769
0.044617
0.062592
0.066986
0.067902
0.07309
0.088654
0.10809
0.1131
0.094635
0.067963
0.046021
0.036072
0.030365
-0.0031433
-0.068542
-0.12842
-0.15417
-0.15149
-0.13516
-0.13281
-0.14792
-0.15637
-0.1525
-0.14273
-0.13382
-0.11853
-0.094482
-0.058655
-0.009491
0.036804
0.081207
0.13358
0.19357
0.24512
0.26385
0.26199
0.26627
0.27026
0.24243
0.1908
0.14069
0.090668
0.040649
-0.0044861
-0.044708
-0.072144
-0.084503
-0.091064
-0.092468
-0.090546
-0.098267
-0.10718
-0.097107
-0.096863
-0.11905
-0.13525
-0.14185
-0.14355
-0.13034
-0.10367
-0.071838
-0.04303
-0.019135
-0.00039673
0.012451
0.02066
0.028076
0.02594
0.013367
0.013184
0.027802
0.054108
0.081024
0.092773
0.099365
0.10321
0.10205
0.095917
0.087341
0.073761
0.052185
0.023407
-0.011993
-0.039673
-0.053986
-0.060669
-0.06366
-0.07016
-0.082489
-0.086609
-0.078827
-0.068146
-0.053833
-0.042511
-0.037811
-0.031158
-0.022583
-0.012695
0.0071411
0.026001
0.032318
0.041443
0.050995
0.049957
0.042511
0.032013
0.015686
-0.00024414
-0.003479
0.0045776
0.015564
0.015686
0.0087891
0.008667
0.011902
0.015137
0.012848
0.01059
0.013245
0.011505
0.0092468
0.017181
0.020538
0.015656
0.024567
0.039734
0.058075
0.074951
0.072479
0.057465
0.037415
0.015961
-0.0023804
-0.025909
-0.054932
-0.07785
-0.085968
-0.073608
-0.057434
-0.045135
-0.03476
-0.028595
-0.013641
0.0034485
0.013672
0.012695
0.0014648
-0.013031
-0.029663
-0.036072
-0.035919
-0.04303
-0.056335
-0.06076
-0.051758
-0.039032
-0.026184
-0.018951
-0.010223
0.00091553
0.012207
0.025848
0.029694
0.024475
0.024628
0.030273
0.041473
0.054993
0.059021
0.052185
0.041656
0.031433
0.022461
0.01535
0.0089417
0.0071716
0.0099182
0.010468
0.013367
0.014679
0.013
0.010193
0.0072937
0.013123
0.019531
0.016418
0.0054321
-0.0094299
-0.022522
-0.031921
-0.034943
-0.029327
-0.018524
-0.010284
-0.011505
-0.010529
-0.0058899
-0.010254
-0.018982
-0.029053
-0.032654
-0.026062
-0.010071
0.012695
0.026917
0.031769
0.03363
0.039307
0.048828
0.052307
0.047546
0.035065
0.019043
0.0022278
-0.01767
-0.040741
-0.062103
-0.078186
-0.083466
-0.078552
-0.068695
-0.057739
-0.050415
-0.044952
-0.035004
-0.017181
0.0031433
0.01712
0.023743
0.028503
0.038116
0.048065
0.054504
0.057434
0.05246
0.047394
0.045563
0.042145
0.036438
0.027557
0.017181
0.011719
0.0090942
0.0037537
-0.0016174
-0.01181
-0.019257
-0.017639
-0.013733
-0.0081482
-0.0032654
-0.0025635
-0.0063477
-0.01181
-0.014648
-0.018158
-0.023926
-0.025848
-0.022217
-0.016724
-0.0092773
-0.005127
-0.0070496
-0.0093079
-0.012848
-0.012695
-0.0054016
0.0058594
0.018951
0.023041
0.022705
0.029114
0.036621
0.04068
0.038544
0.032806
0.03006
0.025665
0.017029
0.006012
-0.009552
-0.027588
-0.044891
-0.053772
-0.056305
-0.057404
-0.055206
-0.050903
-0.044128
-0.036926
-0.031403
-0.02359
-0.014008
-0.0083618
-0.0038757
0.006897
0.014465
0.013245
0.01535
0.016815
0.015411
0.021698
0.029449
0.03186
0.033691
0.032074
0.030365
0.032867
0.033997
0.031494
0.028198
0.029144
0.033722
0.035126
0.031921
0.030548
0.026337
0.019592
0.014435
0.0063171
-0.0018005
-0.012634
-0.026489
-0.03418
-0.039948
-0.044617
-0.046478
-0.048035
-0.051331
-0.054321
-0.053406
-0.04953
-0.042816
-0.033783
-0.02597
-0.016083
-0.0043335
0.007843
0.020416
0.029053
0.035156
0.041992
0.046417
0.047455
0.042633
0.03363
0.022247
0.0088196
0.0014343
-0.00079346
-0.0055237
-0.0097656
-0.0112
-0.01181
-0.0093384
-0.0040283
-0.0022583
-0.006958
-0.01297
-0.012939
-0.0090942
-0.0054321
-0.0064087
-0.011963
-0.015289
-0.019012
-0.017212
-0.0097351
-0.01001
-0.010132
-0.0074768
-0.0066223
-0.0036621
0.0012512
0.0082092
0.012054
0.010498
0.013184
0.022064
0.028351
0.027802
0.027954
0.031616
0.033386
0.032227
0.029419
0.024323
0.015015
0.0080261
0.0075073
0.0066223
0.0011292
-0.0076294
-0.014862
-0.018219
-0.020996
-0.023315
-0.024689
-0.026184
-0.025482
-0.023926
-0.020782
-0.01355
-0.0084229
-0.0049133
-0.003479
-0.0024719
0.0018616
0.0053406
0.0082703
0.0085449
0.0051575
-0.00045776
-0.006073
-0.0085449
-0.0091858
-0.011719
-0.011871
-0.010925
-0.0097961
-0.0042725
-0.0024109
-0.0035706
-0.0024719
-0.0013428
0.00085449
0.0026855
0.0054321
0.0074158
0.0024109
-0.0017395
-0.00057983
0.0016785
0.0040894
0.0038757
0.0032349
0.004425
0.005127
0.0067444
0.0053101
0.0042114
0.0057678
0.0063171
0.0097351
