0.00021362
0.00036621
0.00048828
-0.00027466
0
0.00024414
0.00048828
0.00088501
0.0010071
0.00088501
-9.1553e-05
-0.0010376
-0.0011292
3.0518e-05
0.0012207
0.00039673
-0.0012207
-0.00082397
-0.00042725
-0.0011597
-0.00064087
0.00076294
0.00094604
-0.00036621
-0.00042725
-0.00094604
-0.0007019
0.00057983
0.00061035
-0.00027466
-0.0012207
-0.00064087
-0.00076294
-0.00036621
-3.0518e-05
-0.00045776
0.00061035
0.00085449
0.00018311
3.0518e-05
0.00039673
0
0.00057983
0.00094604
0.00012207
0.00021362
0.0007019
0.00039673
-0.00085449
-0.00076294
-6.1035e-05
-0.00064087
-0.0016479
-0.0018311
-0.00067139
-0.00082397
-0.0012207
3.0518e-05
-0.0005188
-0.00094604
0.00054932
0.0014954
0.00088501
0.00073242
0.0027466
0.00033569
0.0019226
0.0020447
0.00091553
-0.0024414
-0.0062561
0.011871
-0.015228
-0.033325
0.039276
0.004303
-0.033539
0.032623
0.01828
-0.0030212
0.013489
0.0028992
0.0092163
-0.0014343
-0.012787
0.0029602
-0.012024
-0.017548
-0.0019226
-0.0066528
-0.002655
-0.00057983
-0.00177
0.0038452
0.0091248
0.0047913
-0.0037842
0.00067139
-0.0013123
0.015594
-0.053925
-0.0081787
0.077759
-0.097382
0.0046692
0.10126
-0.072571
0.044037
0.049164
-0.018158
0.038605
-0.0028381
-0.0033264
-0.0096436
-0.053833
0.01593
-0.039307
-0.058197
0.039856
-0.026581
-0.028625
0.034515
0.015015
-0.013397
-0.016479
0.040283
0.038483
-0.014801
0.017975
0.048035
0.02005
0.00091553
0.0016785
-0.01767
-0.014191
-0.031921
-0.060822
-0.028137
-0.012878
-0.022095
-0.012634
0.011932
0.016541
0.015717
0.0023499
0.0091553
0.014648
-0.010925
-0.009491
0.0045471
-0.0019836
0.0086975
0.01178
0.011871
0.017822
0.024597
-0.00073242
0.0086365
0.019928
0.0095215
0.0005188
0.0092468
0.014618
0.013428
0.016815
0.0112
0.021271
0.031982
0.02121
0.015472
0.021271
0.017487
0.0037537
-9.1553e-05
-0.002594
-0.0021973
-0.0072327
-0.018707
-0.017487
-0.023712
-0.028412
-0.036194
-0.032562
-0.044159
-0.05127
-0.04776
-0.089294
-0.084381
-0.12
-0.16342
-0.15958
-0.14996
-0.14725
-0.11862
-0.029816
0.0049744
0.083984
0.19189
0.21799
0.27219
0.30731
0.30124
0.25974
0.24506
0.17358
0.086304
0.032349
-0.045349
-0.12271
-0.14926
-0.16626
-0.1879
-0.17212
-0.12778
-0.10883
-0.065094
-0.0060425
0.028229
0.044952
0.075684
0.07901
0.063171
0.061554
0.037445
0.0058594
-0.017731
-0.053436
-0.092438
-0.10797
-0.12286
-0.14621
-0.13684
-0.11429
-0.091614
-0.054688
0.00024414
0.043579
0.088196
0.13272
0.15317
0.1619
0.16547
0.14932
0.12387
0.10422
0.089172
0.063782
0.047211
0.041718
0.024902
0.013031
0.011566
-0.0035706
-0.013947
-0.074402
-0.17365
-0.23553
-0.42609
-0.52948
-0.5329
-0.55023
-0.48059
-0.32736
-0.11639
0.082367
0.31409
0.59369
0.66348
0.74673
0.74698
0.62207
0.45911
0.28958
0.058899
-0.15695
-0.33594
-0.41608
-0.47821
-0.42233
-0.27933
-0.17633
-0.020569
0.11694
0.21701
0.30151
0.31754
0.30441
0.19333
0.092407
-0.011749
-0.14087
-0.21201
-0.25723
-0.2818
-0.28433
-0.2402
-0.14957
-0.090027
-0.0011902
0.067383
0.08493
0.093353
0.091614
0.051666
0.0087891
-0.020203
-0.07663
-0.12146
-0.12317
-0.096405
-0.052094
0.02298
0.10913
0.14682
0.19336
0.23416
0.22906
0.2309
0.21854
0.17926
0.13699
0.094879
0.06015
-0.0075684
-0.067078
-0.14218
-0.32089
-0.40549
-0.62491
-0.77103
-0.70963
-0.66296
-0.50003
-0.24603
0.042267
0.36365
0.55688
0.87796
0.9332
0.86081
0.7775
0.53925
0.20871
-0.013092
-0.27521
-0.45898
-0.56412
-0.50092
-0.39828
-0.24948
0.039124
0.24936
0.34561
0.44147
0.43634
0.33459
0.20554
0.074371
-0.1192
-0.30252
-0.38699
-0.45929
-0.45346
-0.33255
-0.1839
-0.070343
0.065308
0.19568
0.23459
0.24628
0.23373
0.1319
-0.012207
-0.12146
-0.22385
-0.2984
-0.30707
-0.28909
-0.26132
-0.15054
0.013214
0.15237
0.28549
0.39218
0.41043
0.38251
0.3389
0.27704
0.18481
0.1098
0.048218
-0.017426
-0.057495
-0.085663
-0.13467
-0.16214
-0.26617
-0.34869
-0.46008
-0.72443
-0.68768
-0.63541
-0.55026
-0.31091
-0.048187
0.28821
0.50775
0.74045
0.95309
0.815
0.72641
0.56467
0.21194
-0.053314
-0.24875
-0.43643
-0.5069
-0.43256
-0.28149
-0.1322
0.08313
0.35028
0.43405
0.41699
0.42477
0.2847
0.07782
-0.048767
-0.22711
-0.396
-0.45459
-0.4595
-0.38342
-0.25858
-0.048737
0.12051
0.1998
0.31223
0.31821
0.21808
0.13495
-0.00036621
-0.16885
-0.29703
-0.33179
-0.35086
-0.35117
-0.25235
-0.14484
-0.049927
0.11349
0.26523
0.3291
0.3681
0.39197
0.33942
0.24918
0.20682
0.14627
0.048553
0.013733
-0.0092773
-0.048431
-0.088318
-0.10263
-0.20441
-0.35446
-0.42548
-0.70621
-0.76672
-0.66159
-0.60367
-0.35254
-0.060974
0.2579
0.57556
0.74142
0.97021
0.93289
0.69803
0.54959
0.24149
-0.15005
-0.3064
-0.48163
-0.55066
-0.43085
-0.26956
-0.044891
0.16998
0.38782
0.52634
0.46158
0.36145
0.25922
-0.0075684
-0.20645
-0.31033
-0.46875
-0.51932
-0.46515
-0.34338
-0.14633
0.03891
0.24164
0.3327
0.34592
0.33627
0.2009
0.03537
-0.10074
-0.25449
-0.37189
-0.3717
-0.33969
-0.28409
-0.18976
-0.06485
0.097565
0.2049
0.3168
0.38452
0.35071
0.33325
0.2713
0.18112
0.12936
0.063354
0.019928
-0.0036621
-0.0031128
-0.024841
-0.094208
-0.14508
-0.29025
-0.46506
-0.7421
-0.84711
-0.75946
-0.70175
-0.42139
-0.064758
0.21448
0.58984
0.82645
0.99997
0.99997
0.81741
0.55215
0.22375
-0.16934
-0.39667
-0.51852
-0.5799
-0.42728
-0.2308
-0.01416
0.28281
0.49573
0.577
0.56567
0.40799
0.16495
-0.090607
-0.3219
-0.46771
-0.55255
-0.58505
-0.47021
-0.29434
-0.097504
0.15131
0.35675
0.41486
0.39853
0.29053
0.082794
-0.093414
-0.24991
-0.36035
-0.38937
-0.38205
-0.30188
-0.21954
-0.071533
0.14423
0.27188
0.36133
0.39691
0.35504
0.29199
0.20718
0.15829
0.099731
0.029694
0.020477
0.010406
0.0097961
0.037292
-0.0038757
-0.076782
-0.25476
-0.46777
-0.80362
-0.94717
-0.85193
-0.77673
-0.47076
-0.071136
0.25565
0.6604
0.87772
0.99997
0.99997
0.77982
0.49615
0.17108
-0.28046
-0.49173
-0.57248
-0.57184
-0.36517
-0.10004
0.1463
0.40442
0.60867
0.71579
0.63992
0.38889
0.14404
-0.17368
-0.50595
-0.62405
-0.68179
-0.64389
-0.44534
-0.22351
0.016418
0.24438
0.41284
0.48837
0.41342
0.23645
0.012054
-0.24622
-0.44205
-0.47934
-0.47528
-0.41919
-0.26328
-0.092834
0.098633
0.29321
0.44937
0.49683
0.45309
0.36777
0.2319
0.10803
0.028473
-0.00015259
-0.015533
-0.009552
0.048279
0.042542
0.01001
-0.032867
-0.15582
-0.42694
-0.82001
-0.9158
-0.92557
-0.84903
-0.44983
-0.074493
0.29025
0.68082
0.88232
0.99997
0.98096
0.72534
0.4523
0.042358
-0.38712
-0.58255
-0.64496
-0.58383
-0.28647
0.011261
0.22812
0.5173
0.72189
0.75058
0.68362
0.43494
0.11499
-0.22113
-0.5527
-0.68533
-0.68634
-0.6015
-0.37241
-0.10651
0.10605
0.31097
0.46017
0.46048
0.36221
0.15393
-0.13623
-0.38522
-0.56473
-0.63818
-0.61575
-0.44681
-0.17084
0.072235
0.30658
0.47382
0.54736
0.535
0.41428
0.28998
0.12103
-0.018585
-0.034973
-0.039734
-0.020355
0.03006
0.05072
0.023987
-0.034943
-0.17374
-0.51733
-0.81378
-0.8269
-0.87659
-0.70053
-0.29193
0.064667
0.4902
0.77979
0.94223
0.99997
0.83591
0.55579
0.28043
-0.17175
-0.55014
-0.69205
-0.71198
-0.56128
-0.2283
0.060944
0.35205
0.6586
0.755
0.76044
0.61038
0.27979
-0.0037231
-0.36014
-0.61502
-0.65344
-0.61673
-0.44547
-0.16202
0.079315
0.28232
0.4361
0.46924
0.40573
0.23804
-0.024719
-0.26419
-0.46774
-0.6102
-0.64243
-0.55441
-0.315
-0.059448
0.17197
0.3634
0.43869
0.45343
0.39078
0.28983
0.19446
0.068634
0.010132
0.01413
-0.0031433
0.033386
0.056519
0.017181
-0.026093
-0.13989
-0.50687
-0.84354
-0.8259
-0.88556
-0.68561
-0.21918
0.10104
0.53497
0.85428
0.95297
0.99997
0.87726
0.54907
0.26459
-0.14917
-0.58432
-0.76126
-0.77164
-0.63458
-0.30298
0.040985
0.35104
0.63348
0.7561
0.72418
0.57397
0.27051
-0.047455
-0.34824
-0.60092
-0.66586
-0.5741
-0.40314
-0.13217
0.1629
0.35632
0.4729
0.50385
0.40091
0.20786
-0.028473
-0.27982
-0.48792
-0.63791
-0.65594
-0.46371
-0.21219
0.0336
0.28104
0.38721
0.40268
0.37411
0.26254
0.16861
0.070679
-0.0036926
0.010315
0.019043
0.035004
0.085083
0.068085
0.012939
-0.098602
-0.40588
-0.83414
-0.91946
-0.93518
-0.86133
-0.39243
0.05014
0.45355
0.93259
0.99997
0.99997
0.99997
0.71252
0.34418
-0.048706
-0.51669
-0.80743
-0.84814
-0.77164
-0.4892
-0.08075
0.25479
0.60861
0.79474
0.76489
0.64346
0.33401
-0.0091858
-0.32697
-0.61316
-0.74365
-0.66437
-0.48672
-0.22476
0.14267
0.41251
0.57034
0.63281
0.50888
0.29422
0.021851
-0.25302
-0.45279
-0.61923
-0.68634
-0.55984
-0.31851
-0.060913
0.22137
0.40305
0.44287
0.42743
0.3168
0.17932
0.074799
-0.03299
-0.055176
-0.032318
-0.016174
0.063934
0.091827
0.073273
0.04953
-0.13986
-0.56009
-0.90604
-0.93964
-0.99014
-0.75162
-0.21793
0.17575
0.65256
0.99997
0.99997
0.99997
0.96985
0.59689
0.24475
-0.20523
-0.64786
-0.84341
-0.84033
-0.71228
-0.34314
0.027039
0.32669
0.66959
0.79193
0.70987
0.56711
0.23779
-0.11923
-0.40543
-0.67429
-0.73447
-0.59625
-0.4245
-0.12683
0.23001
0.42612
0.55447
0.6051
0.44846
0.24197
-0.0037537
-0.28745
-0.47797
-0.58572
-0.59808
-0.43655
-0.20389
0.018799
0.25067
0.36826
0.38522
0.37878
0.27145
0.14798
0.069885
0.0066223
-0.013855
-0.0065613
-0.0024414
0.029755
0.017609
-0.032928
-0.13651
-0.45905
-0.86664
-0.90326
-0.95279
-0.83914
-0.31763
0.1001
0.53073
0.97626
0.99997
0.99997
0.99997
0.69394
0.37082
-0.031647
-0.50937
-0.78079
-0.81461
-0.75494
-0.46301
-0.043396
0.25735
0.53967
0.72775
0.66833
0.5033
0.255
-0.040894
-0.33768
-0.56393
-0.68488
-0.61691
-0.4361
-0.22314
0.11914
0.38568
0.47604
0.5434
0.46597
0.25366
0.044159
-0.17422
-0.37509
-0.49359
-0.51254
-0.43686
-0.24005
-0.035278
0.16318
0.33676
0.36905
0.36371
0.32391
0.19885
0.10593
0.064209
0.024719
0.017273
0.029358
0.048126
0.030029
-0.016144
-0.099487
-0.32855
-0.75409
-0.97934
-0.97324
-0.95132
-0.59412
-0.066223
0.32584
0.77786
0.99997
0.99997
0.99997
0.85349
0.50214
0.17056
-0.27499
-0.65607
-0.77597
-0.74088
-0.56763
-0.18918
0.16037
0.41373
0.63162
0.69345
0.55984
0.3577
0.085602
-0.21408
-0.46463
-0.64941
-0.66916
-0.51373
-0.32327
-0.052765
0.27029
0.43762
0.49136
0.48825
0.33414
0.1188
-0.080841
-0.28809
-0.43307
-0.49069
-0.46957
-0.32889
-0.12128
0.074341
0.255
0.35626
0.36462
0.35214
0.28003
0.16522
0.094574
0.061829
0.038147
0.027893
0.03241
0.051086
0.015839
-0.028534
-0.16949
-0.55847
-0.90799
-0.9397
-0.9841
-0.78003
-0.27484
0.12549
0.55493
0.92102
0.99997
0.99997
0.94916
0.62802
0.32379
-0.067963
-0.50714
-0.75226
-0.75919
-0.66302
-0.37
0.018799
0.31494
0.55539
0.67108
0.64737
0.48059
0.22711
-0.040649
-0.34253
-0.55453
-0.66772
-0.60858
-0.40939
-0.20432
0.09613
0.3512
0.44421
0.48074
0.41647
0.24683
0.040771
-0.16409
-0.35104
-0.47464
-0.49564
-0.42731
-0.28452
-0.09082
0.10855
0.27151
0.37259
0.38672
0.34634
0.27167
0.17615
0.10922
0.08847
0.065247
0.030243
0.038147
0.031891
-0.021881
-0.074402
-0.23334
-0.61209
-0.88986
-0.8844
-0.89651
-0.6394
-0.1423
0.19644
0.5936
0.87775
0.94589
0.99353
0.83319
0.53885
0.27194
-0.12833
-0.52631
-0.71951
-0.71036
-0.59769
-0.29834
0.049866
0.30203
0.50967
0.59149
0.58511
0.46143
0.21417
-0.014435
-0.28165
-0.52322
-0.60587
-0.55453
-0.3974
-0.18042
0.084259
0.28601
0.38028
0.41208
0.34494
0.23627
0.071198
-0.1199
-0.27515
-0.43414
-0.46884
-0.4057
-0.2995
-0.088013
0.091583
0.24023
0.34171
0.34982
0.34665
0.28574
0.20044
0.13947
0.094727
0.045746
0.0054016
0.040527
0.027985
-0.005188
-0.079712
-0.28607
-0.65244
-0.88385
-0.83109
-0.80298
-0.54349
-0.071228
0.19775
0.5824
0.82672
0.89954
0.98245
0.8064
0.5228
0.25845
-0.18396
-0.53406
-0.69675
-0.6792
-0.56561
-0.30878
0.021881
0.24292
0.46857
0.57553
0.56018
0.49585
0.24579
0.0076599
-0.21982
-0.47626
-0.53342
-0.51154
-0.40991
-0.20981
0.0057068
0.18826
0.29272
0.36252
0.34003
0.2442
0.13239
-0.062134
-0.22668
-0.36365
-0.44962
-0.39484
-0.30798
-0.16406
0.028931
0.17468
0.28308
0.33276
0.34009
0.29956
0.2482
0.19714
0.12708
0.085632
0.045288
0.022156
0.017456
-0.003418
-0.067627
-0.24603
-0.57999
-0.80331
-0.77029
-0.74435
-0.5524
-0.14532
0.10712
0.41806
0.69461
0.81378
0.92383
0.83563
0.58878
0.36377
-0.053802
-0.42322
-0.59961
-0.65729
-0.58517
-0.4064
-0.16098
0.072968
0.29834
0.51929
0.56717
0.51025
0.40567
0.16711
-0.091278
-0.28464
-0.41144
-0.45584
-0.41498
-0.31146
-0.15137
-0.00021362
0.099854
0.22983
0.30405
0.26321
0.2052
0.11359
-0.072357
-0.22382
-0.30557
-0.34985
-0.3215
-0.23541
-0.10736
0.03299
0.14209
0.23166
0.29797
0.3045
0.28375
0.26279
0.20328
0.11343
0.082245
0.085968
0.047028
0.010437
-0.05954
-0.21432
-0.47073
-0.74078
-0.72488
-0.65756
-0.6152
-0.30121
-0.0038452
0.20251
0.53543
0.7366
0.86981
0.90393
0.6774
0.47772
0.17957
-0.24234
-0.44092
-0.56009
-0.64511
-0.55164
-0.39493
-0.17014
0.069977
0.32748
0.53207
0.53809
0.45264
0.37473
0.1716
-0.047485
-0.17929
-0.30856
-0.38177
-0.38852
-0.32602
-0.19974
-0.095764
0.018127
0.17279
0.23691
0.23865
0.21783
0.13898
-0.0073242
-0.13226
-0.21188
-0.26675
-0.27951
-0.22101
-0.14139
-0.055542
0.049957
0.16043
0.24292
0.27658
0.28494
0.27417
0.2182
0.16022
0.14807
0.12714
0.053986
-0.0028076
-0.081482
-0.24658
-0.44894
-0.64731
-0.62888
-0.55688
-0.57443
-0.36603
-0.096252
0.066589
0.38431
0.65414
0.7753
0.83401
0.68689
0.53384
0.32355
0
-0.2114
-0.36328
-0.55746
-0.59464
-0.53207
-0.38208
-0.16125
0.07193
0.28644
0.39679
0.36819
0.40173
0.3757
0.23694
0.12595
-0.005188
-0.16531
-0.26489
-0.33102
-0.3143
-0.26462
-0.22073
-0.11914
-0.015991
0.031891
0.080383
0.11298
0.11081
0.084137
0.042664
0.012665
-0.027344
-0.073883
-0.088135
-0.089264
-0.085724
-0.031219
0.025299
0.057678
0.093811
0.13589
0.1871
0.22684
0.21912
0.20688
0.18341
0.10919
0.049713
-0.0076599
-0.13535
-0.33246
-0.513
-0.53378
-0.52496
-0.56485
-0.46738
-0.27423
-0.094696
0.11551
0.35239
0.53146
0.62589
0.61896
0.62759
0.5322
0.35898
0.2056
0.052277
-0.15851
-0.29803
-0.39581
-0.40234
-0.3559
-0.29401
-0.24786
-0.17331
-0.07077
0.056671
0.17276
0.26273
0.27341
0.25256
0.2244
0.19098
0.14386
0.086884
0.015198
-0.06192
-0.13458
-0.19049
-0.23035
-0.24362
-0.23938
-0.22836
-0.20468
-0.15961
-0.085571
-0.016357
0.040863
0.092529
0.12537
0.13632
0.14029
0.1326
0.12161
0.11066
0.10364
0.087799
0.064026
0.028381
0.0072327
-0.0010681
0.0093689
0.027527
0.027588
0.018402
0.006958
-0.021515
-0.049377
-0.095551
-0.13977
-0.14679
-0.15497
-0.1821
-0.18378
-0.16324
-0.11765
-0.071106
-0.036743
-0.020966
-0.0050354
0.023315
0.088776
0.13318
0.16937
0.20068
0.21091
0.19962
0.19324
0.17316
0.1543
0.1275
0.089264
0.033905
-0.024536
-0.059875
-0.071167
-0.081726
-0.089417
-0.10117
-0.10358
-0.089844
-0.074188
-0.062256
-0.049622
-0.0466
-0.043732
-0.032227
-0.018188
-0.0059814
-0.0033569
-0.0079956
-0.0072632
-0.0091858
-0.0092773
-0.005249
-0.0093384
-0.012787
-0.011658
-0.00027466
0.011841
0.013947
0.0079041
-0.0098267
-0.021271
-0.014862
0.00045776
0.017517
0.031433
0.036591
0.043457
0.054382
0.067078
0.083282
0.092957
0.08551
0.064362
0.036591
0.013
-0.0052185
-0.01062
-0.016724
-0.038696
-0.069031
-0.095306
-0.11331
-0.11371
-0.10577
-0.095123
-0.08139
-0.071472
-0.060944
-0.050415
-0.046509
-0.040161
-0.03302
-0.029022
-0.025665
-0.019867
-0.0066528
0.013763
0.039673
0.075195
0.10486
0.12082
0.13992
0.15475
0.1601
0.15836
0.14493
0.12103
0.093658
0.073456
0.05423
0.029694
0.0018921
-0.026764
-0.054443
-0.07605
-0.088837
-0.096252
-0.095642
-0.086182
-0.072754
-0.056519
-0.045959
-0.045074
-0.047699
-0.051453
-0.056335
-0.055206
-0.044861
-0.030518
-0.028809
-0.031158
-0.029846
-0.023804
-0.0066223
0.020935
0.043518
0.051483
0.04892
0.0495
0.056641
0.067383
0.075043
0.071106
0.04303
0.0056763
-0.016235
-0.028198
-0.033875
-0.036011
-0.045502
-0.054565
-0.056091
-0.043427
-0.017395
0.0058594
0.018097
0.024139
0.02179
0.01889
0.014252
0.010071
0.008606
0.0047607
-0.0021057
-0.0045776
-0.0069885
-0.0019226
0.0039673
0.0020447
-0.0016479
-0.006012
-0.0089111
-0.0063171
-0.0036316
0.0046387
0.0075989
0.0055542
0.0031433
-0.0017395
-0.006958
-0.0057983
-0.0016174
0.0079041
0.016998
0.022308
0.021088
0.012299
-0.00012207
-0.0061646
-0.0083923
-0.0057373
0.0047913
0.0090637
0.01062
0.014252
0.019043
0.029755
0.037659
0.039886
0.040283
0.033112
0.020264
0.012726
0.010864
0.0081177
0.0059509
0.0036926
-0.005127
-0.017761
-0.030457
-0.040741
-0.052368
-0.065399
-0.06955
-0.069153
-0.065094
-0.052612
-0.03772
-0.020721
-0.0071411
0.0054626
0.019318
0.022827
0.020142
0.01709
0.0096436
0.0053711
0.0034485
0.0011597
-0.0013428
-0.0025024
-0.0023193
-0.0018616
0
-0.00076294
-0.0040894
-0.0064697
-0.0057373
-0.0016174
-0.0018616
-0.0027466
-0.0048218
-0.01062
-0.013184
-0.0054321
0.0087585
0.024567
0.04422
0.061157
0.067596
0.063538
0.053314
0.042633
0.029816
0.021729
0.019287
0.0112
0.0041504
-0.0036316
-0.0097351
-0.0098877
-0.01178
-0.010559
-0.0054016
-0.011383
-0.017853
-0.016907
-0.016235
-0.01709
-0.015167
-0.011688
-0.0099487
-0.0075378
-0.0037537
-0.0041199
-0.0070496
-0.0159
-0.028778
-0.037292
-0.040497
-0.038544
-0.032196
-0.027283
-0.023865
-0.017853
-0.013885
-0.0083313
0.00079346
0.0038757
0.0016479
-0.00076294
3.0518e-05
0.0026855
0.0070496
0.01178
0.016113
0.017029
0.019135
0.025452
0.030701
0.033813
0.036255
0.036713
0.034302
0.026886
0.023132
0.020142
0.012543
0.0064697
0.0024414
3.0518e-05
0.0014038
0.0019836
0.0058594
0.005249
-0.0071106
-0.019531
-0.029022
-0.039459
-0.04538
-0.046936
-0.043365
-0.03656
-0.029297
-0.0177
-0.0064697
0.0012817
0.011871
0.020294
0.023224
0.027222
0.031708
0.031097
0.031433
0.031677
0.028564
0.025543
0.020599
0.017181
0.014862
0.0090637
0.0022888
-0.0059814
-0.011414
-0.016022
-0.022675
-0.022095
-0.021088
-0.023468
-0.024017
-0.024323
-0.025055
-0.02652
-0.028442
-0.028778
-0.027069
-0.026642
-0.025055
-0.022552
-0.019073
-0.013733
-0.0084229
-0.0013733
0.0081787
0.015442
0.021362
0.027832
0.033997
0.035645
0.033051
0.032318
0.033051
0.033295
0.035217
0.038422
0.037903
0.034698
0.03241
0.028137
0.023346
0.016418
0.0028381
-0.0092163
-0.018097
-0.026031
-0.031616
-0.037231
-0.041412
-0.04184
-0.040588
-0.037903
-0.033203
-0.027618
-0.020294
-0.015961
-0.012451
-0.0077515
-0.005249
-0.0028381
0.0016785
0.0062256
0.011414
0.014771
0.016296
0.014038
0.011047
0.0094299
0.011078
0.013
0.012665
0.010651
0.0070801
0.0046692
0.0041199
0.0025635
0.0018005
0.0012207
-0.0010986
-0.0020752
-0.00048828
0.00024414
