-0.0019226
-0.0013123
-0.00076294
-0.00024414
-0.0010681
-0.0020447
-0.0021973
-0.0020142
-0.0021362
-0.0022583
-0.00039673
-0.00030518
0.00088501
0.00030518
-0.00045776
0.0011292
0.00027466
0.00079346
0.0010376
-9.1553e-05
0.0010986
0.0010376
0.00079346
0.0019226
0.00033569
0.0010681
0.0021667
0.0011292
0.0013428
0.00042725
-0.00067139
-0.00030518
-0.0010986
0.00036621
0.00030518
-0.0018005
-0.0010071
-0.0015259
-0.00079346
-0.0007019
-0.00039673
0.00030518
-9.1553e-05
-0.00039673
-0.0005188
0.0007019
-0.00061035
-0.00033569
0.00030518
-0.00079346
-0.00030518
-0.0007019
0.00033569
0.00067139
-0.00097656
0.0005188
0.00048828
0.0007019
0.0014954
-0.00082397
-0.00012207
-0.00067139
0.00057983
0.0018616
-0.00012207
0.00091553
-0.0007019
-0.00057983
-0.00036621
0.00033569
0.00036621
-0.0011292
-0.00024414
-0.0012512
0.00033569
0.00027466
-0.0005188
0.0012817
0.0012207
0.0016479
-0.00015259
-0.00021362
0.00033569
0.00018311
0.0013123
0.00015259
-0.00030518
-0.00021362
0.00030518
-0.00082397
0.00018311
0.0024109
-0.0055237
0.0019226
0.0024719
-0.012177
0.021301
-0.029755
0.0042419
0.03418
-0.05365
0.049561
-0.01532
-0.011292
0.030212
-0.031982
0.029388
-0.020294
0.010681
0.0030518
-0.012421
0.011719
-0.019653
0.023712
-0.024811
-0.034027
0.058258
-0.020691
-0.013702
0.041016
-0.027222
0.014465
-0.0079956
0.00085449
0.015137
-0.012909
0.014404
-0.0099792
0.0050354
-0.0099487
-0.0063782
0.0067749
-0.011444
0.0035706
-0.0056763
0.0042419
-0.0053101
-0.00177
0.0038147
-0.0056458
0.0072937
-0.00085449
0.0032043
0.0057678
0.00054932
0.0039062
-0.0037842
-0.0018311
-0.0056152
0.0085449
-0.017029
-0.095734
0.11542
-0.062866
-0.061432
0.1243
-0.074951
0.10339
-0.030914
0.019379
0.061584
-0.024689
0.037018
-0.019531
0.038086
-0.044189
-0.00088501
-0.013702
-0.019318
-0.012512
-0.035461
0.015259
-0.029633
-0.0049133
-0.011444
-0.002655
0.0019836
-0.0097961
0.0032043
0.0099792
0.0012512
-0.0013123
0.015442
-0.006897
0.011475
0.0016479
0.0016785
0.0038757
0.0097656
-0.0021362
0.0027466
0.01123
-0.0067749
0.0059509
0.0045776
-0.00042725
0.0043335
0.004364
0.0041199
-0.0062866
0.010071
-0.00094604
0.00177
0.0081787
-0.0075073
0.00091553
-0.0090637
-0.00036621
-0.0081787
-0.028076
-0.0079651
-0.014099
-0.017548
0.0081177
0.0033875
0.0041504
0.007782
0.0097351
0.014313
0.0099182
0.0082092
0.010895
0.0015869
-0.0057068
-0.0045776
-0.0036621
-0.0063477
-0.0059509
-0.0090637
0.00012207
0.0005188
-0.0032654
0.0055847
0.003479
0.0037842
-0.001709
0.0062561
0.0023193
-0.0092773
0.0041809
-0.00057983
-0.0095215
-0.0083008
-0.00177
-0.014954
-0.0062561
-0.0037231
-0.0064087
0.003479
0.0032654
0.021423
0.035431
0.051544
0.049622
0.047241
0.034027
0.0057678
-0.0005188
-0.016052
-0.035278
-0.048004
-0.055878
-0.067932
-0.063354
-0.05603
-0.048981
-0.036072
-0.020355
-0.005188
0.0037231
0.013062
0.013245
0.010101
0.014801
0.023041
0.029358
0.052582
0.057953
0.068848
0.09613
0.12222
0.14056
0.15591
0.14719
0.12323
0.10587
0.046844
-0.014038
-0.17773
-0.34195
-0.42447
-0.50079
-0.42316
-0.29059
-0.20804
-0.10526
0.0091858
0.066162
0.18219
0.31738
0.34061
0.34686
0.30164
0.21634
0.14563
0.14954
0.1059
0.094177
0.12311
0.093811
0.1113
0.13632
0.12924
0.082703
0.10223
-0.087189
-0.36441
-0.48853
-0.61697
-0.64148
-0.47202
-0.33105
-0.29092
-0.10764
0.0043335
0.12411
0.3588
0.47876
0.4758
0.43912
0.3223
0.14841
0.1105
0.066711
-0.036255
-0.10803
-0.20636
-0.24533
-0.15942
-0.010773
0.063019
0.14456
0.13174
0.072083
0.095673
0.12051
0.18176
0.23734
0.22394
0.11215
-0.020111
-0.27039
-0.44757
-0.50995
-0.53964
-0.47736
-0.33401
-0.1991
-0.12372
0.022308
0.11713
0.23773
0.35934
0.41428
0.37369
0.29684
0.1701
0.034668
0.0013733
-0.087738
-0.12686
-0.12369
-0.10873
-0.066864
0.061279
0.14352
0.17383
0.23224
0.21042
0.21646
0.26401
0.30948
0.32178
0.18579
-0.26892
-0.61667
-0.83801
-0.93097
-0.66415
-0.35516
-0.18936
-0.088837
0.045563
0.098114
0.34946
0.58118
0.63922
0.59344
0.3974
0.092133
-0.093201
-0.13568
-0.28397
-0.25348
-0.2702
-0.28049
-0.16125
0.052277
0.19345
0.28543
0.32877
0.19467
0.17017
0.13889
0.15302
0.2012
0.2251
0.11972
0.015686
-0.037872
-0.30807
-0.5116
-0.54202
-0.6088
-0.54538
-0.25946
-0.1138
-0.034058
0.12952
0.13861
0.19391
0.3746
0.40582
0.35727
0.26825
0.047424
-0.16776
-0.19028
-0.1716
-0.15225
-0.063904
-0.058807
-0.034332
0.065491
0.17389
0.23569
0.30255
0.2886
0.22253
0.24524
0.23907
0.23318
0.21246
0.14877
-0.11057
-0.49283
-0.71149
-0.88101
-0.85059
-0.55344
-0.25928
-0.03537
0.17697
0.25449
0.28326
0.41815
0.46317
0.45007
0.3591
0.15268
-0.14218
-0.2789
-0.29446
-0.29279
-0.1362
-0.011749
0.046661
0.16006
0.2832
0.32254
0.37753
0.33997
0.21457
0.1955
0.18155
0.15884
0.18311
0.12973
-0.22787
-0.60165
-0.84128
-1
-0.86014
-0.47672
-0.16791
0.091553
0.27896
0.26028
0.32266
0.44623
0.46326
0.48325
0.36838
0.081512
-0.20282
-0.34641
-0.38849
-0.28806
-0.10254
0.027924
0.13596
0.21765
0.27771
0.31656
0.34253
0.27921
0.22202
0.2012
0.173
0.19296
0.19769
0.13376
-0.1597
-0.51511
-0.80243
-0.98413
-0.88458
-0.56952
-0.23138
0.055359
0.24286
0.2641
0.3208
0.39487
0.43237
0.46106
0.35941
0.13724
-0.13748
-0.28787
-0.35114
-0.27777
-0.085602
0.052399
0.14554
0.22675
0.2551
0.2579
0.28214
0.24622
0.24982
0.2677
0.23712
0.22064
0.18509
0.050781
-0.31857
-0.62454
-0.87149
-1
-0.85663
-0.51773
-0.20926
0.13953
0.34329
0.36469
0.4516
0.47943
0.41498
0.39999
0.27472
-0.0059204
-0.17065
-0.29639
-0.39725
-0.23563
-0.066345
0.044281
0.24161
0.32297
0.29742
0.33005
0.30673
0.27631
0.31876
0.30176
0.23462
0.20822
0.028107
-0.36395
-0.64642
-0.918
-1
-0.88492
-0.55716
-0.24152
0.12927
0.3248
0.35669
0.46014
0.47549
0.41949
0.42081
0.27328
0.015198
-0.12064
-0.26846
-0.33731
-0.189
-0.073761
0.04184
0.22705
0.28189
0.29691
0.36163
0.32538
0.29855
0.32074
0.26959
0.21069
0.19766
-0.031952
-0.39462
-0.67929
-0.99289
-1
-0.88779
-0.55261
-0.16812
0.21835
0.38535
0.4368
0.47699
0.42456
0.38733
0.38062
0.22623
0.0053711
-0.14746
-0.31351
-0.3403
-0.20605
-0.067871
0.12427
0.28995
0.34454
0.37109
0.38593
0.33737
0.32077
0.31815
0.26276
0.23166
0.088745
-0.28314
-0.60703
-0.9303
-1
-0.99725
-0.67538
-0.2803
0.13
0.36987
0.44073
0.46411
0.43088
0.36487
0.35294
0.25174
0.073425
-0.089264
-0.2547
-0.33298
-0.24539
-0.10742
0.08313
0.27744
0.35101
0.37686
0.3681
0.31644
0.28339
0.29419
0.27258
0.24734
0.12973
-0.20105
-0.55481
-0.89783
-1
-0.9892
-0.67706
-0.28394
0.05896
0.30853
0.40628
0.42935
0.43787
0.39703
0.33746
0.25394
0.064453
-0.1203
-0.24887
-0.32025
-0.26541
-0.10989
0.069458
0.2345
0.37088
0.3869
0.37256
0.33588
0.27649
0.25967
0.25482
0.24316
0.078156
-0.2142
-0.49124
-0.8909
-1
-0.8999
-0.69699
-0.27133
0.12515
0.31921
0.46802
0.49945
0.39935
0.37448
0.311
0.16531
0.071381
-0.076996
-0.23404
-0.25958
-0.21942
-0.14658
0.070648
0.20816
0.28265
0.36371
0.33258
0.27759
0.27405
0.23746
0.19901
0.20117
0.0021973
-0.26099
-0.54263
-0.9397
-0.98981
-0.8092
-0.55475
-0.075775
0.26328
0.35992
0.45135
0.40387
0.29819
0.35519
0.32098
0.21646
0.1235
-0.090332
-0.28244
-0.29968
-0.25775
-0.12857
0.11594
0.22537
0.30029
0.34866
0.2699
0.242
0.25864
0.24075
0.27066
0.18103
-0.083649
-0.39145
-0.83124
-1
-0.95462
-0.74203
-0.26324
0.14124
0.35056
0.49835
0.48431
0.39163
0.40021
0.34158
0.23987
0.1586
-0.036804
-0.19846
-0.25046
-0.26874
-0.18619
0.017609
0.13995
0.26117
0.32629
0.26459
0.2132
0.17551
0.15607
0.19281
0.20258
0.014679
-0.23584
-0.59552
-0.94089
-0.95798
-0.79916
-0.44611
0.0038147
0.29037
0.39648
0.43091
0.3587
0.29474
0.34476
0.29303
0.21661
0.13736
-0.033142
-0.14432
-0.13132
-0.11569
-0.010559
0.12808
0.16144
0.228
0.23438
0.18213
0.18109
0.17169
0.164
0.16724
0.00027466
-0.21747
-0.4794
-0.88785
-0.94205
-0.86963
-0.70132
-0.14172
0.19965
0.40924
0.60803
0.5166
0.37012
0.38327
0.2616
0.1907
0.20306
0.0026245
-0.087189
-0.11105
-0.17767
-0.074738
0.099365
0.13718
0.2374
0.26868
0.13776
0.14612
0.088287
0.071625
0.1702
0.091492
-0.099518
-0.28687
-0.81934
-1
-0.91513
-0.84711
-0.23285
0.27536
0.42783
0.62921
0.52542
0.23831
0.26514
0.23285
0.1676
0.3186
0.13785
-0.05426
-0.092621
-0.207
-0.14902
0.116
0.20758
0.31284
0.37881
0.15692
0.077118
0.0022278
-0.053802
0.093323
0.15814
-0.016479
-0.20602
-0.54776
-1
-1
-0.84476
-0.50433
0.081451
0.3873
0.49643
0.52289
0.33844
0.17889
0.26855
0.22009
0.23212
0.2681
0.082672
-0.01828
-0.050537
-0.063293
0.069122
0.24475
0.26242
0.30554
0.2179
0.041443
0.0034485
-0.048706
0.0028992
-0.0022888
-0.15759
-0.32535
-0.59003
-0.81696
-0.75153
-0.57587
-0.33295
0.080139
0.21799
0.2706
0.3306
0.18304
0.18597
0.25284
0.21765
0.24112
0.24991
0.10815
0.08252
0.092346
0.067474
0.21432
0.27063
0.26471
0.25443
0.14325
0.0067749
-0.026062
-0.05069
-0.037842
-0.085541
-0.27948
-0.43271
-0.68915
-0.80222
-0.6564
-0.4809
-0.185
0.1192
0.2164
0.2623
0.27518
0.16232
0.19928
0.23404
0.20206
0.23999
0.21368
0.12991
0.12976
0.15097
0.17056
0.2883
0.3165
0.29422
0.24985
0.10593
-0.0049438
-0.058929
-0.082245
-0.14288
-0.24588
-0.42545
-0.67319
-0.79681
-0.77292
-0.58862
-0.26401
0.076752
0.27783
0.37344
0.34241
0.21213
0.15915
0.12085
0.12271
0.16428
0.16708
0.13281
0.11444
0.10962
0.13806
0.25122
0.32169
0.37622
0.34711
0.22742
0.089996
-0.032288
-0.093262
-0.085754
-0.15717
-0.33502
-0.43002
-0.67914
-0.81378
-0.65131
-0.55319
-0.2608
0.086243
0.18768
0.31119
0.36057
0.19476
0.21182
0.19812
0.09201
0.18808
0.15839
0.10318
0.1618
0.13977
0.16333
0.30249
0.32294
0.33435
0.34323
0.17319
0.087555
0.0048523
-0.074036
-0.067505
-0.22421
-0.39441
-0.5502
-0.76651
-0.79083
-0.61081
-0.4465
-0.12589
0.13739
0.20627
0.32281
0.27417
0.18854
0.20807
0.16266
0.13306
0.18295
0.14743
0.09903
0.13672
0.10223
0.18304
0.29965
0.32608
0.3595
0.30423
0.15421
0.064392
-0.0063477
-0.048828
-0.08197
-0.27463
-0.41229
-0.63742
-0.82425
-0.74277
-0.62936
-0.37961
-0.029846
0.14764
0.27475
0.37741
0.26843
0.25934
0.23706
0.14587
0.1767
0.1427
0.096954
0.10361
0.10739
0.11768
0.24161
0.29214
0.3338
0.34937
0.22543
0.13214
0.0383
-0.033173
-0.055328
-0.13809
-0.3483
-0.49231
-0.71484
-0.82629
-0.69611
-0.55453
-0.22449
0.075012
0.24347
0.34988
0.35449
0.23587
0.21271
0.16605
0.12415
0.1774
0.13602
0.12842
0.1217
0.11224
0.1362
0.24268
0.2814
0.32446
0.31802
0.18427
0.10989
0.010864
-0.038025
-0.052002
-0.19476
-0.36298
-0.51996
-0.77899
-0.79074
-0.66806
-0.52414
-0.16116
0.082489
0.23044
0.36819
0.34039
0.25732
0.27731
0.19632
0.17554
0.19617
0.12454
0.10248
0.091766
0.07431
0.13364
0.25269
0.28046
0.33673
0.28067
0.15967
0.089233
-0.0012817
-0.0081177
-0.046692
-0.228
-0.43082
-0.65982
-0.87003
-0.80933
-0.63324
-0.33893
0.026276
0.22116
0.31998
0.332
0.23715
0.19394
0.21091
0.19385
0.22937
0.21655
0.14395
0.095642
0.057037
0.060791
0.16284
0.26859
0.32382
0.34567
0.23431
0.10165
-0.0037537
-0.074005
-0.04776
-0.061401
-0.2002
-0.32153
-0.58112
-0.80045
-0.75885
-0.68854
-0.43402
-0.07547
0.12454
0.27823
0.36984
0.27325
0.27151
0.26685
0.21176
0.27158
0.24258
0.17444
0.13297
0.082458
0.05542
0.16318
0.22433
0.28888
0.33081
0.2142
0.12387
0.019379
-0.047394
-0.040314
-0.11203
-0.29056
-0.47708
-0.73984
-0.85941
-0.76102
-0.58197
-0.20428
0.10651
0.28568
0.37894
0.31708
0.19977
0.16193
0.13107
0.15787
0.24368
0.22784
0.20691
0.15533
0.081635
0.095337
0.16974
0.2449
0.31671
0.31055
0.19543
0.08963
-0.025513
-0.082001
-0.04715
-0.11697
-0.24286
-0.34698
-0.62012
-0.77493
-0.72079
-0.68625
-0.38818
-0.055054
0.1196
0.33289
0.39316
0.28119
0.28479
0.2175
0.16602
0.2533
0.22308
0.20428
0.1925
0.10864
0.084381
0.15524
0.1824
0.26279
0.29724
0.19775
0.14645
0.031219
-0.039307
-0.037384
-0.15549
-0.3071
-0.4689
-0.71954
-0.80579
-0.72852
-0.57275
-0.23828
0.056183
0.22897
0.35406
0.32779
0.23175
0.21567
0.17624
0.18622
0.24423
0.23206
0.1864
0.1543
0.08078
0.091064
0.16818
0.21967
0.30243
0.28534
0.19016
0.082367
-0.021545
-0.083527
-0.050415
-0.12662
-0.2308
-0.3342
-0.6188
-0.72174
-0.71841
-0.66339
-0.37616
-0.089691
0.1004
0.29755
0.33728
0.26535
0.28592
0.21667
0.2164
0.27328
0.25555
0.2421
0.20929
0.13544
0.099365
0.14093
0.15317
0.23123
0.2374
0.17062
0.12079
0.014252
-0.030731
-0.036102
-0.1286
-0.25726
-0.41638
-0.66684
-0.755
-0.71515
-0.61316
-0.29871
-0.038025
0.14221
0.29858
0.30179
0.24896
0.25592
0.21649
0.23166
0.29099
0.26086
0.24792
0.19672
0.10458
0.090973
0.11322
0.15149
0.22446
0.23508
0.17163
0.10129
-0.0072021
-0.063354
-0.044952
-0.088043
-0.15347
-0.22949
-0.48254
-0.65829
-0.7146
-0.741
-0.53076
-0.23956
-0.016876
0.20776
0.32053
0.27698
0.29846
0.25836
0.24188
0.31915
0.31458
0.30869
0.27658
0.17899
0.091095
0.089355
0.075378
0.14737
0.19565
0.15933
0.12585
0.016174
-0.062164
-0.068054
-0.081726
-0.15787
-0.18567
-0.37949
-0.55484
-0.612
-0.66965
-0.54041
-0.31546
-0.1228
0.077179
0.22104
0.21985
0.26282
0.26001
0.24573
0.31775
0.33383
0.34033
0.3298
0.25397
0.16199
0.12823
0.078339
0.095795
0.11823
0.083435
0.056335
-0.014679
-0.083038
-0.094269
-0.086334
-0.12805
-0.13651
-0.21408
-0.36945
-0.43784
-0.49112
-0.50204
-0.3653
-0.23398
-0.11752
0.046143
0.11377
0.15369
0.22821
0.23367
0.26855
0.33365
0.33524
0.34695
0.3291
0.24918
0.20123
0.14774
0.083313
0.075409
0.040741
-0.01825
-0.046539
-0.10913
-0.13953
-0.11703
-0.12207
-0.13226
-0.11874
-0.1947
-0.26697
-0.28448
-0.33215
-0.30801
-0.22888
-0.17484
-0.088043
-0.002533
0.029449
0.08313
0.12155
0.13498
0.18982
0.229
0.25717
0.29172
0.27966
0.24991
0.22058
0.16788
0.12582
0.079468
0.011078
-0.039673
-0.09256
-0.13419
-0.13168
-0.12659
-0.099915
-0.075684
-0.081665
-0.085968
-0.093903
-0.10504
-0.10123
-0.095154
-0.10727
-0.10333
-0.104
-0.1091
-0.092621
-0.068359
-0.037781
-0.0037231
0.040924
0.065643
0.10172
0.13263
0.142
0.15991
0.15088
0.12805
0.10129
0.067261
0.028015
0.0061646
-0.012573
-0.011658
-0.0055542
0.0049133
0.023499
0.029266
0.04364
0.048218
0.049042
0.042389
0.026855
-0.0036011
-0.042694
-0.073181
-0.10474
-0.11496
-0.11578
-0.11395
-0.11151
-0.10547
-0.10547
-0.099945
-0.081116
-0.055481
-0.023407
-0.00067139
0.01358
0.019348
0.017914
0.016418
0.025238
0.041077
0.063263
0.085327
0.10214
0.1153
0.11807
0.11539
0.11395
0.11209
0.10507
0.091248
0.06485
0.025574
-0.0094604
-0.037933
-0.058594
-0.069031
-0.076172
-0.085022
-0.091156
-0.096191
-0.094116
-0.085419
-0.072998
-0.056976
-0.045929
-0.040222
-0.038483
-0.041382
-0.038452
-0.027863
-0.013062
0.0097351
0.029541
0.043915
0.054657
0.060059
0.065094
0.069244
0.072479
0.07196
0.065247
0.052216
0.036224
0.022003
0.011536
0.0097351
0.010742
0.012238
0.0067749
-0.0050354
-0.017883
-0.029449
-0.03183
-0.024902
-0.018158
-0.01355
-0.016968
-0.031311
-0.047668
-0.059052
-0.061554
-0.056396
-0.047058
-0.0336
-0.023407
-0.018036
-0.011658
-0.0027161
0.0075378
0.017883
0.02597
0.027283
0.026459
0.022644
0.02179
0.024841
0.033966
0.044159
0.049316
0.049469
0.043762
0.035767
0.02887
0.025696
0.027893
0.029297
0.022614
0.0078735
-0.0069885
-0.025208
-0.04007
-0.047516
-0.052094
-0.051971
-0.051575
-0.052124
-0.052185
-0.0495
-0.04303
-0.030975
-0.018951
-0.0098267
-0.00064087
0.0036926
0.0029602
0.0091553
0.016418
0.025848
0.038666
0.046631
0.049591
0.046936
0.040344
0.033478
0.0354
0.039551
0.043274
0.043274
0.029083
0.010193
-0.007782
-0.024139
-0.032257
-0.03421
-0.037048
-0.041321
-0.048798
-0.055115
-0.057526
-0.057129
-0.048218
-0.03479
-0.023895
-0.014893
-0.0096741
-0.0073853
-0.00085449
0.0070801
0.021332
0.037292
0.047333
0.051178
0.047821
0.042664
0.035553
0.034973
0.038971
0.042145
0.042725
0.035217
0.021912
0.0066528
-0.0083313
-0.016663
-0.019653
-0.024139
-0.031494
-0.042664
-0.050812
-0.054138
-0.053528
-0.049133
-0.043579
-0.03949
-0.03244
-0.026306
-0.019531
-0.006073
0.0074768
0.021271
0.034119
0.044098
0.048615
0.049072
0.045074
0.039429
0.040039
0.040894
0.041779
0.040619
0.032959
0.019592
0.0040283
-0.0099487
-0.018158
-0.020569
-0.024475
-0.027283
-0.032593
-0.041565
-0.046417
-0.046661
-0.046997
-0.04422
-0.03833
-0.033051
-0.027954
-0.021057
-0.010315
0.00079346
0.013824
0.028198
0.039337
0.045807
0.047119
0.042969
0.039429
0.037445
0.036224
0.037476
0.034241
0.025208
0.015228
0.0043335
-0.0047607
-0.0081177
-0.014374
-0.018524
-0.021454
-0.029236
-0.034668
-0.0383
-0.040894
-0.040833
-0.040283
-0.037994
-0.033386
-0.028992
-0.022461
-0.015106
-0.0063171
0.0045776
0.015991
0.02417
0.02829
0.031006
0.029572
0.028229
0.029633
0.030518
0.033875
0.03421
0.029419
0.022949
0.01532
0.0079346
0.0036621
0.0018311
0.0026245
0.0043945
0.00012207
-0.0038452
-0.010712
-0.018585
-0.023407
-0.026123
-0.02597
-0.025696
-0.026337
-0.028015
-0.029297
-0.026581
-0.018646
-0.0095825
-0.00057983
0.005127
0.006134
0.0058594
0.0094604
0.010712
0.012024
0.017578
0.019623
0.018127
0.016174
0.012482
0.010712
0.012634
0.012329
0.012665
0.015839
0.016876
0.013306
0.0095215
0.0042114
-0.0014648
-0.0045471
-0.0073853
-0.0097046
-0.01178
-0.014862
-0.020294
-0.022522
-0.020691
-0.016235
-0.012146
-0.011139
-0.011383
-0.015564
-0.016571
-0.01297
-0.0089722
-0.0045166
-0.0018005
-0.0015259
