6508
6182
4286
5011
5634
58710
53381
61311
41005
53651
184910
238833
181088
158437
174439
409671
332804
551265
480661
406499
898994
557076
539940
744337
585380
8
941
27
506
50
25816
27298
33787
24125
21103
119534
187762
91973
158582
131181
464814
428471
321510
363097
307812
830074
623752
749832
657148
599532
0
0
0
0
0
10909
13139
18010
9587
26417
88870
93297
99913
102593
64650
246069
402647
400983
312039
224359
642062
611701
623602
585486
575455
0
0
0
0
0
2294
340
2272
356
341
72582
87357
59489
57236
76670
249211
316051
329134
275924
319611
496980
637256
680284
622898
449969
0
0
0
0
0
0
1320
0
232
0
160520
177851
95171
171008
72072
371615
327267
251069
294305
268017
472970
571057
398571
434077
566376
