6294
6182
4545
5011
5867
58710
52508
60374
41506
54096
253880
275079
180748
158310
178350
447093
334891
649426
520668
561226
899000
558471
572894
756334
585406
8
823
27
763
50
24727
26476
34866
24083
20991
115498
187762
91888
156761
131181
509166
428471
336198
416684
358710
1060535
729256
964095
657714
842253
0
0
0
0
0
9730
13139
17915
8156
26013
89538
89884
101060
102593
65203
249217
511976
542437
334188
230236
847258
611701
637569
604646
579294
0
0
0
0
0
2224
344
2318
136
284
69813
88035
59837
57236
76670
250973
375832
328656
309296
319094
496530
765803
684201
666233
523566
0
0
0
0
0
0
1193
0
232
0
164281
179975
94477
170192
70706
371663
327410
314674
294312
306060
472536
594339
403964
469869
579603
