7587
8218
5219
8292
7173
66967
60369
66568
48317
58714
195706
251776
196407
165385
183076
423424
337756
557600
483201
412072
899112
556923
539740
744290
585334
8
2110
1547
763
50
28643
31202
42041
26672
25103
123828
203064
100071
168271
148849
465434
433124
325696
374667
317358
829927
623604
749353
656747
599493
0
0
0
0
0
13133
26474
23318
12714
32994
93176
110729
101266
121748
71538
245210
403031
400360
312712
228898
641069
611427
623465
584711
575391
0
0
0
0
0
4155
317
5576
1867
2651
81035
90551
62423
66457
77690
250964
313167
327324
275701
323036
495794
637200
680335
622726
449963
0
0
0
0
0
0
2059
0
971
0
163795
177377
99176
169054
72575
371293
325590
247346
294530
268121
474908
571034
397343
431838
561319
