6797
7659
5663
7894
6482
59837
52966
65554
44648
68499
191996
241174
185794
164940
183189
410967
336817
553999
480125
410072
899102
557131
540515
744573
585361
8
1781
27
1810
50
26152
38918
42291
29051
23871
123649
191338
97053
168537
150237
464780
432412
321541
366159
311804
830231
623634
749159
657041
599935
0
0
0
0
0
12463
26474
23574
11251
27805
95228
94675
113586
117151
81341
245040
408898
402249
314500
228153
642047
612292
623813
585781
575575
0
0
0
0
0
2470
317
4208
136
284
74563
94374
63216
65950
79396
255669
313500
332937
279396
323774
496198
637553
680480
622756
452109
0
0
0
0
0
0
2783
0
232
0
172662
181413
102412
178216
80637
381303
326673
254980
299054
270491
472397
571478
399918
434095
562741
