10030
10705
7655
12795
8654
70104
64823
70163
56812
64117
206285
265809
202673
173825
186108
445167
356508
574710
516300
435510
900456
558123
542852
749967
586714
12817
8061
9274
15312
7684
40670
73269
68825
44697
35107
155820
233854
137484
211388
214541
506077
469951
348797
400916
347573
834422
627835
755483
659634
615802
13993
4898
18215
11838
18242
53436
74826
53636
43438
103225
147098
180985
207722
167388
126430
280718
455449
456351
369154
281188
647761
620420
630851
595381
578936
12733
7057
16339
6496
21001
90951
46478
87368
53545
60582
167647
185971
131257
126301
178806
292417
361601
360886
309356
418000
503268
644037
692606
630869
482657
22429
9963
29048
41174
27054
30617
68912
66759
108903
72511
321692
307264
231837
272056
192629
407853
387877
307306
352500
328804
514763
584150
423214
464558
612660
