6592
7659
4545
7927
5815
63425
52508
66795
48425
57167
188874
238656
199770
168903
184524
408291
333985
578251
479968
409306
898989
556929
539746
744302
585340
8
1781
27
1810
50
33931
34952
43146
26338
23790
116659
196019
94750
171760
160735
463885
426488
334213
364277
310006
830059
623464
749135
656883
599398
0
0
0
0
0
10328
19857
25984
9494
25265
95303
92303
109685
116860
84043
244434
406206
400053
314576
225274
641110
611729
623456
584681
575405
0
0
0
0
0
2470
317
4208
136
284
78736
104572
63944
59139
90467
259132
319739
327028
280087
322902
495992
637081
680303
622562
449994
0
0
0
0
0
0
2783
0
232
0
175394
191522
100045
179507
77420
372175
327075
255522
299546
269293
472260
571034
397875
431637
561219
