8937
10958
9661
8738
13095
76350
95168
107273
69675
80963
210848
281113
262559
235195
246564
434333
360402
593985
514524
435957
898935
556923
539744
744290
585312
8
1591
27
480
50
49734
38343
54726
27622
32057
136189
210871
131171
171280
164500
462757
431272
325708
360753
306419
829936
623599
749127
656749
599501
0
0
0
0
0
14665
20107
22874
18588
32818
113121
108540
110388
138908
73336
244200
402290
399308
311471
222810
640902
611599
623633
584718
575429
0
0
0
0
0
1998
584
1653
136
284
81136
90164
61411
79883
75932
249207
312958
327227
275968
318029
495648
637169
680344
622532
449957
0
0
0
0
0
0
1430
0
232
0
162821
175713
95746
168963
74979
371316
324652
246605
294118
267644
471571
570694
397298
431396
561840
