9367
6182
4545
5011
5288
58710
52526
60374
41019
54096
238681
245498
180524
157558
176626
408770
334891
644007
516166
549730
898994
558431
573048
756449
585406
8
823
27
763
50
24561
26045
36160
24083
20991
114406
187271
91973
158016
131044
498207
427140
335087
525043
357438
1052925
724113
749827
657148
716703
0
0
0
0
0
10175
13139
16992
8156
22729
88084
135687
101452
105432
63369
247974
453923
490689
327542
227706
647571
611608
636143
601716
578747
0
0
0
0
0
2224
344
1337
136
284
70704
86452
57117
56781
76366
249693
360485
328870
309309
318744
497240
741964
681568
663653
524730
0
0
0
0
0
0
1198
0
232
0
160902
177307
94590
174626
71535
371436
327268
247067
295695
313535
472840
591962
400842
471419
578346
