6294
6182
4530
5011
5563
58710
52648
60112
41492
54096
184910
236598
182139
158310
174355
409004
332804
546763
479792
406367
898994
556973
539830
744295
585375
8
929
27
480
50
24690
26045
33612
24027
19821
114348
185860
90863
158582
130763
463850
428471
321510
361828
306847
830084
623745
749054
656948
599653
0
0
0
0
0
10414
13140
17084
8156
25697
89783
91839
97912
104250
61709
245552
402747
401203
311186
224381
641999
611931
623443
584883
575449
0
0
0
0
0
2167
344
1169
356
341
75424
86033
58506
56357
76848
249100
314334
329122
276023
318076
496216
637185
680378
622464
449969
0
0
0
0
0
0
1193
0
516
0
160638
177201
95171
169400
72132
371460
327268
246574
295695
268241
473338
570650
398175
432691
563088
