7587
8218
5219
8292
7173
66004
60369
66078
48317
58714
195706
252810
197003
165255
184241
418562
342027
552901
483325
418509
899193
557395
539741
744518
585662
8
2110
1547
763
50
28643
31202
42836
26672
25103
130187
207905
107396
168271
148849
465760
433396
325864
374667
317241
830023
623912
749104
656814
599493
0
0
0
0
0
13133
26474
22798
12714
32994
90746
91024
101266
121748
79874
244941
403031
400874
315947
228990
641441
611427
623522
584932
575391
0
0
0
0
0
4155
317
5576
1867
2651
81035
90551
59997
58303
77735
254040
312188
327296
280313
325273
495638
637239
680335
623033
450263
0
0
0
0
0
0
2059
0
971
0
163795
180994
96316
169477
74049
371345
326631
247051
296441
268121
472161
570701
397438
435456
561319
