9067
10705
7981
13206
8654
72305
64494
70163
53707
61992
212188
262039
202673
172441
186004
451084
356508
571521
510776
439674
911276
558123
542852
746287
609355
12817
11235
11027
15312
9358
40316
75050
72766
45497
37883
156737
230319
141498
207326
214541
515003
470617
350527
400916
347573
840151
623577
753616
682545
619959
14158
7450
14494
7102
16136
44825
75985
71237
53259
107579
147888
194753
192773
148348
126430
284941
453379
462673
364099
275851
649501
619240
623465
595348
585043
11592
7475
20440
12128
29427
86715
47481
87368
59196
66550
166722
201401
136551
135802
205313
300703
355207
367815
316559
390016
503655
643693
687804
635097
466524
8436
11924
27483
60512
26607
27810
64850
68873
103014
78606
308732
292345
251256
270776
188697
407491
413305
305076
350864
334935
527719
590473
419388
466192
591640
