-0.0021973
0.0028076
0.0014038
-0.0043945
-0.013824
-0.012482
-0.0098572
-0.011902
0.0018921
0.011475
0.021698
0.01947
0.033234
0.016327
0.016205
0.0010071
-0.0038452
-0.015839
-0.018463
-0.023651
-0.021759
-0.015717
-0.013733
-0.0057678
-0.0044556
0.0029907
0.0052795
0.010254
0.006134
0.0077515
0.0060425
-0.00064087
0.0063782
-0.0048218
-0.0054016
0.00021362
0.0028992
0.0025024
0.0090027
0.0091858
0.0050354
0.0066833
0.0010681
-0.0074768
-0.0074768
-0.010834
-0.013489
-0.011627
-0.0067139
-0.0014038
0.0021667
0.0066833
0.0098877
0.0082092
0.012238
0.016388
0.0076599
0.005249
0
-0.0012512
-0.0034485
-0.0020447
-0.010803
-0.012878
-0.0075073
-0.0044861
-0.0042419
0.0026855
-0.0091858
-0.0075378
0.011505
0.01001
0.0072937
0.0076599
0.0045776
0.0018311
0.010803
0.0091858
-0.003479
-0.0090027
-0.011444
-0.012543
-0.0080872
-0.0065613
-0.016357
-0.011658
-0.0014343
0.0034485
0.0042725
0.0038452
-0.011688
-0.022247
-0.016449
-0.02002
-0.022644
-0.012573
-0.0063171
0.0035095
0.029907
0.044067
0.046173
0.052917
0.053192
0.04126
0.036804
0.026093
0.0033569
-0.014099
-0.022736
-0.032074
-0.034271
-0.03064
-0.027405
-0.022766
-0.01181
-0.0025024
0.0015564
0.005188
0.0057373
0.004425
0.004364
0.0013428
-0.0026245
-0.005249
-0.0053406
-0.0055847
-0.0050354
-0.0039673
-0.0036011
-6.1035e-05
0.0046387
0.0086975
0.0080566
0.0087585
0.0083618
0.0053101
0.0045166
0.0020142
-0.0015564
-0.0048828
-0.006073
-0.0092773
-0.0078735
-0.0086365
-0.0073853
-0.0028992
-0.0075073
-0.013367
0.0032349
0.0074158
0.0016785
0.002594
-0.0029602
-0.015289
-0.0026245
-0.00021362
-0.0057068
-0.020294
-0.12561
-0.17053
-0.13638
-0.097229
-0.040314
0.049286
0.057434
0.091675
0.18402
0.24722
0.23019
0.19321
0.11557
0.021301
-0.012665
-0.023499
-0.066254
-0.11584
-0.13318
-0.12335
-0.06488
0.014862
0.055725
0.049805
0.046356
0.042542
0.030426
0.020844
-0.0064087
-0.059662
-0.10434
-0.10657
-0.096558
-0.07489
-0.042725
-0.019836
-0.0011902
0.031891
0.06601
0.079742
0.078217
0.056549
0.022736
-0.0056763
-0.024231
-0.044617
-0.061981
-0.064423
-0.056793
-0.0383
-0.007843
0.017761
0.030701
0.033936
0.026093
0.016602
0.013885
0.019562
0.020233
0.016083
0.0065002
0.0064697
0.013214
0.024017
0.023285
0.014313
0.0019226
-0.0019226
0.0012207
0.011322
0.017151
0.012939
0.0035706
-0.0016479
-0.0019226
-0.0056152
-0.013245
-0.023987
-0.036041
-0.034637
-0.02356
-0.015778
-0.0065308
0.0059204
0.0098572
0.01239
0.015625
0.010925
-0.0014038
-0.013458
-0.024353
-0.03653
-0.054047
-0.053986
-0.071808
-0.14642
-0.15973
-0.097412
-0.031891
0.044739
0.13531
0.16254
0.16083
0.18723
0.20966
0.16739
0.094604
0.021912
-0.055634
-0.095886
-0.083771
-0.057343
-0.05423
-0.042999
-0.0097656
0.028442
0.066803
0.092682
0.070404
0.015533
-0.03067
-0.06546
-0.089874
-0.093231
-0.087341
-0.090179
-0.076569
-0.039368
0.0023193
0.035858
0.059235
0.060883
0.044403
0.028412
0.020233
0.0069885
-0.014862
-0.033875
-0.04837
-0.051788
-0.040253
-0.022064
-0.0075378
0.00061035
0.0085754
0.016113
0.022614
0.029144
0.025391
0.0097961
-0.0081177
-0.052551
-0.072113
-0.038208
-0.0021362
0.017303
0.044006
0.046783
0.045563
0.063568
0.078278
0.05127
0.0045166
-0.023468
-0.029968
-0.018707
0.0067139
0.014435
-0.0032043
-0.014099
-0.0026245
0.011017
0.015656
0.013855
-0.0072937
-0.022552
-0.0112
0.0071716
0.012848
0.013
0.003479
-0.013062
-0.019714
-0.017517
-0.023499
-0.030121
-0.025269
-0.02774
-0.040619
-0.050873
-0.043182
-0.095337
-0.16898
-0.15112
-0.084869
-0.012756
0.092133
0.16699
0.16943
0.16647
0.18304
0.17599
0.11856
0.056976
-0.016418
-0.08371
-0.097534
-0.061523
-0.02655
-0.0074768
0.013275
0.032867
0.045166
0.066895
0.068329
0.028778
-0.023468
-0.0737
-0.10648
-0.10663
-0.080566
-0.057343
-0.046753
-0.029419
-0.006897
0.015717
0.04129
0.056152
0.046509
0.020966
-0.0036011
-0.015503
-0.020142
-0.022461
-0.023315
-0.026886
-0.027283
-0.021118
-0.0091858
0.0033264
0.013611
0.019043
0.016693
0.014008
0.011261
0.0071411
0.0015564
-0.0048828
-0.017151
-0.052246
-0.062866
-0.024231
0.022949
0.054199
0.076538
0.069305
0.045532
0.033447
0.032867
0.016388
-0.015442
-0.038055
-0.040131
-0.027222
-0.0015259
0.019135
0.02124
0.0093994
0.0031433
0.0051575
0.0098267
0.006012
-0.0045776
-0.018829
-0.023926
-0.019165
-0.0078735
-0.0067139
-0.01001
-0.002655
0.0027161
-0.00067139
-0.0048828
-0.012909
-0.027191
-0.035156
-0.043365
-0.049957
-0.055603
-0.13837
-0.19434
-0.13931
-0.046021
0.053467
0.16287
0.20285
0.18613
0.16544
0.16357
0.14066
0.075226
0.010101
-0.054077
-0.095367
-0.089264
-0.046722
0.0011902
0.026306
0.042023
0.051178
0.050751
0.045624
0.027466
-0.0080566
-0.04715
-0.0896
-0.1105
-0.10464
-0.073608
-0.035004
-0.0074463
0.014404
0.023621
0.021484
0.025543
0.030823
0.027405
0.008728
-0.013092
-0.02951
-0.037231
-0.027618
-0.0079651
0.0040283
0.0037842
-0.0071106
-0.010284
-0.0043335
0.0030518
0.0075073
0.0042419
-0.0047302
-0.019867
-0.027924
-0.01944
-0.025604
-0.033142
-0.010529
0.0096436
0.016785
0.039124
0.055023
0.051666
0.040375
0.030273
0.014282
-0.0073547
-0.016876
-0.014374
-0.010101
-0.0014343
0.01297
0.017761
0.013184
0.016174
0.022247
0.017151
0.0054016
-0.0047913
-0.017487
-0.025513
-0.024963
-0.016571
-0.0043335
0.0050964
0.0042419
-0.0016479
0.002533
0.0016479
-0.013428
-0.021729
-0.020325
-0.015472
-0.021088
-0.030579
-0.041412
-0.12439
-0.19745
-0.16388
-0.085205
0.011292
0.12991
0.19525
0.19223
0.16986
0.16037
0.14374
0.088684
0.029327
-0.031921
-0.077057
-0.088226
-0.063293
-0.016663
0.020905
0.044891
0.058289
0.058746
0.046539
0.018738
-0.015625
-0.044647
-0.083221
-0.10925
-0.10641
-0.082947
-0.049133
-0.014648
0.015167
0.026733
0.020142
0.015594
0.016327
0.017761
0.01593
0.0046997
-0.0092773
-0.020538
-0.020844
-0.011475
-0.0016479
-0.0011292
-0.0080566
-0.014709
-0.013306
-0.0055847
0.008728
0.016876
0.007843
-0.0055847
-0.021057
-0.040527
-0.032532
-0.0045166
0.013031
0.02066
0.024902
0.021057
0.018311
0.02417
0.035736
0.032501
0.016113
0.0023193
-0.0067749
-0.0067139
0.0029297
0.010834
0.0093384
0.0024414
0.00015259
0.00073242
0.00012207
0.00039673
-0.0044556
-0.0095825
-0.010559
-0.010895
-0.0055237
0.0019531
0.0086975
0.014648
0.012726
0.0088806
0.0049438
-0.012146
-0.026306
-0.024963
-0.019012
-0.018433
-0.027771
-0.026703
-0.072174
-0.18423
-0.20685
-0.13721
-0.050842
0.070953
0.18301
0.21548
0.19177
0.16028
0.14856
0.11166
0.051819
0.0028992
-0.05014
-0.085754
-0.0849
-0.045319
0.0080872
0.034973
0.054504
0.065491
0.051697
0.029358
-0.00177
-0.030273
-0.060455
-0.097198
-0.11066
-0.095428
-0.062683
-0.02652
0.0020752
0.022034
0.022552
0.014191
0.015808
0.017639
0.014343
0.0082703
0.0033875
-0.0028992
-0.012146
-0.012848
-0.0076904
-0.0071106
-0.0093079
-0.013245
-0.013824
-0.010681
-0.0047913
0.0038757
0.0016479
-0.0060425
-0.019012
-0.037384
-0.032806
-0.011658
0.0091553
0.030609
0.038483
0.026337
0.017029
0.02182
0.031067
0.027649
0.017578
0.0097046
-9.1553e-05
-0.0031128
0.00015259
0.0049133
0.0044556
-0.001709
-0.0030212
-0.00088501
-0.0044861
-0.0083313
-0.0099792
-0.0082397
-0.005249
-0.0011902
0.006012
0.012329
0.012695
0.015961
0.017548
0.010437
0.0019836
-0.010437
-0.019806
-0.021606
-0.018219
-0.025024
-0.041138
-0.044891
-0.1163
-0.21426
-0.20303
-0.11523
-0.0029297
0.13596
0.22864
0.23383
0.18436
0.13718
0.11206
0.065796
0.020782
-0.016754
-0.053314
-0.075836
-0.067932
-0.02533
0.020416
0.048004
0.065155
0.064758
0.03891
0.0011597
-0.031677
-0.048645
-0.072021
-0.087952
-0.083038
-0.070374
-0.050568
-0.027405
0.0022278
0.022797
0.020508
0.012604
0.0050354
-0.0019531
-0.0024109
0.0014343
0.0082703
0.0083313
0.0027466
-0.0024109
-0.0057678
-0.0036316
-0.00091553
-0.0063782
-0.013885
-0.019653
-0.017639
-0.0065613
0.0035706
0.0049438
-0.0068054
-0.022614
-0.020874
-0.0022888
0.017517
0.031342
0.034637
0.026764
0.019836
0.023346
0.03067
0.023102
0.0077209
-0.0053406
-0.01532
-0.018219
-0.0093689
-0.0011292
0.00082397
-0.0021362
-0.0016785
0.0019531
0.00012207
-0.0091858
-0.014343
-0.007019
0.0024109
0.010162
0.018555
0.02417
0.021515
0.020874
0.012024
-0.0018921
-0.014313
-0.025879
-0.037018
-0.037598
-0.040863
-0.042419
-0.083984
-0.18369
-0.21118
-0.15082
-0.048981
0.085632
0.20346
0.24072
0.21323
0.159
0.12234
0.08017
0.027588
-0.011139
-0.041351
-0.057312
-0.062469
-0.034149
0.013519
0.040222
0.051758
0.057617
0.043213
0.010529
-0.024261
-0.043304
-0.06427
-0.090759
-0.086945
-0.061951
-0.03479
-0.017426
-0.0026855
0.0071106
0.0040283
0.0023804
0.013123
0.01767
0.010284
-0.0044861
-0.0099487
-0.0063477
-0.0053101
0.0023193
0.0096436
0.0057983
-0.0065002
-0.014099
-0.012177
-0.012756
-0.017883
-0.016144
-0.0095825
-0.010956
-0.023163
-0.01889
0.0018311
0.017578
0.026703
0.034912
0.029816
0.016937
0.015656
0.027069
0.029816
0.017731
0.0080872
0.0036011
-0.0046387
-0.0097656
-0.0063171
-0.0055237
-0.010132
-0.011169
-0.0065613
-0.0067444
-0.010742
-0.014099
-0.012848
-0.0068359
-0.0012207
0.0065308
0.01889
0.023712
0.023193
0.02536
0.020203
0.011475
-0.0037231
-0.028625
-0.041412
-0.051453
-0.052002
-0.085358
-0.18494
-0.21484
-0.15662
-0.061951
0.075287
0.20337
0.24496
0.21594
0.16028
0.13013
0.091736
0.035706
-0.0007019
-0.040985
-0.075134
-0.079559
-0.041504
0.013367
0.048096
0.070251
0.081268
0.055817
0.010651
-0.030487
-0.057861
-0.073761
-0.090363
-0.090729
-0.079285
-0.062012
-0.036774
-0.0018921
0.026154
0.031036
0.02005
0.0087891
-0.0075073
-0.018005
-0.01178
0.00039673
0.0063782
-6.1035e-05
-0.0065002
-0.010162
-0.0092468
-0.0024414
0.0055542
0.010345
0.0088806
-0.0028076
-0.01297
-0.014038
-0.016144
-0.030029
-0.029999
-0.0044556
0.016327
0.03183
0.050049
0.049103
0.031677
0.022614
0.026581
0.025665
0.0096436
0.00177
0.0041199
-0.0049133
-0.012634
-0.0069885
-0.0042114
-0.013763
-0.015808
-0.0098267
-0.01001
-0.015686
-0.020935
-0.019104
-0.016022
-0.0096436
0.0067749
0.022064
0.024261
0.025055
0.026611
0.022247
0.010193
-0.007843
-0.028137
-0.046539
-0.072876
-0.16037
-0.22165
-0.18829
-0.10321
0.0077209
0.13504
0.21045
0.21844
0.18744
0.15799
0.13531
0.076996
0.015259
-0.033539
-0.074463
-0.09491
-0.071472
-0.019836
0.021271
0.04834
0.076569
0.084534
0.057068
0.023407
-0.0065613
-0.038635
-0.08255
-0.11066
-0.11304
-0.10434
-0.083893
-0.039185
0.0098877
0.033295
0.036133
0.034027
0.028076
0.013763
0.0033264
-0.0076599
-0.02182
-0.031372
-0.026184
-0.0097656
0.0049744
0.010803
0.0077209
0.0011902
-0.0084229
-0.016479
-0.018921
-0.0080261
0.0081177
0.017975
0.021881
0.024139
0.022278
0.019196
0.0177
0.015594
0.0087891
0.00048828
0.0027771
0.013184
0.023254
0.032715
0.035614
0.025421
0.0039062
-0.016724
-0.0224
-0.021759
-0.023895
-0.028687
-0.033203
-0.035828
-0.030975
-0.015808
-0.00042725
0.0055847
0.009491
0.014496
0.015106
0.015961
0.017059
0.0087891
-0.015839
-0.032867
-0.075439
-0.1799
-0.23138
-0.18097
-0.085632
0.0383
0.16901
0.23441
0.22736
0.18466
0.1575
0.13187
0.07254
0.0099182
-0.046234
-0.098755
-0.1217
-0.089294
-0.026581
0.025818
0.057434
0.080078
0.078461
0.050873
0.02533
0.0050049
-0.026245
-0.07077
-0.10132
-0.10269
-0.085358
-0.056244
-0.021515
0.0015259
0.0032043
-0.0029297
0.0029297
0.020386
0.028595
0.023651
0.012726
-0.0066528
-0.032532
-0.042389
-0.031616
-0.01712
-0.006958
-0.0020752
-0.0058289
-0.011322
-0.0083313
-0.0015259
0.0067749
0.020905
0.027374
0.025879
0.025452
0.02356
0.024353
0.027985
0.026886
0.019928
0.0058899
-0.0082092
-0.0066223
0.0079651
0.020935
0.026825
0.020477
0.0038147
-0.0092468
-0.012817
-0.013611
-0.015564
-0.027466
-0.039154
-0.039124
-0.033813
-0.024048
-0.009552
-0.0041504
-0.0049133
-0.0032349
0.0046387
0.013763
0.012573
-0.0018616
-0.062195
-0.14664
-0.17215
-0.13773
-0.074799
0.025299
0.11108
0.14642
0.16605
0.18408
0.19531
0.18109
0.12479
0.047119
-0.030182
-0.10062
-0.12891
-0.10458
-0.067139
-0.033325
0.0024414
0.040405
0.072327
0.085938
0.08017
0.059753
0.011047
-0.057159
-0.10162
-0.11362
-0.11172
-0.099152
-0.07486
-0.04422
-0.01181
0.022797
0.059814
0.079468
0.067139
0.036652
0.007019
-0.018646
-0.034821
-0.038055
-0.040497
-0.049103
-0.053986
-0.045288
-0.026062
-0.0024414
0.019928
0.040222
0.047363
0.03891
0.034973
0.037537
0.035706
0.029297
0.016937
0.0015259
-0.011047
-0.019409
-0.012115
0.006958
0.021027
0.027008
0.029205
0.026794
0.020752
0.01181
0.0046082
-0.0024414
-0.019196
-0.04361
-0.055908
-0.0495
-0.041901
-0.034485
-0.02005
-0.0089417
-0.009552
-0.0047607
0.0084229
0.016968
0.0063477
-0.035309
-0.087341
-0.10315
-0.094299
-0.080597
-0.029053
0.036346
0.071655
0.10443
0.15054
0.17523
0.17297
0.14746
0.097351
0.042145
-0.011108
-0.063629
-0.093964
-0.10095
-0.099548
-0.071198
-0.018524
0.023468
0.052429
0.068573
0.058167
0.035858
0.013916
-0.010376
-0.030884
-0.049347
-0.069519
-0.078796
-0.070984
-0.052063
-0.026917
-0.0033264
0.0053406
0.0045166
0.0074463
0.014069
0.020813
0.025177
0.019165
0.0067749
-0.0038147
-0.015991
-0.022217
-0.020325
-0.021759
-0.021179
-0.010315
0.0016479
0.014954
0.035828
0.050415
0.047638
0.038239
0.027374
0.0096436
-0.0072327
-0.012787
-0.012878
-0.014709
-0.01416
-0.010223
-0.0075378
-0.0075073
-0.0059509
-0.0017395
0.0010681
0.0016785
0.0010986
-0.0029907
-0.0088806
-0.010101
-0.011414
-0.017059
-0.022003
-0.026031
-0.031921
-0.033295
-0.027069
-0.015472
-0.0031738
0.001709
-0.0028381
-0.0047302
0.0096436
0.038391
0.061279
0.066895
0.05957
0.048523
0.043335
0.043793
0.038116
0.020844
0.002533
-0.0048828
-0.0021667
0.0037231
0.004303
-0.0032349
-0.014801
-0.025879
-0.030334
-0.026184
-0.024323
-0.031952
-0.039703
-0.036652
-0.023956
-0.010193
-0.00064087
0.0031433
0.0005188
-0.0023499
-6.1035e-05
0.0028381
0.0054321
0.0072021
0.0068054
0.0072327
0.0079346
0.0066833
0.0037231
-0.0023193
-0.0079041
-0.009491
-0.0091248
-0.0065308
-0.0026855
-0.0013428
-0.00064087
-0.0013733
-0.0048828
-0.0036011
0.0036926
0.0077209
0.0055542
0.0046692
0.0083618
0.011658
0.015594
0.019623
0.017914
0.0083313
-0.0038452
-0.015198
-0.02124
-0.020081
-0.013458
-0.0088501
-0.011749
-0.015717
-0.015076
-0.0065308
0.0082397
0.020721
0.024323
0.017059
0.0011292
-0.013092
-0.016052
-0.0089111
0
0.0070496
0.0081787
0.0048828
0.0055847
0.012878
0.018677
0.015533
0.0074158
-0.00030518
-0.0079651
-0.012756
-0.0086365
-0.0018921
-0.00042725
-0.0052795
-0.012299
-0.013123
-0.0072937
0.00097656
0.012543
0.0224
0.024475
0.022003
0.018616
0.013885
0.0091553
0.0041504
