-0.00048828
0
0.00076294
-0.0018616
0.0016174
0.0039062
-0.00097656
0.0023193
0.0025024
-0.0011902
-0.0031433
-0.006897
-0.00036621
-0.031403
-0.020172
0.015106
-0.011383
0.018616
0.043976
0.015717
0.032501
0.029663
0.0067139
0.0058594
-0.014771
-0.020752
-0.018585
-0.026184
-0.021698
-0.019989
-0.015564
-0.010101
-0.0042419
-0.00091553
0.0038452
0
0.010498
0.0057678
0.011383
0.0090332
-0.00033569
0.010559
0.0047607
0.0045471
0.0057678
-0.002533
0.0015869
-0.008728
-0.0013123
0.00027466
-0.0061646
-0.00045776
-0.0036316
-0.0013428
0.0040283
-0.0010986
0.0079346
0.0018921
0.0005188
0.0081482
0.0037537
0.0057983
-0.0046387
0.0041504
-0.0068665
-0.019348
0.016327
0.0011292
0.0023499
0.015198
0.0056152
0.0070801
0.0049133
-0.006012
-0.0060425
-0.01178
-0.010956
-0.0042725
-0.010834
-0.0080261
-0.012482
0.00076294
0.0016174
0.0085449
0.016022
0.011017
0.018036
0.015808
0.0090027
0.0032043
-0.0046387
-0.015228
-0.013367
-0.01532
-0.0224
-0.020355
-0.016541
-0.021576
-0.030609
-0.041046
-0.048126
-0.042511
-0.033173
-0.015869
0.0017395
0.015015
0.042389
0.067322
0.083313
0.090332
0.083038
0.066559
0.055664
0.039459
0.019318
-0.0026855
-0.025452
-0.044983
-0.046906
-0.04068
-0.035095
-0.028259
-0.020081
-0.0112
0.0011597
0.012207
0.016449
0.014069
0.0065002
-0.001709
-0.0084229
-0.012604
-0.021576
-0.030304
-0.033661
-0.029449
-0.020294
-0.011169
-0.0036926
0.0015259
0.0096436
0.017303
0.022217
0.022766
0.016388
0.0043335
-0.00085449
-0.0072937
-0.012482
-0.015869
-0.02179
-0.023804
-0.019287
-0.011169
-0.00073242
0.007782
0.011871
0.016235
0.022308
0.028351
0.0336
0.029907
0.022583
0.020172
0.015198
0.0093079
0.0040894
-0.0063477
-0.013763
-0.012115
-0.010773
-0.0064087
-0.0018921
-0.0012817
0.0018311
0.0073853
0.0078125
0.0045776
0.0022583
-0.0019531
-0.0055237
-0.0061646
-0.0089111
-0.011169
-0.013947
-0.017761
-0.014343
-0.017731
-0.026489
-0.041199
-0.052155
-0.10126
-0.1347
-0.11017
-0.083496
-0.047241
0.032288
0.072479
0.09491
0.15372
0.18909
0.1853
0.16376
0.12122
0.045685
0.0072327
-0.016815
-0.054169
-0.08252
-0.091217
-0.092712
-0.064636
-0.0099182
0.022675
0.039703
0.046509
0.044983
0.034241
0.028748
0.0071411
-0.030823
-0.063965
-0.082703
-0.089661
-0.080811
-0.059326
-0.040009
-0.017242
0.011566
0.041077
0.058868
0.069672
0.064087
0.043579
0.021515
-0.0014648
-0.025116
-0.042786
-0.055664
-0.062988
-0.055969
-0.03775
-0.014374
0.0062561
0.025208
0.039337
0.044739
0.049805
0.045685
0.028259
0.0093689
-0.0071716
-0.023254
-0.028229
-0.026581
-0.023407
-0.018066
-0.0076294
0.003418
0.013397
0.020691
0.019348
0.0090942
0.00024414
-0.0074768
-0.01239
-0.012665
-0.015564
-0.014618
-0.0036011
0.010071
0.021393
0.032471
0.033844
0.030273
0.034424
0.033081
0.020844
0.011536
-0.0022278
-0.015289
-0.014557
-0.011047
-0.010956
-0.013702
-0.013214
-0.007843
-0.0014954
0.0022888
0.0027161
-0.0035095
-0.0083618
-0.008728
-0.0025635
-0.0096741
-0.015045
-0.010437
-0.020844
-0.025055
-0.015106
-0.019989
-0.043396
-0.052826
-0.087341
-0.1337
-0.11337
-0.071869
-0.037048
0.032623
0.093536
0.10977
0.14944
0.18671
0.1832
0.14819
0.10391
0.037354
-0.017792
-0.040924
-0.060486
-0.077332
-0.077545
-0.060059
-0.027374
0.021912
0.060486
0.072266
0.059875
0.037903
0.0098267
-0.018677
-0.040283
-0.066681
-0.093903
-0.10538
-0.096893
-0.073242
-0.036743
-0.0033264
0.021301
0.03894
0.052887
0.059418
0.055908
0.039856
0.012573
-0.018524
-0.040009
-0.052856
-0.05658
-0.053162
-0.044739
-0.029999
-0.010559
0.014282
0.034424
0.047821
0.048431
0.04184
0.033478
0.02182
0.010315
-0.0019836
-0.016266
-0.023438
-0.017426
-0.0060425
0.007843
0.014984
0.009552
0.0057373
0.0075684
0.0085754
0.0077515
0.0024109
-0.0041809
-0.0064392
-0.00067139
0.0077515
0.0077209
-0.0011597
-0.0058594
-0.0046082
9.1553e-05
0.0046692
0.0076599
0.0078125
0.0066833
0.012756
0.019958
0.018127
0.0085449
-0.0037537
-0.012238
-0.011749
-0.0078735
-0.010925
-0.016388
-0.014832
-0.013062
-0.0060425
0.006958
0.0053406
-0.0057068
-0.0081482
-0.0090027
-0.015503
-0.016541
-0.018127
-0.025085
-0.042816
-0.059174
-0.071991
-0.11374
-0.11386
-0.073334
-0.032867
0.022919
0.093323
0.12329
0.1449
0.16885
0.17172
0.13928
0.092865
0.039185
-0.020081
-0.049774
-0.059204
-0.058472
-0.052032
-0.031525
-0.00079346
0.031097
0.062469
0.075348
0.060852
0.030029
-0.0045471
-0.040009
-0.065704
-0.083252
-0.091248
-0.094391
-0.083649
-0.057404
-0.027924
0.0019226
0.026794
0.039185
0.037811
0.031799
0.020447
0.0023499
-0.015472
-0.032318
-0.047363
-0.053162
-0.047668
-0.034302
-0.017273
0.00073242
0.018707
0.03299
0.041809
0.043732
0.038757
0.026855
0.011871
-0.0007019
-0.010345
-0.017883
-0.024139
-0.029846
-0.023773
-0.0085449
0.01059
0.033234
0.050354
0.056183
0.055084
0.049042
0.035828
0.01712
-0.0024719
-0.019653
-0.030426
-0.031952
-0.027466
-0.020447
-0.012482
0.00015259
0.013306
0.020447
0.022369
0.021027
0.0097046
-0.00097656
-0.0044861
-0.013763
-0.024231
-0.028168
-0.029724
-0.028107
-0.014374
-0.00064087
9.1553e-05
0.0027466
0.0070496
0.0005188
0.0047913
0.0098267
-0.00015259
-0.031067
-0.059662
-0.08313
-0.13318
-0.13345
-0.084351
-0.047729
0.011078
0.094849
0.13464
0.15857
0.18051
0.17859
0.13272
0.073395
0.02298
-0.032928
-0.064911
-0.07428
-0.068329
-0.05896
-0.036499
0.0038757
0.042877
0.067535
0.076172
0.058746
0.025513
-0.0087891
-0.043579
-0.06781
-0.084686
-0.091339
-0.090393
-0.074005
-0.043488
-0.0083008
0.02533
0.047333
0.054657
0.050812
0.040771
0.026733
0.0072937
-0.017426
-0.037689
-0.050995
-0.056549
-0.051666
-0.038422
-0.022278
-0.0069275
0.0084229
0.022736
0.030914
0.030396
0.024811
0.015015
-0.0016174
-0.014191
-0.025391
-0.035828
-0.023956
-0.0013123
0.017761
0.040894
0.054718
0.050781
0.048737
0.046814
0.034485
0.016205
0.00030518
-0.0069885
-0.009613
-0.0037231
0.0032043
0.0036011
-0.00039673
-0.0036011
-0.0040894
-0.0050354
-0.009552
-0.012146
-0.010071
-0.010895
-0.0112
-0.0076294
-0.0074463
-0.014038
-0.026276
-0.028107
-0.025665
-0.022827
-0.0082092
0.0018005
-0.0046692
-0.0099487
-0.0092773
-0.012543
-0.026855
-0.07428
-0.14661
-0.15976
-0.1188
-0.051819
0.048401
0.13181
0.15259
0.16898
0.19366
0.20044
0.1713
0.10751
0.025879
-0.056519
-0.094543
-0.091034
-0.065552
-0.04715
-0.030487
-0.0042725
0.030884
0.062622
0.083618
0.069092
0.022797
-0.029022
-0.075745
-0.096954
-0.095825
-0.089661
-0.082825
-0.066345
-0.042877
-0.0061951
0.032349
0.060425
0.066528
0.052002
0.031006
0.012238
-0.0015869
-0.012177
-0.024353
-0.039246
-0.049835
-0.048218
-0.031494
-0.0088501
0.010193
0.020325
0.02597
0.028412
0.02713
0.017059
-0.00094604
-0.025482
-0.045624
-0.043457
-0.024719
-0.0061035
0.010284
0.0224
0.025452
0.032562
0.041168
0.040771
0.03067
0.015259
0.0042419
0.0031433
0.011536
0.01767
0.014648
0.0086365
0.0057983
0.00054932
-0.0021362
-0.0047913
-0.011841
-0.014893
-0.01413
-0.010193
0.0019226
0.0039673
0.0064697
0.0098267
-0.0037537
-0.014923
-0.013092
-0.020782
-0.02887
-0.023468
-0.022247
-0.025818
-0.031494
-0.048645
-0.12784
-0.1658
-0.12537
-0.069275
0.0018311
0.10251
0.13968
0.14301
0.16748
0.19238
0.17624
0.11316
0.044647
-0.032501
-0.086029
-0.092224
-0.063812
-0.049744
-0.038361
-0.0094604
0.030426
0.064484
0.090088
0.090118
0.043549
-0.01297
-0.059631
-0.083069
-0.086975
-0.077301
-0.070343
-0.059875
-0.040558
-0.0092773
0.026581
0.050079
0.056427
0.040466
0.016083
-0.0025024
-0.013733
-0.025116
-0.03421
-0.042969
-0.045746
-0.0401
-0.027954
-0.01004
0.0078125
0.017212
0.020782
0.023865
0.018494
0.011841
-0.00036621
-0.01712
-0.020813
-0.012115
-0.0047607
0.0070496
0.016815
0.017761
0.024719
0.034882
0.040222
0.033112
0.018494
0.0050354
-0.0039978
-0.007019
-0.0041199
-0.0053406
-0.011749
-0.012054
-0.0042419
0.0061035
0.0093079
0.0084229
0.0065613
0.0025024
-0.0025635
0.0027161
0.0051575
0.0041199
0.0042114
-0.002655
-0.0091553
-0.0046997
-0.0029297
-0.013916
-0.023285
-0.023682
-0.024994
-0.027313
-0.032806
-0.11801
-0.19861
-0.16699
-0.103
-0.030029
0.088654
0.14673
0.13736
0.15469
0.19504
0.2048
0.15668
0.082031
0.003479
-0.065247
-0.090881
-0.061523
-0.038818
-0.045654
-0.037598
-0.0050049
0.032898
0.069733
0.090698
0.063446
0.0066223
-0.049164
-0.077026
-0.083282
-0.081909
-0.082062
-0.084625
-0.078613
-0.049316
-0.0015564
0.039368
0.064117
0.066956
0.050934
0.032532
0.025665
0.017822
0.00076294
-0.021423
-0.044037
-0.056213
-0.050995
-0.032104
-0.012573
0.0014954
0.0094604
0.015076
0.019226
0.016998
0.003479
-0.0065002
-0.0086365
-0.015778
-0.012604
0.0026855
0.0070801
0.0041199
0.011261
0.018127
0.020142
0.018921
0.017181
0.010986
0.0064087
0.0097961
0.014771
0.013824
0.0081482
0.00094604
-0.0023499
0.00027466
-0.0027161
-0.0080566
-0.0072937
-0.0061646
-0.0037231
0.0014648
0.006134
0.011292
0.0062866
0.0013733
0.0039062
3.0518e-05
-0.015381
-0.019989
-0.021759
-0.017303
-0.0029602
-0.028564
-0.15182
-0.21542
-0.15952
-0.099518
-0.021179
0.10806
0.14639
0.12955
0.16782
0.22443
0.22018
0.14484
0.05304
-0.029663
-0.093872
-0.10394
-0.057098
-0.044434
-0.065643
-0.050476
-0.002533
0.042328
0.083496
0.098358
0.058899
-0.0027161
-0.052551
-0.069366
-0.067535
-0.066162
-0.071838
-0.077148
-0.071289
-0.042755
0.0021973
0.041992
0.058319
0.052063
0.038177
0.023682
0.0177
0.01358
-6.1035e-05
-0.022949
-0.043213
-0.051453
-0.0448
-0.025513
-0.0056763
0.00036621
-0.0014038
0.0057373
0.013184
0.015564
0.020264
0.021027
0.011658
0.0046997
0.0061035
0.0075684
0.0053711
0.0046387
0.0058899
0.008667
0.014252
0.016937
0.015472
0.0084534
-0.0013733
-0.0082703
-0.0068054
-0.0028381
-0.0015564
-0.0028992
-0.003479
-0.0039368
-0.007019
-0.0093689
-0.0066528
-9.1553e-05
0.0018921
0.0042419
0.012054
0.016968
0.015472
0.013489
0.0064697
-0.006073
-0.018799
-0.028717
-0.029816
-0.014984
0.00045776
-0.073212
-0.20419
-0.20163
-0.11926
-0.076996
0.016083
0.12402
0.10669
0.1088
0.19916
0.25458
0.21957
0.13818
0.048004
-0.023834
-0.065979
-0.06012
-0.02951
-0.06131
-0.103
-0.069946
0.00015259
0.040253
0.073517
0.070801
0.02179
-0.02536
-0.040619
-0.033875
-0.037109
-0.068634
-0.097565
-0.095856
-0.080139
-0.041382
0.0054626
0.026978
0.029114
0.035339
0.046906
0.058502
0.057465
0.0336
-0.0027161
-0.034393
-0.047058
-0.040802
-0.028992
-0.021545
-0.019348
-0.0224
-0.019318
0.0062256
0.033264
0.039429
0.03598
0.030762
0.016174
0.013733
0.024933
0.023163
-0.0015869
-0.021667
-0.021698
-0.0099792
0.0010071
0.0097351
0.011353
-0.00021362
-0.006897
0.001709
0.0098877
0.0049133
-0.0059814
-0.015411
-0.015625
-0.01239
-0.0096741
-0.010071
-0.015717
-0.017029
-0.0072327
0.010651
0.019806
0.016602
0.013519
0.014954
0.007843
-0.00076294
-0.0041809
0.0059814
-0.00079346
-0.11346
-0.2095
-0.15616
-0.09613
-0.085144
0.017639
0.086304
0.064026
0.12177
0.2359
0.25235
0.19495
0.1192
0.05249
0.019806
-0.015381
-0.040222
-0.049225
-0.099579
-0.13351
-0.063263
0.011261
0.018219
0.029327
0.036774
0.014893
-0.0014343
0.00094604
-0.0056458
-0.030029
-0.078613
-0.097717
-0.070312
-0.05191
-0.048676
-0.029236
-0.010864
-0.006012
0.014343
0.04187
0.051361
0.040405
0.027985
0.024048
0.019958
-0.0024719
-0.027039
-0.035706
-0.04184
-0.04892
-0.033539
-0.0057678
0.0028687
0.0040894
0.023773
0.045166
0.049469
0.048065
0.043091
0.029297
0.012848
0.006958
0.010254
0.0075989
-0.0061646
-0.016357
-0.0097351
-0.00015259
0.00012207
-0.0046692
-0.0067444
-0.010254
-0.015106
-0.017426
-0.013336
-0.01239
-0.020447
-0.023499
-0.018494
-0.01297
-0.0084229
-0.0022888
-0.00027466
0.00076294
0.0075073
0.017334
0.019562
0.014008
0.0090332
0.013153
0.017883
-0.045929
-0.13821
-0.12054
-0.038971
-0.032379
-0.028931
0.0098877
0.015717
0.035553
0.11563
0.15601
0.12967
0.095703
0.069183
0.073151
0.095062
0.066101
0.00073242
-0.037964
-0.05484
-0.052948
-0.026245
-0.028351
-0.06189
-0.069794
-0.046234
-0.02475
-0.002594
0.004364
-0.012878
-0.027954
-0.024292
-0.014801
-0.0079956
-0.015656
-0.030518
-0.02652
-0.006073
0.0055237
0.0054321
0.003418
-0.0015564
-0.0030212
0.0072937
0.019775
0.017212
0.0010681
-0.011505
-0.013092
-0.0057373
0.0032654
0.0040588
-0.0073853
-0.01532
-0.006958
0.011322
0.022797
0.023193
0.016846
0.0087585
0.0050049
0.0084839
0.013794
0.013855
0.01297
0.012329
0.01239
0.0098267
0.0038757
9.1553e-05
-0.0028687
-0.0085754
-0.012207
-0.012085
-0.011597
-0.0097961
-0.0099487
-0.018555
-0.024872
-0.019043
-0.0090027
-0.0015259
0.0038757
0.0079651
0.012207
0.017426
0.019348
0.015472
0.0033264
-0.0083923
-0.013672
-0.014648
-0.013031
-0.010986
-0.0098267
-0.005127
0.0088806
0.02182
0.018982
0.0081177
0.0052185
-9.1553e-05
-0.0098877
-0.013184
-0.013672
-0.01767
-0.02063
-0.020935
-0.017792
-0.0091248
-0.0010986
0.00354
0.0098572
0.016663
0.018646
0.020203
0.023956
0.028778
0.037445
0.047119
0.046906
0.038208
0.032227
0.026001
0.015991
0.0071411
-0.0028381
-0.018768
-0.029602
-0.032501
-0.034698
-0.035431
-0.033783
-0.03418
-0.032867
-0.024384
-0.016754
-0.016449
-0.01712
-0.011505
-0.0061646
-0.0019836
0.0029602
0.0021667
-0.00061035
0.0012512
0.0057373
0.010498
0.014465
0.012115
0.0072021
0.0088806
0.014069
0.013428
0.007019
0.0013428
-0.004425
-0.010223
-0.0094299
-0.0032043
-0.0021667
-0.0067749
-0.006134
-0.0012207
-0.0013123
-0.0015869
0.0037231
0.0046692
0.0023193
0.0057068
0.010376
0.0067139
-0.0012512
-0.0026245
0.0012207
0.0032349
0.0052795
0.0072937
0.0049438
0.0048828
0.012665
0.016449
0.0082703
-0.0050659
-0.014801
-0.018951
-0.021149
-0.021423
-0.016937
-0.0088501
-0.0005188
0.0099487
0.018188
0.0177
0.010162
0.004364
0.0030518
0.0037842
0.0034485
0.0013123
-0.0056763
-0.010437
-0.0043335
0.006012
0.010254
0.0072021
0.00015259
-0.0075989
-0.010132
-0.0071106
-0.0041199
-0.0054626
-0.0073853
-0.0036011
0.0049133
0.010651
0.0112
0.0074463
0.0039978
0.0032654
0.0027161
