0.0033569
0.00097656
-0.0041809
0.005249
0.00064087
0.00061035
0.0022583
0.0005188
0.0021362
-0.0018005
0.0013123
0.0021362
-0.0059814
-0.0007019
0.00036621
-0.0018311
-0.0010071
0.0030212
0.00079346
6.1035e-05
0.00061035
-0.0053101
-0.0019226
-0.023712
-0.016724
0.015717
-0.005127
0.015411
0.036316
0.015961
0.041473
0.025543
0.0061951
0.0036316
-0.026306
-0.020294
-0.0242
-0.036713
-0.02533
-0.028809
-0.018494
-0.011749
0.0028381
-0.0060425
-0.013153
0.02063
0.014252
0.017456
0.035736
0.011963
0.016113
0.021484
0.0081177
0.0061951
-0.0047607
-0.013275
-0.008667
-0.0022888
-0.0069885
-0.0087891
-0.0064087
-0.015533
-0.0042419
0.0053101
-0.00027466
0.0038757
0.0080261
0.0065918
0.010345
0.012421
0.0038452
0.0011597
0.0028992
-0.0025635
-0.002594
-0.0014343
-0.012085
-0.016174
-0.0097351
-0.0098267
-0.0022583
0.002655
0.0014343
0.0099792
0.018097
0.019318
0.018646
0.014496
0.0030823
-0.0049744
-0.0077209
-0.0082703
-0.015961
-0.018555
-0.020447
-0.022003
-0.013489
-0.009613
-0.01059
-0.039093
-0.06134
-0.058075
-0.050049
-0.033417
0.00036621
0.004425
0.017212
0.055695
0.08847
0.10632
0.11682
0.098938
0.065796
0.055695
0.042969
0.015472
-0.012909
-0.04422
-0.07486
-0.073486
-0.05777
-0.051392
-0.0401
-0.028564
-0.018066
0.0044861
0.031281
0.037201
0.031464
0.020966
0.0065613
-0.0046997
-0.0099182
-0.022797
-0.039978
-0.04892
-0.052521
-0.044098
-0.023682
-0.0065002
0.0036011
0.014465
0.028168
0.039703
0.046417
0.044037
0.027435
0.0093689
-0.0032654
-0.014862
-0.020447
-0.025787
-0.032959
-0.034546
-0.028473
-0.020996
-0.014587
-0.00091553
0.011078
0.019165
0.031921
0.040344
0.038452
0.040436
0.04361
0.033356
0.019073
0.0075989
-0.0082397
-0.017059
-0.016418
-0.018463
-0.018555
-0.011597
-0.0028381
0.0067749
0.020813
0.024445
0.02002
0.014526
0.0081787
-0.0013733
-0.010193
-0.015167
-0.022369
-0.035248
-0.04306
-0.042847
-0.04892
-0.058807
-0.065369
-0.073395
-0.10492
-0.11273
-0.079132
-0.046082
0.0038147
0.072571
0.11197
0.13177
0.16965
0.18845
0.17416
0.14285
0.094116
0.025909
-0.026154
-0.053253
-0.082489
-0.10294
-0.10428
-0.088867
-0.056366
-0.0042725
0.039795
0.059662
0.068024
0.065674
0.048157
0.028412
0.0039673
-0.035919
-0.075348
-0.099915
-0.10837
-0.10052
-0.071503
-0.039185
-0.0097351
0.023499
0.053955
0.076508
0.087524
0.08313
0.058167
0.022552
-0.008728
-0.036804
-0.059418
-0.071045
-0.07605
-0.072723
-0.054749
-0.025208
0.0095825
0.039978
0.061981
0.071869
0.070496
0.063904
0.046967
0.023529
-0.00082397
-0.029999
-0.05188
-0.058411
-0.052979
-0.043518
-0.028687
-0.010834
0.0044556
0.018646
0.033203
0.031616
0.018005
0.0096741
0.0015564
-0.0037231
-0.0044861
-0.0055237
-0.01239
-0.0075684
0.0089722
0.020325
0.028412
0.039856
0.039337
0.036255
0.036072
0.027771
0.010681
-0.0046387
-0.01474
-0.02121
-0.020599
-0.014648
-0.014191
-0.016937
-0.012207
-0.0042114
0.00076294
0.0022583
0.0024109
-0.0015564
-0.0073242
-0.011841
-0.020355
-0.025818
-0.041443
-0.067963
-0.084778
-0.11075
-0.1619
-0.15021
-0.10303
-0.048523
0.029633
0.11734
0.15317
0.17914
0.21844
0.22656
0.1889
0.13556
0.061035
-0.028168
-0.079803
-0.10071
-0.11185
-0.11227
-0.088593
-0.049225
0.00015259
0.064392
0.1077
0.11176
0.091248
0.056427
0.010529
-0.032471
-0.06781
-0.10303
-0.13577
-0.14621
-0.12637
-0.086487
-0.030518
0.023041
0.061157
0.082794
0.094971
0.095184
0.078888
0.048035
0.0036316
-0.044739
-0.082458
-0.099243
-0.096954
-0.083862
-0.060547
-0.028015
0.006134
0.04306
0.0755
0.090393
0.087158
0.068115
0.039154
0.0087585
-0.015808
-0.034485
-0.049469
-0.055328
-0.047638
-0.029053
-0.002594
0.024323
0.040558
0.048889
0.046844
0.035797
0.027374
0.015015
-0.0078735
-0.026611
-0.0401
-0.046631
-0.036865
-0.018555
-0.0047302
0.0058289
0.022308
0.036743
0.045654
0.052307
0.047028
0.028931
0.01236
0.0007019
-0.012848
-0.023651
-0.027832
-0.025482
-0.022644
-0.012939
0.00054932
0.0045471
0.0075073
0.01239
0.013947
0.0063171
-3.0518e-05
-0.012482
-0.03537
-0.048645
-0.049896
-0.067108
-0.088593
-0.093292
-0.13016
-0.15698
-0.1088
-0.044128
0.014069
0.09613
0.15759
0.16846
0.18509
0.20706
0.18448
0.12463
0.061218
-0.010132
-0.078705
-0.10028
-0.088165
-0.073334
-0.053528
-0.014679
0.02774
0.069092
0.1069
0.12033
0.089661
0.035767
-0.015442
-0.062378
-0.095245
-0.11136
-0.12186
-0.12692
-0.1059
-0.061981
-0.0091248
0.041412
0.075439
0.084625
0.072418
0.052582
0.028473
-0.0030212
-0.038208
-0.07135
-0.094604
-0.10031
-0.085358
-0.054993
-0.018433
0.015289
0.043976
0.061157
0.067902
0.066254
0.054596
0.032379
0.0044556
-0.022522
-0.042877
-0.047577
-0.03772
-0.018494
0.0055542
0.027954
0.047729
0.057831
0.053772
0.042236
0.023102
-0.00018311
-0.016479
-0.022583
-0.028564
-0.032196
-0.025116
-0.013
0.0024719
0.022034
0.034424
0.035522
0.033661
0.027466
0.018188
0.012787
0.0098267
0.0014038
-0.0086975
-0.01297
-0.013977
-0.015198
-0.014496
-0.011505
-0.013062
-0.01123
-0.0036621
0.0020447
0.0046082
0.00045776
-0.015503
-0.028809
-0.037231
-0.055756
-0.085358
-0.1011
-0.1463
-0.17822
-0.12894
-0.051819
0.025848
0.12106
0.1904
0.19824
0.1954
0.19788
0.17032
0.10544
0.031799
-0.039307
-0.10562
-0.13132
-0.10883
-0.068085
-0.029236
0.016174
0.061218
0.092468
0.10904
0.10941
0.076385
0.018524
-0.043579
-0.094849
-0.12299
-0.12912
-0.11499
-0.093872
-0.064056
-0.022003
0.023529
0.067535
0.098694
0.10242
0.076477
0.036346
-0.006134
-0.042542
-0.067169
-0.079468
-0.084015
-0.083832
-0.068665
-0.038818
-0.00076294
0.032288
0.055573
0.060089
0.045166
0.026611
0.0083618
-0.0043335
-0.017029
-0.0271
-0.027924
-0.024353
-0.0094299
0.012024
0.032471
0.039856
0.031158
0.022675
0.021973
0.016937
0.013428
0.014343
0.0065308
-0.0029907
-0.005249
0.0033569
0.012299
0.017212
0.017883
0.014343
0.0085144
0.0095825
0.016357
0.01828
0.01297
0.0036926
-0.0036316
-0.0043945
-0.006958
-0.012573
-0.023956
-0.034027
-0.036346
-0.027985
-0.010681
0.00042725
-0.0048828
-0.0093384
-0.021454
-0.032959
-0.038483
-0.060913
-0.088104
-0.13809
-0.19592
-0.16888
-0.089294
0.0045471
0.11014
0.19302
0.21417
0.21405
0.21909
0.20465
0.1481
0.06311
-0.020386
-0.09845
-0.13638
-0.12564
-0.081879
-0.038544
0.0018616
0.045227
0.080933
0.10251
0.1062
0.082214
0.023987
-0.044464
-0.10553
-0.13751
-0.14331
-0.12762
-0.097015
-0.061157
-0.022308
0.022308
0.071808
0.10611
0.11282
0.091217
0.047821
-0.0022278
-0.040558
-0.063141
-0.07605
-0.078735
-0.073029
-0.057587
-0.031036
0.0063171
0.038147
0.059296
0.065674
0.051971
0.028931
0.0055542
-0.016571
-0.035278
-0.045013
-0.050537
-0.049438
-0.040619
-0.025909
-0.0088806
0.013245
0.035095
0.051147
0.059387
0.059753
0.050079
0.032623
0.017914
0.013611
0.010254
0.0046082
0.00085449
-0.0020447
-0.0057983
-0.0039062
0.0072327
0.012421
0.010956
0.012024
0.014404
0.01825
0.019318
0.013947
0.0005188
-0.020477
-0.036774
-0.042786
-0.041962
-0.031158
-0.019043
-0.016968
-0.016968
-0.0099792
-0.0057678
-0.020294
-0.050293
-0.092743
-0.18509
-0.21747
-0.15753
-0.071198
0.025696
0.13913
0.19437
0.19821
0.20721
0.21964
0.19485
0.11746
0.036224
-0.046844
-0.12097
-0.14209
-0.10278
-0.055206
-0.02063
0.019928
0.064026
0.091492
0.1055
0.11325
0.08194
0.020142
-0.048889
-0.10052
-0.12631
-0.13101
-0.11658
-0.09375
-0.066132
-0.035675
0.0072632
0.053741
0.087585
0.09198
0.069427
0.035187
-0.0052795
-0.035858
-0.045288
-0.048676
-0.058441
-0.05838
-0.042053
-0.024902
0.0027161
0.033386
0.049042
0.044067
0.032806
0.024353
0.011566
-0.0033875
-0.015015
-0.027771
-0.045837
-0.05307
-0.044373
-0.027069
-0.0059814
0.015198
0.028107
0.034607
0.042053
0.047302
0.052429
0.046753
0.032257
0.018097
0.0057068
0.00076294
0.0022583
-0.0025635
-0.0072937
-0.0044861
0.0018005
0.010773
0.018311
0.01944
0.014038
0.006958
0.00061035
-0.0094299
-0.017975
-0.022095
-0.031952
-0.044708
-0.048004
-0.045685
-0.035248
-0.024384
-0.035461
-0.056274
-0.13773
-0.20343
-0.16531
-0.087219
-0.0048218
0.11249
0.18137
0.18259
0.19305
0.21793
0.21274
0.15326
0.073608
-0.0033264
-0.083099
-0.12677
-0.10889
-0.073059
-0.052673
-0.020721
0.022949
0.058655
0.077057
0.093048
0.080444
0.023743
-0.043274
-0.0914
-0.11108
-0.11053
-0.092346
-0.070068
-0.05069
-0.031525
0.0030518
0.042297
0.075989
0.094238
0.079742
0.048889
0.013824
-0.018372
-0.037292
-0.042145
-0.051971
-0.062439
-0.065033
-0.056458
-0.031525
-0.0012512
0.024933
0.037506
0.036072
0.026489
0.017609
0.0077209
-0.010223
-0.03299
-0.038849
-0.031952
-0.024841
-0.0059204
0.024048
0.0383
0.042938
0.053101
0.053925
0.039276
0.021179
0.0087585
9.1553e-05
-0.0077209
-0.010223
-0.0076904
-0.0093689
-0.0099792
-0.0055237
0.0043945
0.0083008
0.0056152
0.0042114
0.0046387
-0.0014648
0.00076294
0.012054
0.01532
0.0092163
0.003418
-0.003479
-0.016388
-0.028229
-0.02655
-0.025208
-0.070496
-0.19852
-0.25293
-0.18777
-0.11017
-0.015503
0.13391
0.18808
0.15982
0.18246
0.23306
0.22354
0.15134
0.072906
-0.0011597
-0.084229
-0.12479
-0.082031
-0.053101
-0.070099
-0.047913
0.0075684
0.039032
0.065033
0.1012
0.097351
0.041595
-0.022766
-0.054352
-0.068756
-0.094696
-0.10159
-0.093597
-0.10004
-0.093262
-0.038788
0.018158
0.056396
0.075867
0.076508
0.062531
0.042053
0.027893
0.015961
-0.0077515
-0.04187
-0.061401
-0.071838
-0.064636
-0.038483
-0.01059
0.0063171
0.01944
0.032104
0.040314
0.028748
0.016327
0.018127
0.0071411
-0.012085
-0.0030212
0.00015259
-0.017822
-0.0098267
0.013519
0.017303
0.012482
0.013275
0.012421
0.012878
0.010376
0.017365
0.02475
0.0088806
-0.0054626
0.00094604
0.0015564
-0.012238
-0.01767
-0.015533
-0.011047
-0.010895
-0.0018311
0.017761
0.021576
0.01355
0.013397
0.0013123
-0.023529
-0.028381
-0.024017
-0.025848
-0.11591
-0.25098
-0.23407
-0.13287
-0.087097
0.023621
0.16351
0.15088
0.14029
0.23569
0.28873
0.24005
0.15311
0.06601
-0.006897
-0.078033
-0.11069
-0.068237
-0.079895
-0.13205
-0.088104
0.0023499
0.025848
0.056946
0.090607
0.059143
-0.00057983
-0.030151
-0.030457
-0.035492
-0.070831
-0.10349
-0.088104
-0.07782
-0.065338
-0.011139
0.034271
0.028961
0.026215
0.041199
0.048523
0.048737
0.038818
0.018585
-0.0039062
-0.030731
-0.040955
-0.024811
-0.017365
-0.02832
-0.021088
-0.015656
-0.017609
-0.0044861
0.019379
0.028992
0.032074
0.031189
0.03009
0.028778
0.023102
0.014282
0.0065613
-0.0044556
-0.011688
-0.0092163
-0.0067444
-0.003479
0.00079346
-0.0021973
-0.0073547
-0.0014343
-0.0013733
-0.0077209
-0.0076904
-0.0063171
-0.013123
-0.015381
-0.0095825
-0.0062561
-0.0076599
-0.0039368
0.0044861
0.0098877
0.011078
0.012207
0.018005
0.020752
0.010193
0.014709
0.010071
-0.11386
-0.23499
-0.17938
-0.087311
-0.083618
-0.014618
0.069794
0.057953
0.09024
0.21536
0.26462
0.21594
0.13571
0.066772
0.05249
0.044464
-0.0052795
-0.04071
-0.069641
-0.11914
-0.10397
-0.020538
0.010376
-0.010437
-0.021271
-0.021301
-0.012543
0.011658
0.013458
-0.0064392
-0.036682
-0.070557
-0.072266
-0.035522
-0.021179
-0.036896
-0.037201
-0.02829
-0.020203
0.0061951
0.033752
0.033325
0.017609
0.0091858
0.019836
0.032806
0.023468
0.0012207
-0.016479
-0.034271
-0.039429
-0.017914
0.0042725
0.0015259
-0.0047913
0.0065308
0.024628
0.039246
0.047882
0.04718
0.033813
0.013855
0.0058594
0.011719
0.014313
0.0062256
3.0518e-05
-0.0097046
-0.020599
-0.024323
-0.019592
-0.01712
-0.021942
-0.025024
-0.023193
-0.019104
-0.017334
-0.019104
-0.018036
-0.012329
-0.0098877
-0.006958
0.0034485
0.014618
0.020508
0.022919
0.027313
0.027405
0.017456
0.0087891
0.0093994
0.0099487
0.0066833
0.0039673
0.0014038
-0.0057983
-0.0063171
0.0043945
0.0049744
-0.0064697
-0.01767
-0.030243
-0.036835
-0.024384
-0.0092773
-0.0039978
-0.00177
0.002655
0.012878
0.03009
0.042175
0.041565
0.035248
0.02655
0.019196
0.022552
0.024841
0.012939
0.0013428
0.0013123
0.0017395
-0.00354
-0.0062561
-0.0086365
-0.014587
-0.021515
-0.026031
-0.027771
-0.029755
-0.030334
-0.02655
-0.021759
-0.020538
-0.019257
-0.012756
-0.0025635
0.0064087
0.0080261
0.005188
0.0038147
0.0030823
0.0041504
0.0071716
0.0040588
-0.0045776
-0.0082703
-0.0061035
-9.1553e-05
0.0070801
0.0099182
0.0093384
0.01181
0.016418
0.015503
0.0091248
0.003418
-0.00018311
-0.0013123
0.0034485
0.0085754
