-0.00033569
0.00091553
0.00027466
-0.0016479
-0.0039368
0.0061951
-0.0099182
-0.0010071
0.017731
-0.0097656
0.0037231
0.0046997
0.0022583
-0.0072327
0.0079346
0.0014038
-0.0063171
-0.0011292
0.0024719
-0.0054016
-0.0036621
0.0019226
-0.0039673
-0.0021667
0.00021362
0.00076294
0.0011597
0.00048828
0.0019531
0.00027466
0.0052185
0.0011292
0.0010681
-0.00054932
0.00073242
0.0028076
0.0029297
0.00076294
-0.0029297
-0.00061035
-0.00012207
-0.0039368
-0.0053101
-0.006134
-0.027161
-0.020111
0.016907
0.011078
-0.020111
0.021332
0.029999
0.021057
0.027557
0.032654
0.0058594
-0.0033569
0.00097656
-0.0075378
-0.023651
-0.028625
-0.031555
-0.023468
-0.019836
-0.015472
-0.010437
-0.0031433
-0.0049744
0.0070496
0.013519
0.01297
0.0064087
0.012299
0.012115
0.010712
0.010223
0.0080566
-9.1553e-05
0.002655
0.0014343
-0.001709
-0.002655
-9.1553e-05
-0.0065613
-0.0071106
0.0052185
-0.0011902
-0.0026245
0.0015564
0.0034485
-0.0039673
0.0023193
-0.0076904
-0.0095825
-0.0048218
-0.02829
-0.022186
-0.012421
0.012024
0.016144
0.03598
0.050537
0.040283
0.049408
0.0401
0.01825
-0.010529
-0.016602
-0.032654
-0.039734
-0.039185
-0.037811
-0.041992
-0.034241
-0.0079956
-0.010376
0.0037537
-0.0013733
0.00030518
0.02475
0.023193
0.017792
0.018402
0.015503
0.0018921
0.013
0.0038757
-0.014709
-0.011047
-0.0092773
-0.0093079
9.1553e-05
0.0056458
-0.0028076
0.0054321
0.0071411
0.0072327
0.010162
0.00097656
-0.0050049
-0.0022888
-0.0036621
-0.0033264
-0.0046082
-0.005249
-0.0027771
-0.0030823
-0.0047913
-0.0097351
-0.018616
-0.022858
-0.029419
-0.029083
-0.025208
-0.017426
-0.013245
0.0007019
0.01828
0.032684
0.04245
0.053253
0.055481
0.052704
0.048889
0.037781
0.026184
0.011353
-0.0048218
-0.017975
-0.028748
-0.032959
-0.034973
-0.034821
-0.026733
-0.018158
-0.0056763
0.00354
0.011902
0.017883
0.018127
0.016205
0.0085144
0.0016785
-0.0075989
-0.01535
-0.02063
-0.021667
-0.018555
-0.015839
-0.011047
-0.004303
0.004303
0.0096741
0.013397
0.014862
0.013885
0.010986
0.0098267
0.0065918
-0.00064087
-0.0054016
-0.0080261
-0.011749
-0.0085754
-0.0039673
-0.0053101
-0.0060425
-0.0042725
-0.0016785
0.0038452
0.0089722
0.011627
0.0089111
0.0018616
-0.0046387
-0.0039978
-0.018188
-0.041748
-0.080536
-0.15915
-0.17419
-0.13901
-0.086487
-0.022186
0.055695
0.089661
0.13284
0.20111
0.25378
0.24768
0.20255
0.13705
0.04892
-0.015167
-0.051178
-0.08847
-0.13617
-0.16104
-0.14957
-0.11111
-0.0466
0.025726
0.069794
0.076904
0.078278
0.076355
0.062775
0.037048
-0.00021362
-0.054413
-0.10687
-0.1319
-0.12784
-0.10715
-0.073425
-0.03479
-0.0021973
0.027405
0.067932
0.10162
0.10718
0.094635
0.065643
0.01944
-0.018555
-0.044159
-0.062286
-0.079041
-0.085358
-0.074371
-0.055054
-0.022522
0.019257
0.053802
0.069641
0.075104
0.072235
0.06189
0.039551
0.013275
-0.011169
-0.084229
-0.12607
-0.10474
-0.043701
0.0036011
0.063141
0.083344
0.068817
0.082581
0.1076
0.098083
0.029633
-0.021362
-0.064026
-0.072968
-0.050293
-0.0077209
-0.0062561
-0.02771
-0.017487
0.0068054
0.031433
0.033875
0.032043
0.0017395
-0.016205
-0.018738
-0.016541
-0.036438
-0.06543
-0.0755
-0.09906
-0.10309
-0.12628
-0.17932
-0.17752
-0.10507
6.1035e-05
0.096802
0.1976
0.22766
0.23654
0.24573
0.24747
0.19769
0.10559
0.0097961
-0.090088
-0.15335
-0.16489
-0.13596
-0.11377
-0.07663
-0.020386
0.040924
0.097198
0.13699
0.14557
0.10101
0.037445
-0.032928
-0.088501
-0.12665
-0.14203
-0.14435
-0.13947
-0.11301
-0.062134
0.0046692
0.066498
0.11621
0.13605
0.12347
0.089813
0.047913
0.001709
-0.038788
-0.076172
-0.10477
-0.11871
-0.10706
-0.071716
-0.020447
0.033051
0.070343
0.089264
0.088989
0.077362
0.053223
0.023865
-0.0074158
-0.038239
-0.063751
-0.072327
-0.063782
-0.042633
-0.017792
0.0093384
0.027527
0.033295
0.025726
0.018768
0.0071716
-0.022491
-0.032928
-0.01123
0.011871
0.024048
0.048615
0.055542
0.048157
0.045715
0.052124
0.033325
0.0017395
-0.011108
-0.0064087
0.0031738
0.013367
0.022308
0.0069885
-0.01474
-0.024872
-0.023315
-0.024475
-0.02829
-0.033691
-0.035522
-0.03125
-0.0090942
0.01355
0.0043335
-0.023315
-0.046631
-0.064575
-0.088898
-0.093842
-0.17126
-0.21011
-0.16187
-0.047363
0.071228
0.19632
0.26117
0.24255
0.23038
0.21887
0.18106
0.087708
-0.002655
-0.098389
-0.17123
-0.17856
-0.12479
-0.052765
-0.0045776
0.053436
0.098846
0.12363
0.12497
0.11163
0.058105
-0.026978
-0.1044
-0.15927
-0.17847
-0.16464
-0.11746
-0.068573
-0.021637
0.028412
0.076172
0.11172
0.12485
0.11255
0.068573
0.0036316
-0.054718
-0.090515
-0.10229
-0.095001
-0.071106
-0.044708
-0.016663
0.021667
0.062469
0.08432
0.085388
0.064209
0.026428
-0.015442
-0.042358
-0.054443
-0.057678
-0.049652
-0.035065
-0.015625
6.1035e-05
0.023224
0.042755
0.05249
0.047913
0.0177
-0.019104
-0.049225
-0.036041
-0.0019531
0.040161
0.057465
0.054413
0.039581
0.028778
0.029236
0.016693
-0.0065308
-0.0383
-0.044739
-0.028168
0.011566
0.044464
0.050598
0.033417
0.0065308
-0.0093689
-0.022064
-0.031342
-0.047058
-0.053284
-0.049194
-0.031525
-0.0055237
0.022156
0.038452
0.03363
0.018555
-0.015015
-0.049622
-0.082184
-0.094727
-0.11462
-0.19803
-0.20514
-0.13385
-0.010345
0.11261
0.23325
0.27277
0.22406
0.19098
0.15259
0.10394
0.025238
-0.043976
-0.11145
-0.16177
-0.1423
-0.071014
0.013428
0.068665
0.1116
0.12381
0.11148
0.08374
0.04776
-0.0088501
-0.078674
-0.13086
-0.16592
-0.1561
-0.10883
-0.040344
0.02124
0.06366
0.08606
0.083649
0.073517
0.055634
0.031219
-0.008667
-0.052643
-0.090057
-0.10541
-0.088226
-0.050476
-0.0090942
0.016296
0.028931
0.031097
0.029755
0.027557
0.019287
0.00091553
-0.025391
-0.044647
-0.048065
-0.040436
-0.022278
-0.002594
0.0085449
0.014587
0.016968
0.019531
0.027466
0.025085
-0.0090942
-0.022644
0.0030212
0.040436
0.063202
0.078003
0.06546
0.033081
0.015533
0.009613
-0.010223
-0.038788
-0.050018
-0.042603
-0.014404
0.023132
0.05484
0.058105
0.03595
0.01239
-0.0062256
-0.018951
-0.032867
-0.042938
-0.056396
-0.059021
-0.041534
-0.010376
0.016968
0.026093
0.024933
0.013672
-0.0093994
-0.036774
-0.073212
-0.0914
-0.14664
-0.22156
-0.18607
-0.079132
0.049896
0.16794
0.26294
0.25494
0.20386
0.16727
0.1221
0.065063
-0.016327
-0.083344
-0.14377
-0.1492
-0.1012
-0.019287
0.053497
0.096252
0.11621
0.10162
0.083832
0.050262
0.011047
-0.049011
-0.10001
-0.14328
-0.15659
-0.12341
-0.068695
-0.0076294
0.032166
0.062195
0.070221
0.063263
0.05011
0.033691
0.0068054
-0.028168
-0.051758
-0.062164
-0.059692
-0.044922
-0.016571
0.0063477
0.015656
0.016632
0.01236
0.0071411
-0.00027466
-0.0072937
-0.014984
-0.015686
-0.014069
-0.0074768
6.1035e-05
0.0039368
0.0061646
0.0043945
-0.0069885
-0.020782
-0.030701
-0.061859
-0.050812
0.012451
0.079193
0.10962
0.11942
0.091736
0.041412
0.02063
0.012543
-0.0043945
-0.044434
-0.06366
-0.055725
-0.022095
0.021332
0.058136
0.060455
0.027527
0.0013428
-0.0059509
-0.0031433
-0.01413
-0.026184
-0.040405
-0.050385
-0.049133
-0.03006
9.1553e-05
0.020782
0.030884
0.023712
0.005249
-0.029114
-0.05896
-0.073059
-0.081329
-0.16803
-0.23068
-0.18179
-0.072021
0.059784
0.19791
0.28177
0.25497
0.19397
0.14432
0.10223
0.042786
-0.022064
-0.075073
-0.12973
-0.1424
-0.098328
-0.008728
0.07019
0.11975
0.13049
0.10672
0.061157
0.0099487
-0.019867
-0.052124
-0.08609
-0.12183
-0.12854
-0.10199
-0.054321
0.0041504
0.048615
0.066833
0.050842
0.031036
0.014526
0.0012207
-0.016022
-0.037537
-0.05188
-0.062195
-0.054718
-0.029419
0.002594
0.024658
0.030975
0.02359
0.0089417
-0.0011292
-0.0085754
-0.013489
-0.016113
-0.016693
-0.016235
-0.011688
0.0014038
0.0083618
-0.0029907
-0.016937
-0.025238
-0.017792
0.011322
0.044678
0.065491
0.067322
0.058167
0.039032
0.02298
0.0097656
-0.0030518
-0.01886
-0.028259
-0.025208
-0.011627
0.0062256
0.012604
0.01828
0.018097
0.021149
0.019135
0.011627
-0.0027161
-0.013733
-0.013428
-0.018738
-0.017426
-0.020691
-0.024963
-0.026215
-0.0082703
0.0083923
0.01297
0.0030212
-0.026703
-0.059082
-0.070312
-0.096466
-0.19415
-0.21185
-0.14334
-0.030334
0.095032
0.229
0.27606
0.23642
0.18289
0.13541
0.093719
0.023621
-0.039001
-0.098114
-0.13535
-0.13779
-0.078918
0.01297
0.081604
0.11938
0.12292
0.099976
0.041168
-0.0098267
-0.047882
-0.082489
-0.12686
-0.15506
-0.13815
-0.091156
-0.026703
0.037964
0.087036
0.094849
0.074982
0.054932
0.039459
0.017883
-0.018341
-0.05188
-0.078278
-0.088776
-0.072632
-0.029449
0.014618
0.032654
0.032349
0.020569
0.010101
0.0020447
0.0014648
6.1035e-05
-0.01239
-0.030304
-0.036285
-0.037292
-0.041565
-0.030273
-0.011719
0.0065002
0.030518
0.056305
0.062866
0.066772
0.066223
0.05246
0.032104
0.0090942
-0.014221
-0.032715
-0.032013
-0.016876
0.0030518
0.011444
0.014679
0.013428
0.0057373
0.0011902
0.0045776
0.0075378
-0.0031433
-0.013702
-0.016418
-0.011566
-0.012268
-0.010162
-0.0018311
0.0066528
0.011261
0.0075378
0.0015259
-0.014954
-0.042419
-0.065308
-0.066772
-0.13483
-0.22501
-0.19797
-0.098022
0.021027
0.14273
0.24197
0.24411
0.20047
0.15924
0.13278
0.086792
0.0079956
-0.05069
-0.11041
-0.14404
-0.13004
-0.054291
0.022552
0.072327
0.10641
0.12189
0.10526
0.0578
0.018005
-0.03009
-0.08847
-0.15097
-0.17252
-0.1499
-0.10535
-0.043335
0.023468
0.071655
0.083801
0.084991
0.080353
0.065399
0.033936
-0.0029297
-0.035187
-0.066742
-0.083038
-0.072601
-0.042725
-0.011688
0.0080261
0.023041
0.031097
0.032532
0.031189
0.027893
0.012421
-0.0056763
-0.029602
-0.054321
-0.055725
-0.03653
-0.011597
0.013367
0.025482
0.016937
0.01767
0.033722
0.046783
0.044159
0.029602
0.0061646
-0.01828
-0.026215
-0.0085449
0.014465
0.018585
0.0065918
-0.004303
-0.0024719
-0.0021667
0.0031128
0.010254
0.0094604
0.0022583
-0.0038147
-0.0031128
0.0021973
0.0048218
0.004425
0.0005188
-0.01001
-0.014191
-0.0082703
0.0022888
-0.0042114
-0.030914
-0.051758
-0.097198
-0.2186
-0.24771
-0.15976
-0.038635
0.07843
0.20801
0.258
0.23416
0.19748
0.17047
0.12912
0.038971
-0.039825
-0.089294
-0.12323
-0.13232
-0.083679
-0.010406
0.030182
0.056427
0.080109
0.090332
0.058044
0.026611
0.0027771
-0.037933
-0.094666
-0.13342
-0.1207
-0.094727
-0.060211
-0.025421
0.016174
0.029907
0.032166
0.044067
0.059113
0.051361
0.027954
0.010132
-0.0097351
-0.029968
-0.037811
-0.022247
-0.0099487
-0.012207
-0.016357
-0.0097046
-0.0043335
-0.0048218
0.0066528
0.024109
0.020172
0.00018311
-0.0032959
-0.0043335
-0.015869
-0.016052
-0.0034485
-0.002594
-0.0090637
0.0011902
0.0242
0.038177
0.03894
0.035278
0.019104
-0.010468
-0.029388
-0.022949
-0.0084229
-0.0011902
0.0047607
0.0061951
0.0019836
-0.0036011
-0.00015259
0.0083923
0.011017
0.0046997
0.0028076
0.0083313
0.01297
0.012695
0.015472
0.01532
0.0076599
-0.0032043
-0.023315
-0.034943
-0.037659
-0.03241
-0.063385
-0.19199
-0.26559
-0.20981
-0.098114
0.019409
0.17569
0.23911
0.21765
0.20215
0.2092
0.19464
0.12277
0.030273
-0.054352
-0.12204
-0.15729
-0.10919
-0.030151
0.0099182
0.035706
0.058502
0.076752
0.065674
0.05188
0.030487
-0.0070496
-0.079163
-0.13916
-0.14667
-0.12363
-0.088867
-0.045135
-0.0007019
0.011108
0.013031
0.031647
0.059143
0.064362
0.047729
0.031647
0.0050964
-0.030182
-0.048767
-0.040649
-0.028778
-0.017731
-0.009613
0.0013733
0.015167
0.023041
0.025757
0.031067
0.025482
0.0084839
-0.0020752
9.1553e-05
0.0023499
0.00177
0.0074463
0.0058899
-0.0052795
-0.0087585
0.0033875
0.014954
0.014954
0.016235
0.017059
0.0052185
-0.0097961
-0.0088806
-0.0079346
-0.015259
-0.022888
-0.027802
-0.027252
-0.020416
-0.010712
-0.0039978
0.0022278
0.01355
0.019135
0.022614
0.029785
0.03598
0.032043
0.025055
0.012756
-0.006134
-0.022644
-0.015686
-0.065857
-0.22217
-0.29141
-0.20703
-0.10449
-0.0047302
0.13528
0.18323
0.17191
0.20065
0.24445
0.23801
0.1604
0.04245
-0.047455
-0.093933
-0.12363
-0.086304
-0.02771
-0.025574
-0.025848
0.020721
0.069366
0.087738
0.092377
0.062317
0.0072021
-0.067322
-0.11896
-0.1189
-0.10095
-0.098938
-0.08667
-0.055511
-0.033691
-0.0074158
0.029816
0.060791
0.064819
0.048065
0.025299
0.0093689
-0.0027771
-0.011932
-0.015228
-0.022369
-0.037048
-0.046814
-0.040558
-0.021729
-0.0042419
0.012909
0.029938
0.038971
0.036987
0.036682
0.033966
0.028839
0.020355
0.0091248
-0.0018616
-0.0077209
-0.0084229
-0.0018311
0.0066833
0.01297
0.016113
0.01532
0.0082092
-0.0022888
-0.0055237
-0.0044556
-0.0096741
-0.017456
-0.022827
-0.027618
-0.031799
-0.02832
-0.021484
-0.011414
-0.0010681
0.0042114
0.0088806
0.017273
0.02655
0.030304
0.030548
0.022247
0.011719
0.022552
-0.018005
-0.16885
-0.26077
-0.18869
-0.087891
-0.026184
0.067627
0.10587
0.089844
0.13516
0.22861
0.24048
0.17889
0.084961
-0.0016479
-0.027557
-0.021271
-0.030121
-0.044891
-0.063629
-0.086456
-0.059052
0.013977
0.044159
0.027863
0.0080566
-0.0014954
-0.012054
-0.0013733
0.0089417
-0.0081177
-0.05249
-0.092316
-0.10077
-0.077759
-0.050964
-0.032349
-0.010437
0.011993
0.023285
0.036743
0.057526
0.056396
0.028748
0.0049133
-0.0033264
-0.011963
-0.021057
-0.024353
-0.029602
-0.034882
-0.030334
-0.010681
0.0090332
0.018982
0.017395
0.020966
0.030975
0.036835
0.034637
0.025787
0.006897
-0.011139
-0.0112
0.00057983
0.0085449
0.007019
-0.00024414
-0.0068665
-0.0061646
-0.0032349
-0.00057983
0.0016479
-0.0088501
-0.020782
-0.020111
-0.0098877
-0.012695
-0.019928
-0.019043
-0.018219
-0.015228
-0.0024719
0.018585
0.033234
0.035034
0.029694
0.02713
0.024048
0.012909
0.0036926
-0.0016174
-0.019257
-0.054688
-0.069214
-0.042725
-0.0085144
0.010498
0.014679
0.009613
0.0013123
0.0097961
0.028015
0.031921
0.017792
0.0064392
0.012268
0.028198
0.044159
0.044067
0.031738
0.022064
0.020538
0.015717
0.0053406
-0.0039368
-0.014282
-0.028412
-0.040955
-0.041534
-0.030579
-0.016937
-0.0090942
-0.0073853
-0.0067749
-0.0094604
-0.012115
-0.013947
-0.010864
-0.0077515
-0.010406
-0.016876
-0.02179
-0.018188
-0.0091553
0.0090942
0.022491
0.022247
0.013184
0.0056152
0.0027771
0.0059509
0.011475
0.0075684
-0.0060425
-0.020355
-0.021149
-0.012115
-0.0021973
0.0061951
0.012817
0.01413
0.014679
0.020691
0.028168
0.026825
0.0098267
-0.009613
-0.023651
-0.027802
-0.02066
-0.007843
0.0012207
0.0074158
0.0092773
0.0068665
0.0028687
-0.0032959
-0.0051575
-0.0033569
-0.0024109
-0.0069885
-0.01062
-0.0098267
-0.0085449
-0.0037842
0.0050354
0.012665
0.015411
0.015045
0.010437
0.0071411
0.0087891
0.0096741
0.0079346
-0.00094604
-0.012238
-0.020416
-0.02124
-0.015778
-0.0062256
0.0035095
0.0084229
0.011993
0.013885
