-0.00027466
0.00094604
0.00012207
-0.001709
-0.0038147
0.0064392
-0.0097351
-0.0010376
0.017609
-0.0097961
0.0037842
0.0047607
0.0022888
-0.0072327
0.0077515
0.0011292
-0.0065918
-0.0013123
0.0024414
-0.0053406
-0.0036926
0.001709
-0.0040894
-0.0021057
0.00027466
0.00079346
0.0012512
0.00064087
0.0021057
0.00030518
0.005188
0.0010071
0.00085449
-0.00067139
0.00076294
0.0028992
0.0030518
0.00076294
-0.0031433
-0.00082397
-0.00015259
-0.0039673
-0.0054932
-0.0063782
-0.027374
-0.020294
0.016693
0.010864
-0.020325
0.021118
0.029999
0.021271
0.027771
0.032715
0.0059509
-0.0031433
0.0011902
-0.0074158
-0.02356
-0.028687
-0.031616
-0.023376
-0.019684
-0.015472
-0.010498
-0.0031128
-0.0049744
0.0069275
0.013428
0.012848
0.0062561
0.012238
0.012207
0.010773
0.010223
0.0079956
-0.00030518
0.0024414
0.0013123
-0.0016479
-0.0025635
-6.1035e-05
-0.0066223
-0.0072327
0.0050964
-0.0012512
-0.002594
0.0016174
0.003479
-0.0038757
0.002533
-0.0075378
-0.0096436
-0.0048828
-0.02832
-0.022308
-0.012451
0.012085
0.016113
0.035919
0.050476
0.040161
0.049377
0.040222
0.018372
-0.010376
-0.016418
-0.032532
-0.039581
-0.039032
-0.037781
-0.042023
-0.034302
-0.0080261
-0.010468
0.0036011
-0.0016174
-6.1035e-05
0.024536
0.023163
0.017853
0.018402
0.015411
0.001709
0.012848
0.0038452
-0.01474
-0.011169
-0.0093079
-0.0092468
0.00018311
0.0058899
-0.0025635
0.0055237
0.0072327
0.0073853
0.010254
0.0010376
-0.0050354
-0.0023193
-0.0035706
-0.0033569
-0.0047607
-0.0053406
-0.0028381
-0.0031433
-0.0048218
-0.0098572
-0.018829
-0.023071
-0.029449
-0.028931
-0.025116
-0.017578
-0.013397
0.00057983
0.018188
0.032654
0.042328
0.052979
0.055237
0.052734
0.049072
0.037842
0.026123
0.011353
-0.0047607
-0.017944
-0.028656
-0.032806
-0.035004
-0.035004
-0.026886
-0.018188
-0.0056458
0.0035706
0.011963
0.017914
0.018188
0.016235
0.008606
0.0018921
-0.0075684
-0.015442
-0.020691
-0.021606
-0.018433
-0.015656
-0.010956
-0.0042419
0.0042725
0.0097046
0.013458
0.01474
0.01358
0.010803
0.0098877
0.0066528
-0.00073242
-0.0055542
-0.0080261
-0.011658
-0.0085449
-0.0039368
-0.005249
-0.0059814
-0.0042114
-0.0015869
0.0037842
0.0087891
0.011505
0.0087891
0.00177
-0.0046692
-0.0038757
-0.018097
-0.041718
-0.080566
-0.15918
-0.17419
-0.13895
-0.086548
-0.022278
0.055786
0.089813
0.13293
0.20123
0.25394
0.24777
0.20267
0.13718
0.048859
-0.015289
-0.05127
-0.08847
-0.13605
-0.16086
-0.14941
-0.11093
-0.046448
0.025726
0.069611
0.076691
0.078247
0.076477
0.062927
0.037109
-0.00027466
-0.054626
-0.10712
-0.13205
-0.12793
-0.1073
-0.073547
-0.03476
-0.0021362
0.027374
0.067902
0.10175
0.10733
0.094604
0.06543
0.019196
-0.018616
-0.044159
-0.062286
-0.078918
-0.085236
-0.07431
-0.054932
-0.022461
0.019287
0.053864
0.06958
0.075073
0.072388
0.062042
0.039612
0.013367
-0.0112
-0.084259
-0.12601
-0.10464
-0.043793
0.0035095
0.063049
0.083191
0.068726
0.082642
0.1076
0.098022
0.029572
-0.021484
-0.064178
-0.073151
-0.050507
-0.0079651
-0.0062866
-0.027466
-0.017303
0.0066528
0.031342
0.033936
0.031982
0.0016174
-0.016266
-0.018829
-0.016663
-0.03653
-0.065582
-0.075623
-0.099091
-0.10303
-0.12628
-0.17932
-0.17746
-0.10495
0.00018311
0.096741
0.1976
0.22781
0.23663
0.2457
0.24738
0.19769
0.10568
0.0098267
-0.090088
-0.15323
-0.16486
-0.13602
-0.1138
-0.07666
-0.020477
0.040955
0.097198
0.13693
0.14548
0.1011
0.037537
-0.032928
-0.088531
-0.12668
-0.14206
-0.14432
-0.1394
-0.11282
-0.061981
0.0046997
0.066467
0.11618
0.13602
0.1235
0.089905
0.048035
0.0017395
-0.038971
-0.076355
-0.10474
-0.11862
-0.10715
-0.071838
-0.020355
0.033203
0.070312
0.08902
0.088654
0.077057
0.052979
0.023621
-0.0075378
-0.038269
-0.06369
-0.072327
-0.063812
-0.042542
-0.017731
0.0092163
0.027405
0.033112
0.025604
0.018799
0.0071411
-0.022583
-0.032959
-0.01123
0.01178
0.023956
0.048462
0.05542
0.048065
0.045624
0.052002
0.033264
0.0018005
-0.011108
-0.0063782
0.0032043
0.013397
0.022339
0.0070496
-0.014618
-0.02475
-0.023163
-0.024414
-0.028259
-0.03363
-0.035522
-0.031219
-0.0089417
0.013763
0.0045776
-0.023193
-0.046722
-0.064728
-0.088989
-0.093872
-0.17136
-0.2103
-0.16199
-0.047333
0.07132
0.19632
0.26114
0.2424
0.23026
0.21878
0.18088
0.087677
-0.0024109
-0.098175
-0.17105
-0.17853
-0.12482
-0.052704
-0.0045471
0.053375
0.098877
0.12369
0.12497
0.11166
0.058197
-0.026886
-0.10452
-0.15948
-0.17853
-0.16455
-0.1174
-0.068573
-0.021667
0.028503
0.076355
0.11191
0.12494
0.11255
0.068573
0.0036621
-0.054626
-0.090454
-0.10226
-0.094971
-0.071075
-0.044708
-0.016632
0.021759
0.062592
0.084473
0.08548
0.064331
0.026642
-0.015289
-0.042236
-0.054352
-0.057587
-0.04953
-0.035034
-0.015686
-3.0518e-05
0.023102
0.042725
0.052673
0.048218
0.017914
-0.019012
-0.049164
-0.036163
-0.0021362
0.0401
0.057648
0.054596
0.039612
0.028748
0.029236
0.016754
-0.0064392
-0.038177
-0.044678
-0.028229
0.011536
0.044403
0.050598
0.033539
0.0067139
-0.0091553
-0.021912
-0.031281
-0.047058
-0.053314
-0.049164
-0.031494
-0.0055847
0.022003
0.038269
0.033539
0.018524
-0.015045
-0.049683
-0.082184
-0.094696
-0.11456
-0.19815
-0.20526
-0.13373
-0.010193
0.1127
0.23325
0.27277
0.22409
0.19116
0.15286
0.10422
0.025421
-0.043793
-0.11139
-0.16187
-0.1423
-0.071014
0.013367
0.068542
0.11148
0.12375
0.11145
0.083588
0.047516
-0.0089722
-0.078705
-0.13095
-0.16617
-0.15631
-0.10895
-0.040314
0.021301
0.063568
0.085876
0.083557
0.073395
0.055511
0.03125
-0.0085449
-0.05246
-0.089874
-0.10522
-0.088135
-0.050415
-0.0091248
0.016174
0.028839
0.031189
0.029755
0.027344
0.019104
0.00079346
-0.025513
-0.044678
-0.048004
-0.040253
-0.022217
-0.0027466
0.0084839
0.014648
0.017029
0.019623
0.027466
0.025024
-0.0091248
-0.022614
0.0029907
0.040375
0.063202
0.078064
0.065735
0.033356
0.015656
0.0097961
-0.01001
-0.038727
-0.05011
-0.042664
-0.014404
0.023071
0.054718
0.058044
0.035889
0.012329
-0.0061951
-0.018829
-0.032745
-0.042938
-0.056427
-0.058868
-0.04129
-0.010193
0.017151
0.026398
0.025238
0.013702
-0.0093994
-0.036713
-0.073151
-0.091522
-0.14673
-0.22159
-0.1861
-0.079193
0.049957
0.16821
0.26321
0.2551
0.20392
0.16721
0.12183
0.064789
-0.016418
-0.083344
-0.1438
-0.14917
-0.1011
-0.019043
0.05365
0.096313
0.11618
0.10147
0.083618
0.050232
0.011078
-0.049011
-0.10007
-0.1434
-0.15668
-0.12341
-0.068665
-0.0075073
0.032227
0.062164
0.07016
0.063324
0.05014
0.033569
0.0067139
-0.028137
-0.051697
-0.062103
-0.059601
-0.044922
-0.016541
0.0063171
0.015503
0.01651
0.012329
0.0071106
-0.00036621
-0.0075073
-0.015259
-0.015869
-0.01413
-0.0075073
-9.1553e-05
0.0036621
0.0059509
0.004364
-0.0068665
-0.02063
-0.03067
-0.062012
-0.050964
0.012421
0.079346
0.10974
0.11932
0.091614
0.041412
0.020569
0.012482
-0.004364
-0.044281
-0.063538
-0.055817
-0.022217
0.021362
0.05838
0.060638
0.027557
0.0014343
-0.0057983
-0.0030518
-0.014191
-0.026276
-0.040466
-0.050629
-0.04953
-0.030426
-6.1035e-05
0.020782
0.030792
0.02356
0.005127
-0.029236
-0.059052
-0.07309
-0.081207
-0.16791
-0.23059
-0.18167
-0.07196
0.059662
0.19775
0.28177
0.25504
0.19406
0.14435
0.10214
0.042816
-0.021912
-0.07486
-0.12964
-0.14243
-0.098419
-0.0088196
0.07016
0.11972
0.13046
0.10669
0.061096
0.0098877
-0.019806
-0.05191
-0.085968
-0.12192
-0.12869
-0.10202
-0.05423
0.0042725
0.048615
0.066772
0.050812
0.030945
0.014404
0.0010681
-0.016235
-0.037659
-0.051971
-0.062256
-0.054565
-0.029205
0.0026855
0.024628
0.030945
0.023529
0.0086975
-0.0014954
-0.0087585
-0.01358
-0.016296
-0.016785
-0.016113
-0.011627
0.0014954
0.0084839
-0.0027466
-0.016846
-0.02533
-0.017883
0.011322
0.044678
0.06543
0.067291
0.058167
0.039032
0.02301
0.0098572
-0.0029602
-0.018799
-0.028442
-0.025543
-0.01178
0.0062561
0.012665
0.018463
0.01825
0.021179
0.019073
0.011566
-0.0027771
-0.013855
-0.01358
-0.018829
-0.017456
-0.02063
-0.024902
-0.026245
-0.0083008
0.0083618
0.013
0.0031128
-0.026672
-0.059113
-0.070343
-0.096466
-0.19403
-0.21173
-0.14331
-0.030365
0.095032
0.2291
0.27618
0.23648
0.18283
0.13544
0.093872
0.023651
-0.039154
-0.098236
-0.13538
-0.13788
-0.079102
0.012848
0.081665
0.11954
0.12302
0.099915
0.041107
-0.0097656
-0.047668
-0.082214
-0.12665
-0.15485
-0.13809
-0.091187
-0.026703
0.037872
0.086914
0.094757
0.074921
0.05484
0.039246
0.017578
-0.018555
-0.05188
-0.078217
-0.088745
-0.072601
-0.029449
0.014679
0.032837
0.032501
0.02066
0.010254
0.0022278
0.0015564
0.00021362
-0.012299
-0.030304
-0.036316
-0.037384
-0.041656
-0.030273
-0.011658
0.0064392
0.030396
0.056274
0.062866
0.066772
0.066162
0.05246
0.032135
0.0090942
-0.014221
-0.032837
-0.032227
-0.016968
0.0030518
0.011414
0.014709
0.01355
0.0058594
0.0011902
0.0045166
0.0075378
-0.0029907
-0.013458
-0.016296
-0.011658
-0.01239
-0.010223
-0.0018005
0.0067139
0.011169
0.0073853
0.0014954
-0.015015
-0.042511
-0.065277
-0.066711
-0.13489
-0.22513
-0.19803
-0.098083
0.020935
0.14276
0.242
0.24405
0.20038
0.15915
0.13275
0.086792
0.0079956
-0.050659
-0.11035
-0.14401
-0.13004
-0.054352
0.022491
0.072296
0.10635
0.12186
0.10526
0.057831
0.018036
-0.030182
-0.088562
-0.15091
-0.17252
-0.15005
-0.10538
-0.043243
0.023468
0.071503
0.083771
0.085114
0.080444
0.065491
0.033997
-0.0029602
-0.035126
-0.066589
-0.082977
-0.072601
-0.042786
-0.01181
0.0079041
0.022949
0.031036
0.032562
0.031311
0.027893
0.01239
-0.0055542
-0.029449
-0.054138
-0.055725
-0.036804
-0.011841
0.013397
0.025665
0.017059
0.017578
0.0336
0.046814
0.044281
0.029724
0.0062256
-0.018402
-0.026276
-0.0084534
0.014587
0.018646
0.0068054
-0.0040588
-0.0023193
-0.0021362
0.0032043
0.010284
0.009491
0.0023499
-0.0037537
-0.0031433
0.0021362
0.0047913
0.004425
0.00045776
-0.01001
-0.014099
-0.0082397
0.0022278
-0.0042725
-0.031006
-0.051788
-0.097198
-0.21854
-0.24762
-0.15961
-0.038544
0.078522
0.20804
0.2579
0.23404
0.19748
0.17059
0.12927
0.039032
-0.039795
-0.089233
-0.12326
-0.13235
-0.083618
-0.010223
0.030396
0.056519
0.0802
0.090454
0.058136
0.026672
0.0028687
-0.037903
-0.094696
-0.13345
-0.12088
-0.095032
-0.060364
-0.025452
0.016235
0.030121
0.032471
0.044342
0.059357
0.051483
0.027954
0.010101
-0.0097656
-0.03006
-0.037872
-0.022369
-0.010254
-0.012482
-0.01651
-0.0097656
-0.004364
-0.0048218
0.0065918
0.024078
0.020325
0.00033569
-0.003418
-0.004425
-0.015717
-0.01593
-0.0034485
-0.0026245
-0.0091553
0.0011292
0.024323
0.038422
0.039185
0.035522
0.019379
-0.010223
-0.029175
-0.022736
-0.0082397
-0.0012207
0.0046082
0.0061951
0.0020447
-0.0035095
3.0518e-05
0.0084534
0.010986
0.0046692
0.0027466
0.0082397
0.012817
0.012604
0.015472
0.015228
0.0074768
-0.0032959
-0.023315
-0.034912
-0.037567
-0.032288
-0.063324
-0.19199
-0.26562
-0.20978
-0.097931
0.019592
0.1759
0.23935
0.21783
0.20224
0.20932
0.19479
0.12286
0.030396
-0.054138
-0.12183
-0.15707
-0.10895
-0.029877
0.010132
0.035889
0.058716
0.076874
0.065613
0.051697
0.030273
-0.0072632
-0.079285
-0.13928
-0.14679
-0.12369
-0.088806
-0.045074
-0.00064087
0.011047
0.012939
0.031616
0.059174
0.064392
0.047791
0.031677
0.0050354
-0.030273
-0.04895
-0.040863
-0.028809
-0.017609
-0.009491
0.0015564
0.01532
0.023071
0.025848
0.031219
0.025604
0.0084534
-0.0022278
-3.0518e-05
0.0023499
0.0018616
0.0075684
0.006012
-0.0052795
-0.0087585
0.003418
0.015137
0.015289
0.016541
0.017151
0.005188
-0.0097961
-0.0088806
-0.0079651
-0.015289
-0.022949
-0.027954
-0.027466
-0.020538
-0.010712
-0.0039978
0.0022583
0.013519
0.019012
0.022583
0.029846
0.036072
0.032227
0.025299
0.012909
-0.0061951
-0.022858
-0.015869
-0.065857
-0.22214
-0.29144
-0.20697
-0.1044
-0.0047607
0.13516
0.18311
0.17175
0.20053
0.24445
0.23807
0.16049
0.042633
-0.047272
-0.093872
-0.12363
-0.086304
-0.02774
-0.025665
-0.025818
0.020782
0.069366
0.087646
0.092285
0.062195
0.007019
-0.067474
-0.11887
-0.11871
-0.10089
-0.098999
-0.086731
-0.055756
-0.033997
-0.0075989
0.029846
0.060699
0.064697
0.048096
0.02536
0.0093994
-0.0028076
-0.012024
-0.015381
-0.022491
-0.037109
-0.046814
-0.040466
-0.021667
-0.004303
0.012817
0.029846
0.03891
0.036896
0.036621
0.033997
0.028717
0.020172
0.0091553
-0.0018311
-0.0079346
-0.0085754
-0.0018311
0.0067444
0.013031
0.016144
0.015259
0.0080872
-0.0022583
-0.0053406
-0.004303
-0.0097351
-0.017548
-0.022675
-0.027435
-0.031799
-0.028442
-0.021606
-0.011505
-0.0010986
0.0042114
0.0089417
0.017365
0.026611
0.030304
0.030518
0.022125
0.011627
0.022583
-0.017914
-0.16879
-0.2608
-0.18875
-0.087891
-0.026306
0.067352
0.10571
0.089844
0.1351
0.22855
0.24054
0.17905
0.085114
-0.0015564
-0.027344
-0.021057
-0.030121
-0.045044
-0.063721
-0.086334
-0.058807
0.01413
0.044159
0.027924
0.0081177
-0.0015869
-0.012085
-0.0011292
0.0093079
-0.0078735
-0.052277
-0.092041
-0.10046
-0.077606
-0.050903
-0.03244
-0.010651
0.01178
0.023193
0.036682
0.057495
0.056396
0.028778
0.0048828
-0.0034485
-0.012024
-0.021088
-0.024292
-0.029419
-0.034637
-0.03009
-0.010529
0.0091553
0.019012
0.017426
0.020905
0.030823
0.036804
0.034668
0.025757
0.0067444
-0.01123
-0.011139
0.00061035
0.0085754
0.0071411
-0.00012207
-0.0068054
-0.0062256
-0.0033264
-0.00054932
0.001709
-0.0087891
-0.020752
-0.020172
-0.01001
-0.012909
-0.020172
-0.019226
-0.01825
-0.015289
-0.0027161
0.018341
0.033234
0.035034
0.029663
0.027191
0.023956
0.012634
0.0033569
-0.0018005
-0.019257
-0.054749
-0.069397
-0.042999
-0.008728
0.010529
0.014832
0.0097961
0.0014038
0.0096741
0.027771
0.031769
0.017731
0.0063782
0.012238
0.02832
0.044312
0.044159
0.031647
0.021851
0.020325
0.015625
0.0054321
-0.0037842
-0.014313
-0.028687
-0.041138
-0.041595
-0.03064
-0.01709
-0.0092163
-0.0075378
-0.006958
-0.0094299
-0.012024
-0.013855
-0.010895
-0.0078735
-0.010345
-0.016632
-0.021667
-0.018127
-0.0089417
0.0091858
0.022522
0.022491
0.013489
0.0058289
0.0028992
0.0060425
0.011566
0.0078125
-0.0057678
-0.020081
-0.020874
-0.011963
-0.0021667
0.0062866
0.01297
0.014252
0.014709
0.02066
0.028137
0.026764
0.0098267
-0.0095215
-0.023468
-0.027679
-0.02066
-0.0078735
0.0011597
0.0073547
0.0092163
0.0067444
0.0028992
-0.0032043
-0.0052185
-0.003479
-0.0023193
-0.0067749
-0.010529
-0.0099182
-0.008606
-0.0037537
0.0050354
0.012665
0.015472
0.015045
0.010437
0.0070801
0.0088196
0.0097351
0.0079041
-0.00097656
-0.012177
-0.020264
-0.021057
-0.015808
-0.0064087
0.0034485
0.0084534
0.012024
0.014008
