-0.00091553
0.0015259
0.00045776
0.00076294
0.00048828
-0.0023804
0.0015564
-0.0041199
-0.00094604
0.00048828
-0.0026855
0
0.00061035
-0.00094604
0.0021973
0.0023193
0.0065308
-0.0046692
0.0028076
-0.00085449
-0.019531
-0.0029602
0.0048828
-0.018494
0.0052185
0.010895
0.0050659
0.018494
0.021515
0.011627
0.014557
-0.0054321
-0.012207
-0.0012512
-0.023987
-0.022186
-0.0036621
-0.018463
-0.0061951
0.008728
0.0025024
0.0071106
0.011261
0.00085449
0.0086365
0.0024719
-0.00082397
-0.0063477
0.00079346
-0.010406
-0.0043945
0.0031738
-0.00027466
0.00091553
0.0075073
-0.00018311
0.0052795
0.0032043
-0.0018005
0.0015259
0.0036621
-0.0010681
0.00097656
0.006073
0.0021667
0.0018311
0.0047913
0.0040588
0.0023193
0.0018005
0.00061035
-0.0018921
-0.0034485
-0.0028076
-0.0036926
-0.0046692
-0.0014038
-0.0028381
9.1553e-05
0.0056152
0.0037842
0.0044861
0.0076599
0.0041199
0.0042725
0.0019836
-0.0022278
-0.00061035
-0.0038147
-0.012085
-0.010406
-0.0099182
-0.017334
-0.0072021
-0.0040894
-0.0059509
0.0040588
0.0057068
-0.00033569
-0.012634
-0.053894
-0.074677
-0.072205
-0.074432
-0.055206
-0.021332
-0.011383
0.021149
0.077606
0.11438
0.13318
0.14343
0.1203
0.096893
0.087799
0.057526
0.015259
-0.027283
-0.07135
-0.094971
-0.088379
-0.07959
-0.072937
-0.060547
-0.04126
-0.015564
0.017578
0.042755
0.047546
0.037598
0.029083
0.019104
0.0032349
-0.0090637
-0.029053
-0.050964
-0.056824
-0.048889
-0.039185
-0.024902
-0.007843
0.00036621
0.012146
0.02948
0.033905
0.027069
0.022552
0.012238
0.0066528
0.0031433
-0.0034485
-0.012085
-0.013489
-0.0089722
-0.0017395
0.0059509
0.01059
0.012909
0.019012
0.028534
0.032379
0.032501
0.026367
0.019012
0.012421
0.0089111
-0.00094604
-0.01709
-0.025421
-0.026947
-0.025909
-0.02298
-0.020691
-0.021271
-0.017273
-0.010712
-0.0052795
-0.0035095
-0.01178
-0.01944
-0.026367
-0.05957
-0.17966
-0.19061
-0.16016
-0.12173
-0.026703
0.08548
0.084198
0.13657
0.24796
0.28854
0.28024
0.2457
0.14996
0.032898
0.0039978
-0.035889
-0.10837
-0.15933
-0.18567
-0.1835
-0.11462
-0.010925
0.042236
0.062805
0.08075
0.086548
0.07608
0.078857
0.046204
-0.034576
-0.098755
-0.13049
-0.14459
-0.13531
-0.10385
-0.082703
-0.054871
0.0047607
0.066925
0.10419
0.1218
0.11887
0.08728
0.056091
0.026855
-0.010529
-0.05188
-0.083221
-0.10086
-0.10345
-0.075745
-0.042236
-0.013184
0.01062
0.031372
0.051788
0.074005
0.080627
0.072083
0.05545
0.025818
0.0023499
-0.0079041
-0.018433
-0.029816
-0.032135
-0.030487
-0.024048
-0.0028076
0.013367
0.022858
0.028229
0.031433
0.026245
0.023254
0.015594
-0.0027161
-0.017181
-0.025085
-0.033447
-0.036682
-0.034088
-0.025208
-0.013123
0.0010681
0.011627
0.012512
0.015167
0.012329
-0.014587
-0.029999
-0.1557
-0.25229
-0.20291
-0.15115
-0.077911
0.062897
0.13821
0.14038
0.23758
0.32928
0.31577
0.24646
0.16513
0.032898
-0.070557
-0.087494
-0.12686
-0.17896
-0.19818
-0.16467
-0.10672
-0.0069885
0.092316
0.12616
0.11444
0.10223
0.07901
0.039642
0.011658
-0.043701
-0.12201
-0.17438
-0.16721
-0.13608
-0.091187
-0.032349
0.0098572
0.044098
0.087982
0.12851
0.13638
0.11777
0.071838
0.011505
-0.036407
-0.065704
-0.08606
-0.10397
-0.10861
-0.09613
-0.05896
-0.010498
0.032898
0.061279
0.071198
0.063171
0.05127
0.039856
0.018005
0.00057983
-0.014618
-0.02951
-0.027496
-0.011505
0.0016479
0.012421
0.021942
0.025757
0.025513
0.02597
0.023254
0.016052
0.01416
0.0083923
-0.00085449
-0.0030518
-0.0075378
-0.011963
-0.011993
-0.010803
-0.0083008
-0.011383
-0.011719
0.0041504
0.021057
0.023926
0.02063
0.011963
-0.016937
-0.030121
-0.055511
-0.076843
-0.18658
-0.29907
-0.24637
-0.16531
-0.068817
0.085449
0.19034
0.19193
0.25644
0.34155
0.33447
0.25168
0.14597
0.019104
-0.10406
-0.134
-0.14291
-0.16769
-0.18396
-0.14279
-0.070404
0.025726
0.12332
0.16537
0.14526
0.10269
0.061066
0.0081482
-0.032654
-0.083282
-0.1452
-0.18985
-0.18332
-0.14108
-0.080872
-0.0063782
0.047729
0.084106
0.1073
0.12521
0.12347
0.09552
0.047058
-0.013458
-0.068359
-0.1066
-0.11749
-0.1113
-0.08667
-0.053619
-0.016022
0.023682
0.060486
0.085388
0.095886
0.077454
0.039978
0.0012512
-0.03183
-0.041412
-0.027069
-0.021454
-0.014496
0.0053711
0.023712
0.044342
0.061981
0.054901
0.029297
0.0081482
-0.0030823
-0.0047302
-0.0040894
-0.0053406
-0.014648
-0.024261
-0.024139
-0.014923
-0.01181
-0.015381
-0.019226
-0.017944
-0.0057678
0.017151
0.036285
0.039429
0.01825
0.0007019
-0.0112
-0.032074
-0.06601
-0.078094
-0.20746
-0.32764
-0.2464
-0.13626
-0.033447
0.12445
0.2327
0.22394
0.26407
0.34399
0.33539
0.22891
0.10437
-0.012268
-0.13803
-0.17758
-0.15881
-0.14777
-0.16003
-0.11798
-0.027802
0.060638
0.1373
0.17651
0.14722
0.079681
0.02121
-0.033722
-0.073151
-0.11087
-0.14661
-0.17789
-0.17691
-0.12378
-0.047913
0.029388
0.083771
0.10785
0.10507
0.09903
0.097107
0.071564
0.023529
-0.035492
-0.089722
-0.1225
-0.11508
-0.083313
-0.049377
-0.016937
0.014801
0.044586
0.065338
0.085144
0.087708
0.062988
0.028351
-0.021454
-0.083832
-0.070862
-0.018036
-0.0031128
0.014954
0.046082
0.039093
0.032654
0.06015
0.061371
0.013
-0.036896
-0.045502
-0.033234
-0.011047
0.011414
0.012787
-0.0095215
-0.022247
-0.006897
0.0092773
0.0064087
-0.010376
-0.01886
-0.010956
0.014191
0.035126
0.040375
0.030121
0.0034485
-0.019226
-0.044708
-0.0802
-0.23581
-0.3421
-0.26981
-0.17709
-0.061646
0.11813
0.23523
0.23621
0.2814
0.3526
0.33838
0.22461
0.096252
-0.014709
-0.13342
-0.17905
-0.16254
-0.14056
-0.14569
-0.096954
0.0027161
0.089996
0.14062
0.16934
0.14389
0.067535
-0.0032654
-0.051971
-0.085175
-0.13431
-0.15869
-0.1629
-0.15601
-0.11615
-0.038422
0.037964
0.083496
0.10754
0.10767
0.099609
0.076813
0.052765
0.015106
-0.039124
-0.082123
-0.10464
-0.10208
-0.080841
-0.043304
-0.010132
0.021027
0.04248
0.050171
0.051788
0.047577
0.030487
0.012115
0.010132
0.0040894
0.00082397
0.0039368
0.0038757
0.0011902
0.0067444
0.016754
0.020325
0.017456
0.012085
0.011353
0.0098877
0.013214
0.017029
0.011292
-0.0073547
-0.02005
-0.017212
-0.022552
-0.035156
-0.035767
-0.035126
-0.038818
-0.017761
0.015778
0.027466
0.029816
0.029633
0.017609
0.012024
0.0005188
-0.023926
-0.15573
-0.32819
-0.30057
-0.19611
-0.099396
0.061401
0.20898
0.2092
0.22455
0.31519
0.36121
0.27899
0.14667
0.03952
-0.086456
-0.15588
-0.13892
-0.1033
-0.13324
-0.13696
-0.067841
0.019562
0.087097
0.13919
0.14255
0.070709
-0.010773
-0.054962
-0.05835
-0.074188
-0.10248
-0.13223
-0.13931
-0.11224
-0.048218
0.030243
0.07608
0.087494
0.076355
0.064575
0.055756
0.04126
0.013947
-0.029541
-0.070923
-0.089661
-0.081177
-0.062958
-0.036011
-0.014191
-0.0074158
0.0032043
0.026642
0.041931
0.042603
0.043488
0.038391
0.02771
0.027466
0.035217
0.032837
0.017792
0.0073547
0.0041504
0.0013123
0.0024109
0.011871
0.012482
0.0021362
-0.00354
-0.00045776
0.004364
0.0033569
0.003418
-0.0098572
-0.032104
-0.039032
-0.040863
-0.043945
-0.028534
-0.0085754
-0.011993
-0.0088501
0.012756
0.025421
0.024414
0.031891
0.023712
-0.1116
-0.30594
-0.29312
-0.18637
-0.11087
0.023193
0.18073
0.1922
0.19751
0.29556
0.35895
0.28397
0.14331
0.036865
-0.074402
-0.15475
-0.14447
-0.088593
-0.10217
-0.11438
-0.046021
0.047272
0.10001
0.13248
0.14056
0.075348
-0.023041
-0.087097
-0.10001
-0.11133
-0.13113
-0.13623
-0.12189
-0.097198
-0.04071
0.050507
0.11069
0.11676
0.094147
0.068848
0.042053
0.016052
-0.0065002
-0.045685
-0.089508
-0.11346
-0.091949
-0.049988
-0.013092
0.0064087
0.01474
0.02002
0.027588
0.048218
0.057861
0.046814
0.022949
0.005127
-0.00082397
0.0090027
0.016388
0.009552
0.002594
0.0053711
0.020844
0.038269
0.042297
0.027802
0.009552
-0.0052185
-0.010071
-0.0032349
-0.001709
-0.021423
-0.038025
-0.029297
-0.023224
-0.030212
-0.025421
-0.019104
-0.022949
-0.011719
0.0084839
0.014435
0.012909
0.028809
-0.0049438
-0.20486
-0.3121
-0.22342
-0.14819
-0.068512
0.11917
0.18622
0.15372
0.22702
0.33203
0.33359
0.22018
0.083832
-0.022614
-0.11786
-0.1636
-0.11255
-0.084442
-0.12906
-0.1004
-0.0035095
0.082245
0.13657
0.16443
0.12152
0.030579
-0.057129
-0.076447
-0.065552
-0.092163
-0.12357
-0.13129
-0.12439
-0.091675
-0.011932
0.057098
0.080444
0.067169
0.060303
0.062958
0.052673
0.036194
0.011108
-0.031708
-0.073029
-0.086578
-0.083679
-0.070343
-0.049316
-0.021606
0.0045166
0.02951
0.053589
0.061493
0.057983
0.0495
0.039215
0.02179
0.0057678
-0.0042419
-0.016327
-0.02298
-0.013214
0.0023193
0.01178
0.019379
0.02713
0.030731
0.03125
0.031708
0.029022
0.01358
-0.0070801
-0.022125
-0.032532
-0.035614
-0.039734
-0.044342
-0.042389
-0.03064
-0.018433
0.00018311
0.017731
0.057739
0.021759
-0.19366
-0.27667
-0.16647
-0.1402
-0.1124
0.07312
0.11072
0.068085
0.18964
0.33307
0.32413
0.22046
0.11526
0.052826
-0.010101
-0.080933
-0.05896
-0.07135
-0.17935
-0.16977
-0.034973
0.03244
0.053558
0.092499
0.079315
0.029816
-0.0090332
-0.0064087
-0.0013123
-0.063538
-0.13525
-0.12091
-0.081909
-0.069458
-0.016205
0.037598
0.035553
0.023804
0.042542
0.059692
0.052521
0.024658
0.0034485
-0.012543
-0.039703
-0.05191
-0.035889
-0.035645
-0.042816
-0.026581
-0.0038147
0.0055542
0.016663
0.029999
0.040833
0.053497
0.057678
0.049957
0.024902
-0.0054321
-0.019806
-0.013733
-0.0036316
0.0012207
-0.0057678
-0.021271
-0.019714
-0.0026245
0.011963
0.017151
0.013214
0.0018311
-0.0080566
-0.0053101
0.0076599
0.0082092
-0.017639
-0.04538
-0.052979
-0.043518
-0.02417
0.012726
0.053284
-0.038177
-0.20151
-0.17422
-0.050323
-0.054047
-0.028351
0.061981
0.04187
0.050751
0.18915
0.2742
0.22
0.12082
0.040863
0.043152
0.061096
0.019836
-0.012848
-0.055176
-0.13452
-0.12653
-0.019806
0.011658
-0.018585
-0.032043
-0.026733
-0.010345
0.014923
0.02005
0.016388
-0.015686
-0.074249
-0.07959
-0.03421
-0.026703
-0.043213
-0.031952
-0.017029
-0.0046387
0.022675
0.049042
0.057922
0.043762
0.013336
0.00088501
0.0095215
0.00027466
-0.019714
-0.020081
-0.014618
-0.017456
-0.0072632
0.0057678
6.1035e-05
-0.0073547
-9.1553e-05
0.014496
0.025909
0.0336
0.035248
0.024078
0.0036011
-0.0018616
0.0075989
0.0079346
-0.0069885
-0.022186
-0.027893
-0.031616
-0.033813
-0.028748
-0.018799
-0.013977
-0.0098572
-0.002655
0.014404
0.023773
0.0089722
-0.0062561
-0.011688
-0.014862
-0.015533
-0.0038452
0.011902
0.024231
0.035919
0.042938
0.032379
0.010101
-0.0068359
-0.0063782
0.0064697
0.001709
-0.015411
-0.020569
-0.011108
0.0022278
0.009491
0.0025635
-0.0083008
-0.0090637
0.0023193
0.018402
0.028107
0.026611
0.01651
0.011322
0.016632
0.022644
0.015564
-0.0012207
-0.013397
-0.018433
-0.021515
-0.025543
-0.024261
-0.02005
-0.019043
-0.013397
-0.0062866
-0.0084229
-0.012451
-0.012054
-0.015686
-0.013489
0.002533
0.0159
0.019745
0.016205
0.011353
0.010834
0.0075378
0.0058289
0.0058289
0.0037537
0.0028687
0.0072937
0.0016479
-0.010254
-0.015686
-0.013458
-0.0093384
