-0.0010071
0.0011597
-0.00064087
0.0035095
0.0015869
-0.00054932
0.0071411
0.0021057
0.00042725
0.0063477
0.0015259
-0.00091553
0.0018921
-0.0011292
-0.0027466
-0.0023499
-0.0043945
-0.0071716
-0.0043945
-0.0097961
-0.0040283
-0.0044556
-0.011871
0.0039978
0.0073853
-0.00042725
0.019592
0.014404
0.012909
0.019196
0.012024
0.0077515
0.0010681
-0.011078
-0.0093384
-0.019562
-0.022034
-0.014832
-0.021973
-0.015961
-0.0047913
-0.0041504
0.0030823
0.0088501
0.010803
0.010284
0.015991
0.012878
0.0080261
0.0089417
0.0014038
0.00076294
-0.0043945
-0.010345
-0.0025024
-0.0024109
-0.0020447
0.0049438
0.0089722
0.0070496
0.0070496
0.007019
-0.0041504
-0.0033569
-0.0020447
-0.0065002
-0.0021057
-0.0022278
0.00054932
0.0030518
0.0041809
0.0058594
0.0011902
0.0007019
0.00061035
-0.0027466
-0.00091553
-0.0039368
-0.0060425
-0.0033264
-0.0036621
-0.0023804
-0.00082397
-9.1553e-05
-0.0013123
-0.0016785
-0.00027466
-0.0045166
-0.006012
-0.0030823
-0.0045776
-0.0037537
-0.00064087
-0.00045776
-0.0016174
-0.001709
-0.0037537
-0.017853
-0.03598
-0.042419
-0.046112
-0.041748
-0.021973
-0.0097656
0.0049438
0.031799
0.056946
0.07608
0.088104
0.081787
0.066254
0.054901
0.042847
0.02121
-0.00091553
-0.022949
-0.040558
-0.044861
-0.040466
-0.036987
-0.032104
-0.025513
-0.01825
-0.0054932
0.0083618
0.013428
0.012604
0.0068054
0.00067139
-0.0054626
-0.011536
-0.017273
-0.024872
-0.027496
-0.025299
-0.020294
-0.010559
-0.0019531
0.0027771
0.0091858
0.01239
0.010193
0.013916
0.014008
0.0025024
-0.0010681
-0.0033875
-0.011108
-0.0069275
-0.00067139
-0.0039062
0.0007019
0.0092773
0.01355
0.019226
0.025177
0.021637
0.017273
0.017212
0.013824
0.0083618
0.0061951
-0.00030518
-0.0056458
-0.0044861
-0.0047607
-0.0076904
-0.0075378
-0.0067749
-0.0044556
-0.0025635
-0.006134
-0.011017
-0.011658
-0.0089111
-0.0065308
-0.011169
-0.017975
-0.017334
-0.017761
-0.021484
-0.0177
-0.07135
-0.13553
-0.12015
-0.10208
-0.072845
0.0087585
0.049713
0.059204
0.12766
0.18967
0.20221
0.18945
0.15295
0.070801
0.025818
0.0090332
-0.031708
-0.073608
-0.098419
-0.11215
-0.088928
-0.030792
0.0081177
0.024536
0.033508
0.037781
0.031647
0.035858
0.023438
-0.013367
-0.049591
-0.072632
-0.082672
-0.078613
-0.060547
-0.04892
-0.035583
-0.0088501
0.023071
0.046295
0.063354
0.062134
0.046265
0.030457
0.016754
-0.0035095
-0.024506
-0.042999
-0.056824
-0.056396
-0.043518
-0.028015
-0.0090637
0.010559
0.023834
0.037048
0.047302
0.049561
0.04306
0.030334
0.010864
-0.0083618
-0.018341
-0.023285
-0.028534
-0.029541
-0.033356
-0.035828
-0.018982
0.001709
0.014374
0.030121
0.038208
0.035645
0.035767
0.035095
0.019073
-0.0014954
-0.015167
-0.024353
-0.025757
-0.017395
-0.011108
-0.005127
0.0065613
0.022675
0.031403
0.032532
0.027954
0.015015
0.0040588
0.0014343
-0.0065308
-0.021423
-0.027863
-0.024139
-0.018829
-0.0070801
-0.00177
-0.0075073
-0.010315
-0.0035095
-0.003418
-0.0082092
-0.010162
-0.015442
-0.021332
-0.015228
-0.01767
-0.077637
-0.12256
-0.1127
-0.098114
-0.055664
0.022339
0.057617
0.0737
0.12787
0.1756
0.18018
0.15948
0.11816
0.044739
-0.00088501
-0.016235
-0.037903
-0.063049
-0.073944
-0.071899
-0.045868
0.0049133
0.04425
0.052185
0.042694
0.030884
0.010284
-0.00354
-0.017761
-0.046967
-0.077728
-0.08905
-0.082214
-0.0625
-0.036407
-0.016815
-0.0021057
0.01358
0.034943
0.048737
0.048462
0.03772
0.017517
-0.0063782
-0.02124
-0.032379
-0.042419
-0.045776
-0.0401
-0.028015
-0.010773
0.010254
0.024414
0.032288
0.035309
0.034393
0.027954
0.019867
0.010223
-0.0018005
-0.011047
-0.013947
-0.016998
-0.02121
-0.013031
-0.0061646
0.0029297
0.01889
0.030304
0.031586
0.035767
0.035095
0.023773
0.0093079
-0.00097656
-0.014008
-0.026062
-0.027557
-0.024323
-0.017242
-0.0090637
0.00030518
0.0092163
0.017456
0.022949
0.024445
0.018402
0.0087585
-0.0022583
-0.011627
-0.017914
-0.022064
-0.024384
-0.022797
-0.01593
-0.0045471
0.0057983
0.007782
0.010498
0.0081177
0.00030518
0.00079346
-0.0020142
-0.011444
-0.016113
-0.027283
-0.046356
-0.093109
-0.1174
-0.098389
-0.073395
-0.028809
0.035614
0.068237
0.092194
0.1333
0.16174
0.15396
0.12143
0.075043
0.015778
-0.020508
-0.034821
-0.045074
-0.05191
-0.048889
-0.033478
-0.0031738
0.036499
0.061066
0.057037
0.036255
0.011993
-0.014709
-0.032288
-0.045929
-0.0625
-0.076172
-0.07486
-0.06134
-0.038269
-0.0075684
0.013062
0.023193
0.027252
0.027283
0.023438
0.017456
0.0032654
-0.017975
-0.037262
-0.04599
-0.045349
-0.039734
-0.027954
-0.016815
-0.0072937
0.0056458
0.020325
0.028168
0.028961
0.02359
0.016754
0.010193
0.0016479
-0.008728
-0.019653
-0.025024
-0.014954
0.0048523
0.024689
0.042145
0.050903
0.051422
0.05072
0.046204
0.030823
0.0075684
-0.010895
-0.023071
-0.026215
-0.020294
-0.016724
-0.015869
-0.010864
-0.0018311
0.0083313
0.012024
0.0076904
-0.00039673
-0.0083313
-0.0097961
-0.0052185
-0.0058594
-0.0092773
-0.010284
-0.010529
-0.010437
-0.0075073
-0.0092773
-0.009491
-0.010254
-0.01123
-0.0067444
-0.0090332
-0.010254
0.0038452
-0.0072021
-0.033203
-0.066681
-0.10922
-0.11185
-0.074402
-0.026398
0.02887
0.071442
0.09848
0.12863
0.15622
0.15976
0.12299
0.069305
0.013824
-0.02774
-0.040863
-0.04129
-0.037842
-0.03598
-0.025574
-0.00091553
0.027893
0.046844
0.049622
0.026733
-0.0064392
-0.035187
-0.051178
-0.056396
-0.060028
-0.062286
-0.062012
-0.048157
-0.02179
0.0088806
0.028198
0.033264
0.029602
0.024231
0.018158
0.012848
0.00177
-0.015106
-0.028656
-0.0354
-0.035126
-0.029266
-0.020752
-0.014313
-0.0089417
-0.0020447
0.0039673
0.01062
0.014465
0.0098267
0.00036621
-0.010071
-0.024963
-0.027618
-0.016541
-0.0059814
0.0076294
0.024414
0.035797
0.044647
0.05307
0.054321
0.04306
0.025085
0.012787
0.0044556
0.00039673
0.00073242
0.0030823
0.00054932
-0.0024109
-0.00076294
-0.00033569
-0.0051575
-0.0079956
-0.011566
-0.017578
-0.015839
-0.0044861
0.0017395
0.0020752
0.00097656
-0.0063477
-0.014496
-0.014069
-0.017792
-0.023254
-0.024261
-0.025055
-0.020844
-0.0076294
0.0035706
0.010193
0.014801
0.0020752
-0.043671
-0.10782
-0.12366
-0.1098
-0.077911
-0.010529
0.060211
0.088135
0.11926
0.15747
0.17105
0.14899
0.10251
0.048676
-0.0079651
-0.039948
-0.044983
-0.038452
-0.038208
-0.027344
-0.0046387
0.023529
0.047089
0.05899
0.048248
0.015411
-0.022491
-0.054993
-0.070251
-0.075531
-0.07486
-0.074982
-0.066223
-0.046722
-0.020111
0.0086365
0.032074
0.039917
0.032349
0.023926
0.01825
0.011597
3.0518e-05
-0.012909
-0.029297
-0.040649
-0.039215
-0.025726
-0.0094299
0.0032654
0.014648
0.020538
0.022064
0.02298
0.016266
-0.00054932
-0.011353
-0.015839
-0.016754
-0.010712
-0.0025024
-0.0019836
-0.00015259
0.01178
0.023285
0.028625
0.027069
0.01889
0.012299
0.01413
0.017822
0.022552
0.019836
0.014618
0.010132
0.0054932
0.0037842
0.00045776
-0.011108
-0.021179
-0.022003
-0.016663
-0.007843
0.00036621
0.0052185
0.0014343
-0.0013123
0.0013123
-0.0080261
-0.022858
-0.028992
-0.030518
-0.031036
-0.020752
-0.006012
0.004303
0.014801
0.025146
-0.010101
-0.090973
-0.12543
-0.12082
-0.097076
-0.028687
0.05304
0.079254
0.10056
0.13919
0.16843
0.15802
0.11334
0.057404
-0.0088501
-0.054626
-0.058624
-0.040283
-0.037994
-0.028168
-0.0071411
0.020844
0.044312
0.061859
0.054199
0.019318
-0.018982
-0.047821
-0.059875
-0.057953
-0.052002
-0.053345
-0.044617
-0.029724
-0.0089417
0.013214
0.028992
0.02951
0.018036
0.0060425
-0.0026855
-0.0053406
-0.009552
-0.014374
-0.022949
-0.030792
-0.034332
-0.027985
-0.017303
-0.0057678
0.00094604
0.0040283
0.00354
-0.0022583
0.00033569
0.0098572
0.011292
0.0073853
0.0097961
0.0089722
0.0089722
0.014038
0.020142
0.017761
0.011688
0.011047
0.012787
0.01178
0.010162
0.0072937
-0.0014038
-0.0025024
0.0035706
0.0084839
0.0067444
0.0046387
-0.0018616
-0.010132
-0.013641
-0.011871
-0.0072937
-0.0048218
0.0007019
0.0043335
0.0093384
0.014648
0.016541
0.014069
0.0073242
-0.012848
-0.029724
-0.030945
-0.029083
-0.022614
-0.012848
0.0015259
-0.019012
-0.088074
-0.11655
-0.095428
-0.086121
-0.045929
0.030579
0.057587
0.075958
0.12692
0.16791
0.16
0.12219
0.076019
0.031189
-0.013702
-0.036072
-0.028687
-0.038879
-0.050903
-0.030273
0.0093689
0.031616
0.05127
0.053467
0.026825
-0.013031
-0.041656
-0.054291
-0.060181
-0.068604
-0.075867
-0.067596
-0.052277
-0.026306
0.0093994
0.034058
0.037933
0.03537
0.03064
0.024414
0.01651
0.0057068
-0.0097046
-0.024658
-0.032043
-0.029327
-0.020813
-0.01532
-0.012604
-0.011047
-0.012177
-0.009552
0.0018005
0.010162
0.012695
0.013794
0.010712
0.0084229
0.010742
0.011749
0.0045471
-0.0026855
-0.0055237
0.00039673
0.0090942
0.015717
0.020508
0.018616
0.014252
0.014679
0.016388
0.012482
0.0041809
-0.0037231
-0.0065002
-0.0095825
-0.010406
-0.006958
-0.0043945
-0.0031128
-0.0020142
-0.0053101
-0.0078735
-0.0054932
-0.0026245
0.0016785
0.00177
-0.0051575
-0.0083923
-0.0058899
-0.002533
0.005127
0.014923
0.0025635
-0.073914
-0.13153
-0.11105
-0.085449
-0.060577
0.017059
0.058502
0.055176
0.095886
0.14865
0.15106
0.1188
0.071228
0.026733
-0.0030823
-0.0242
-0.019592
-0.017822
-0.045807
-0.047272
-0.012756
0.0072021
0.022705
0.038727
0.024323
-0.00048828
-0.014862
-0.019836
-0.019012
-0.029175
-0.0513
-0.058014
-0.055756
-0.049866
-0.0242
0.0018616
0.011169
0.016815
0.023743
0.026093
0.030762
0.024139
0.011627
0.0005188
-0.014282
-0.026184
-0.023743
-0.020142
-0.022552
-0.026367
-0.028748
-0.016937
0.0057373
0.021545
0.027557
0.030334
0.021606
0.017365
0.023193
0.020966
0.0052185
-0.0079651
-0.013397
-0.011414
-0.0052185
0.00012207
0.0014648
-0.0032349
-0.0054321
0.0042725
0.014313
0.013
0.0054626
-0.0018616
-0.0055542
-0.0023193
-0.0024109
-0.0093994
-0.0097961
-0.0067139
-0.010071
-0.0047302
0.0078735
0.010773
0.010437
0.010773
0.0056458
-0.0019226
-0.01004
-0.008606
0.00088501
0.0027771
-0.0045471
-0.053925
-0.10971
-0.098541
-0.06723
-0.0625
-0.017212
0.027893
0.028717
0.065338
0.13742
0.15564
0.13577
0.10452
0.06134
0.035156
0.017273
-0.006012
-0.020569
-0.045044
-0.070709
-0.044769
-0.0073853
-0.0028381
0.0042725
0.0083618
-0.0076904
-0.014038
-0.0090942
-0.016479
-0.027374
-0.041779
-0.051117
-0.041748
-0.030701
-0.026398
-0.015442
-0.0049133
-0.0029297
0.0093994
0.02533
0.027588
0.01947
0.014252
0.0090027
0.0054626
0.0011902
-0.003479
-0.0067749
-0.012848
-0.021729
-0.019348
-0.0084229
-0.0020447
0.0013123
0.010712
0.016541
0.016541
0.022827
0.027924
0.02124
0.0097351
0.00054932
-0.005188
-0.0066223
-0.008667
-0.0091553
-0.0061646
-0.0068054
-0.0061646
-0.00012207
0.00064087
-0.0065308
-0.0084229
-0.0084839
-0.010132
-0.0066528
-0.0030212
-0.0054932
-0.0065918
-0.0020447
0.00030518
0.00018311
0.0016174
0.0036316
0.0045776
0.0085754
0.014526
0.013123
0.0083008
0.0044861
0.0020752
0.0040283
0.0059814
0.00030518
-0.018463
-0.038269
-0.037994
-0.021667
-0.01297
-0.013153
-0.010925
-0.0027161
0.014252
0.035339
0.045837
0.042328
0.03653
0.035095
0.038635
0.043884
0.037201
0.017914
0.0023499
-0.0038757
-0.0026855
0.0022583
-0.00054932
-0.012787
-0.025696
-0.032074
-0.029327
-0.023712
-0.021362
-0.023102
-0.024597
-0.02243
-0.01767
-0.0098572
-0.0056763
-0.0095215
-0.013641
-0.012238
-0.0083008
-3.0518e-05
0.0090332
0.013977
0.012634
0.007019
0.0036926
0.0050049
0.008667
0.010681
0.010223
0.0041809
-0.0018005
-0.0037231
-0.0010986
0.0029602
0.0038452
-0.00097656
-0.0062256
-0.0065002
-0.0017395
0.0037231
0.0066833
0.0032959
-0.0046997
-0.0066223
-0.0015869
0.0036011
0.0036621
0.00021362
-0.004425
-0.0047302
-0.0021667
0.00030518
0.00042725
-0.0022888
-0.0040588
-0.0025024
0.0018005
0.0065308
0.0075378
0.0053101
0.0028687
0.0037537
0.0061951
0.0061951
0.0046692
0.0028992
0.0014038
-0.00097656
-0.003479
-0.0039368
-0.0026855
0.0024414
0.0075073
0.0056763
-0.0014038
-0.0057678
-0.0063782
-0.006012
-0.0048828
-0.004425
-0.0048828
-0.0046082
-0.0022583
0.00088501
0.0026855
0.0034485
0.00354
0.0022278
0.0007019
0.00021362
-0.0014954
