0.0032654
0.0021362
0.00054932
0.00094604
-0.00039673
-0.00057983
-0.00067139
-0.0024414
-0.00064087
-0.0010071
-0.00030518
-0.0018005
0.0010986
-0.00064087
-0.01178
0.0031738
-0.0030212
-0.030884
0.014618
0.0096741
-0.015778
0.03299
0.014893
-0.0051575
0.027771
-0.0047913
-0.0082703
0.0074768
-0.01358
-0.001709
0.0075989
-0.0046692
0.0019531
-0.00064087
-0.0042114
-0.0049744
-0.010498
-0.0090332
-0.0093384
-0.006012
-0.0071106
0.00048828
9.1553e-05
0.00024414
0.0070496
0.0086365
0.0099792
0.01059
0.0080261
0.0066833
0.0043945
0.00021362
-0.010498
0.00021362
-0.022156
-0.016785
0.0017395
-0.0075684
0.0005188
0.015594
0.0093384
0.013397
0.017731
0.011078
0.0018921
-0.0036011
0.00045776
-0.014557
-0.02063
-0.0090637
-0.017273
-0.0039673
0.0046082
0.0075073
0.018402
0.021576
0.024902
0.020569
0.014587
0.0072937
-0.0031738
-0.0095215
-0.016876
-0.024719
-0.022308
-0.023224
-0.019531
-0.012909
-0.0097656
-0.0068054
-0.0028687
0.0031433
0.006012
0.0069275
0.011047
0.012054
0.0063477
-0.0018616
-0.017944
-0.038177
-0.045074
-0.045563
-0.044312
-0.028931
-0.014008
0.0014038
0.032043
0.064026
0.080597
0.088928
0.088837
0.074341
0.060516
0.046875
0.019409
-0.0093689
-0.032227
-0.053497
-0.057129
-0.051239
-0.047028
-0.039429
-0.027283
-0.014069
0.0026245
0.020782
0.026062
0.022064
0.019135
0.011627
0.0011902
-0.0045471
-0.015259
-0.028534
-0.034424
-0.035156
-0.032227
-0.023102
-0.011414
-0.0037231
0.0070801
0.018494
0.020813
0.023865
0.023682
0.01416
0.0039978
-0.0055542
-0.015869
-0.024078
-0.026611
-0.021881
-0.016418
-0.0048828
0.012421
0.023193
0.033203
0.043793
0.046143
0.040131
0.032562
0.021698
0.0085144
-0.00045776
-0.0082703
-0.017883
-0.020905
-0.017303
-0.013977
-0.0076599
-0.00097656
0.00061035
0.0021362
0.002533
-0.007019
-0.0097351
-0.0076294
-0.011963
-0.01535
-0.017822
-0.028168
-0.042267
-0.0513
-0.052795
-0.10843
-0.13312
-0.10376
-0.080322
-0.03009
0.056732
0.085938
0.10751
0.16843
0.19949
0.19006
0.17194
0.12006
0.034424
-0.0076599
-0.032227
-0.07547
-0.10046
-0.10861
-0.11023
-0.074951
-0.0098572
0.03009
0.048615
0.062256
0.05896
0.044434
0.037292
0.016266
-0.031372
-0.069946
-0.093628
-0.10507
-0.092651
-0.062866
-0.043365
-0.020721
0.01651
0.047485
0.070892
0.085541
0.078827
0.053833
0.029114
0.0035095
-0.022736
-0.044678
-0.063751
-0.0755
-0.071106
-0.04837
-0.023315
0.0035095
0.029785
0.046478
0.055939
0.062408
0.057892
0.04071
0.018372
-0.0058594
-0.023682
-0.03479
-0.037903
-0.036224
-0.036804
-0.02832
-0.01712
-0.01059
0.0042114
0.019958
0.021912
0.024506
0.029358
0.021606
0.012115
0.0097351
0.0021667
-0.0057983
-0.0037842
-0.0022888
-0.0018005
0.0058289
0.013153
0.016052
0.020508
0.022858
0.01947
0.017181
0.015106
0.0039062
-0.0029907
-0.0072327
-0.015869
-0.018524
-0.018036
-0.017822
-0.01236
-0.011444
-0.0098267
-0.0049744
-0.0066833
-0.014648
-0.015594
-0.019897
-0.044403
-0.065002
-0.087646
-0.14536
-0.14313
-0.098083
-0.054688
0.011505
0.090332
0.12192
0.15604
0.2009
0.21094
0.17651
0.12827
0.060516
-0.018677
-0.052338
-0.069855
-0.087372
-0.090637
-0.074799
-0.044098
0.0037537
0.059845
0.085449
0.0784
0.059662
0.033234
-0.0030518
-0.02951
-0.061005
-0.10065
-0.12338
-0.11816
-0.0961
-0.057037
-0.010712
0.02002
0.042938
0.062592
0.073608
0.071075
0.054932
0.023254
-0.017242
-0.048615
-0.063934
-0.071136
-0.069061
-0.056396
-0.041473
-0.017426
0.015045
0.041321
0.058777
0.061096
0.054382
0.042084
0.024597
0.0065002
-0.0066833
-0.019348
-0.029297
-0.030914
-0.027649
-0.019989
-0.0032654
0.013123
0.024994
0.035187
0.036285
0.031097
0.031921
0.029358
0.020294
0.0060425
-0.0099792
-0.025085
-0.030365
-0.019928
-0.012146
-0.0092163
-0.0036011
0.0046082
0.014984
0.033264
0.037445
0.026001
0.010498
-0.0040894
-0.012451
-0.017212
-0.024445
-0.02829
-0.034241
-0.031097
-0.015167
-0.0064697
0.00079346
0.0083923
0.0085144
0.00021362
-0.00088501
-0.0037231
-0.032867
-0.057037
-0.090576
-0.15402
-0.15054
-0.10455
-0.052094
0.028809
0.1062
0.13556
0.16266
0.19333
0.1951
0.1525
0.097412
0.025543
-0.048889
-0.077026
-0.086029
-0.082581
-0.067566
-0.039551
-0.0010071
0.04361
0.086823
0.10199
0.084778
0.048035
0.0015869
-0.043304
-0.070892
-0.088409
-0.10193
-0.10391
-0.088226
-0.056366
-0.0098877
0.036224
0.061737
0.070831
0.063538
0.044556
0.02356
-0.0036621
-0.032074
-0.058594
-0.075287
-0.076477
-0.066315
-0.046356
-0.019775
0.002594
0.02298
0.035919
0.043945
0.045441
0.034729
0.016205
-0.0044861
-0.025208
-0.042023
-0.046509
-0.038361
-0.025848
-0.0049438
0.025024
0.05127
0.072266
0.082397
0.078247
0.05896
0.034393
0.013367
-0.0032043
-0.015991
-0.025604
-0.031433
-0.028046
-0.015137
-0.0043335
0.0030823
0.0087891
0.0083923
0.0066528
0.012512
0.011536
-6.1035e-05
-0.0084229
-0.017029
-0.024445
-0.024933
-0.024933
-0.029694
-0.027039
-0.021057
-0.021576
-0.011292
-0.0016785
0.0049744
-0.013123
-0.027771
-0.085785
-0.15891
-0.1459
-0.096161
-0.037872
0.055573
0.12808
0.14331
0.16919
0.20337
0.20328
0.15079
0.08139
0.00015259
-0.076019
-0.092712
-0.085571
-0.070343
-0.058167
-0.031219
0.0080261
0.053345
0.094727
0.10089
0.064117
0.011749
-0.039642
-0.083252
-0.092896
-0.093506
-0.094238
-0.090546
-0.068298
-0.033875
0.0062561
0.052216
0.073547
0.068359
0.049622
0.032593
0.014252
-0.0032043
-0.022552
-0.041473
-0.056335
-0.057648
-0.04248
-0.023956
-0.003479
0.011108
0.018036
0.018677
0.021179
0.019531
0.008728
-0.0081482
-0.026855
-0.04245
-0.036255
-0.01709
0.00064087
0.015778
0.025452
0.027069
0.032928
0.044128
0.042389
0.028412
0.016846
0.010101
0.010406
0.019348
0.021454
0.014313
0.0065918
0.0037231
0.0061951
0.0044861
0.00082397
-0.0045471
-0.01178
-0.01297
-0.0081787
-0.0048523
-0.0031433
-0.0072632
-0.010345
-0.011566
-0.018188
-0.029755
-0.037262
-0.034576
-0.022644
-0.024445
-0.025574
-0.078613
-0.1875
-0.17825
-0.11472
-0.048157
0.058655
0.14752
0.15005
0.1525
0.19012
0.2048
0.15778
0.083252
0.0080261
-0.078247
-0.10013
-0.07843
-0.047394
-0.031952
-0.015564
0.016663
0.051147
0.087097
0.10165
0.075439
0.016693
-0.042603
-0.094299
-0.10568
-0.090912
-0.073151
-0.062805
-0.047333
-0.017212
0.013245
0.049072
0.071167
0.060638
0.026581
-0.001709
-0.02063
-0.033539
-0.036194
-0.039185
-0.048218
-0.052582
-0.038849
-0.015259
0.0065002
0.021576
0.02887
0.025635
0.019257
0.01297
-0.0022278
-0.022156
-0.030823
-0.024811
-0.011566
0.0085449
0.029205
0.031982
0.034576
0.047607
0.05014
0.040344
0.025055
0.0073547
-0.012909
-0.019318
-0.014771
-0.015533
-0.018768
-0.016876
-0.012085
-0.0014038
0.0089417
0.0096741
0.0055847
0.0053711
0.0059509
0.0056763
0.0092163
0.0036621
-0.0020752
0.0027466
-0.00024414
-0.016418
-0.023712
-0.02594
-0.022308
-0.0097961
-0.005127
-0.048004
-0.189
-0.2305
-0.16672
-0.092102
0.021271
0.15097
0.17191
0.15604
0.18976
0.22089
0.19058
0.10846
0.031677
-0.066467
-0.11041
-0.087952
-0.042938
-0.016418
-0.0084229
0.013885
0.037811
0.065125
0.085449
0.073975
0.018127
-0.03717
-0.096985
-0.11975
-0.10327
-0.081543
-0.064972
-0.057312
-0.040497
-0.018188
0.015198
0.051361
0.068054
0.051697
0.025513
0.00073242
-0.01355
-0.014587
-0.010956
-0.011627
-0.021027
-0.026917
-0.023102
-0.0072632
0.010773
0.015656
0.0035095
-0.011322
-0.01239
-0.00177
0.0083923
0.013428
0.010529
0
-0.0027771
0.005188
0.01062
0.011505
0.010406
0.012634
0.017578
0.020935
0.02243
0.017334
0.0050049
-0.0039062
-0.0027466
-0.00027466
-0.0021973
-0.0065308
-0.0058594
-0.010193
-0.012421
-0.010345
-0.0097961
-0.0058289
0.0041504
0.0068665
0.0088806
0.013519
0.011261
-0.0012512
-0.010254
-0.015747
-0.026978
-0.022308
-0.023682
-0.15668
-0.24796
-0.19632
-0.13
-0.029022
0.1394
0.20868
0.18204
0.19257
0.22595
0.20569
0.12952
0.064667
-0.027435
-0.11856
-0.1272
-0.077667
-0.035645
-0.017578
0.010315
0.036713
0.054871
0.073303
0.081299
0.040588
-0.019531
-0.081299
-0.12527
-0.1188
-0.090973
-0.070038
-0.056305
-0.03186
-0.0046997
0.023804
0.051361
0.069244
0.057007
0.023529
-0.0013123
-0.015717
-0.0242
-0.027893
-0.02536
-0.031372
-0.042603
-0.03421
-0.01123
0.0064392
0.017456
0.026215
0.01886
0.0057678
0.0047607
0.013763
0.019775
0.018036
0.010559
0.006073
0.0031738
0.00177
0.01004
0.019165
0.022247
0.024048
0.0271
0.026093
0.019653
0.011871
-0.0029907
-0.017456
-0.024261
-0.028046
-0.035522
-0.039062
-0.032928
-0.03006
-0.022888
-0.0011902
0.015228
0.012573
0.012115
0.010376
0.0045166
0.0047607
0.011749
0.011658
0.0043335
0.01532
-0.020355
-0.19009
-0.2605
-0.19455
-0.13629
-0.022736
0.14798
0.186
0.15891
0.19461
0.24011
0.21201
0.12555
0.051849
-0.04538
-0.12277
-0.1098
-0.0448
-0.019501
-0.019257
0.010468
0.050049
0.075836
0.098419
0.094086
0.03067
-0.043304
-0.10083
-0.11853
-0.10504
-0.086365
-0.081207
-0.074219
-0.058502
-0.02771
0.014893
0.050079
0.066376
0.04837
0.012695
-0.010773
-0.020966
-0.029236
-0.029694
-0.025269
-0.033875
-0.039612
-0.022583
0.0050659
0.021484
0.02652
0.028564
0.026398
0.023193
0.021667
0.022614
0.020142
0.014313
0.01181
0.012756
0.01239
0.0079041
0.005127
0.0062561
0.0094299
0.01532
0.021301
0.022186
0.013641
0.0037537
-0.0064087
-0.014862
-0.016449
-0.02121
-0.032257
-0.038727
-0.034546
-0.038696
-0.041504
-0.029175
-0.019623
-0.018524
0.0026245
0.028168
0.044281
0.053925
0.07309
-0.026031
-0.21405
-0.2399
-0.18475
-0.14771
-0.0079956
0.13611
0.1326
0.147
0.23239
0.28595
0.25104
0.16586
0.071289
-0.053345
-0.13464
-0.11557
-0.062073
-0.075378
-0.071899
-0.016815
0.032043
0.06665
0.11084
0.10773
0.040375
-0.031921
-0.08017
-0.098083
-0.103
-0.094513
-0.094452
-0.092682
-0.070648
-0.019318
0.028107
0.062195
0.077667
0.059357
0.023346
0.0016174
-0.0032349
-0.013275
-0.03006
-0.04361
-0.05719
-0.066437
-0.046021
-0.0076599
0.014374
0.02536
0.032654
0.031494
0.027985
0.032562
0.040192
0.033508
0.0073547
-0.012115
-0.0099182
-0.0055237
-0.0023193
0.0077515
0.019714
0.028687
0.040009
0.05011
0.049652
0.030792
-0.0016785
-0.01886
-0.021729
-0.027832
-0.03363
-0.03476
-0.039948
-0.041138
-0.032074
-0.020569
-0.019257
-0.018982
-0.0074768
0.0080261
0.033661
0.062744
-0.056671
-0.21555
-0.19659
-0.14764
-0.13303
0.018829
0.13065
0.088806
0.12387
0.23669
0.27316
0.22769
0.15518
0.071808
-0.023285
-0.091034
-0.07605
-0.047913
-0.10474
-0.11389
-0.037842
0.018707
0.052643
0.10684
0.10199
0.039917
-0.019623
-0.049347
-0.058594
-0.081207
-0.10641
-0.1116
-0.098999
-0.07428
-0.014435
0.031067
0.042114
0.040131
0.041382
0.039001
0.038208
0.031952
0.014557
-0.01416
-0.037659
-0.042969
-0.039886
-0.029083
-0.022461
-0.021149
-0.020386
-0.012024
0.0093079
0.032684
0.044952
0.045898
0.038574
0.027557
0.017548
0.007843
0.0014648
-0.0057068
-0.011017
-0.007019
0.0040588
0.013336
0.017242
0.015778
0.014954
0.01593
0.013519
0.0058594
-0.0011902
-0.013184
-0.030396
-0.032562
-0.034271
-0.049255
-0.050995
-0.031525
-0.014099
0.0086975
0.05484
0.013153
-0.15454
-0.18225
-0.091827
-0.094055
-0.05188
0.084717
0.067383
0.045258
0.1713
0.25903
0.22205
0.15149
0.075226
0.023743
-0.007019
-0.032898
-0.0091553
-0.035675
-0.12515
-0.10056
0.00088501
0.016693
0.019409
0.038971
0.0035095
-0.034576
-0.034058
-0.0095825
0.0084229
-0.03479
-0.092255
-0.078644
-0.055573
-0.051544
-0.013489
0.010376
-0.0055542
0.0031738
0.036804
0.061829
0.072815
0.050812
0.011536
-0.014923
-0.03479
-0.039062
-0.023743
-0.027496
-0.043152
-0.02948
-0.0058899
0.0088196
0.026184
0.029999
0.017883
0.018219
0.018738
0.019012
0.026978
0.024475
0.0085754
0.002655
0.0055847
0.0024719
-0.0037537
-0.0053101
-0.0041809
-0.0084229
-0.014282
-0.020111
-0.019409
-0.014252
-0.0088501
0.0005188
0.010162
0.0047913
-0.01239
-0.022186
-0.018372
-0.0040894
0.010712
0.022186
-0.036438
-0.15097
-0.15079
-0.053558
-0.0271
-0.014343
0.039154
0.030579
0.039917
0.14484
0.21115
0.17831
0.11896
0.056793
0.042999
0.063141
0.027802
-0.033051
-0.062561
-0.092834
-0.092682
-0.022278
0.016815
-0.010681
-0.034912
-0.037933
-0.030518
-0.0057983
0.0037231
-0.012329
-0.031738
-0.046814
-0.03656
-0.0025635
0.0045471
-0.016449
-0.020752
-0.014008
-0.008667
0.0064087
0.015259
0.0085144
0.007843
0.016388
0.030579
0.034912
0.016083
-0.006897
-0.016235
-0.017822
-0.017822
-0.017792
-0.016541
-0.014099
-0.011017
-0.00021362
0.0096436
0.0094299
0.0056152
0.0087891
0.015839
0.01062
0.0020447
0.0028992
0.0079651
0.0092773
0.0086365
0.0044556
-0.00177
-0.0042725
0.0028381
0.0077515
-0.0027771
-0.018005
-0.026886
-0.019928
-0.0058899
0.0038757
0.003418
-0.0010376
-0.0011597
0.0070496
0.014465
0.020996
0.015991
0.00079346
-0.00021362
0.013519
0.021179
0.014374
0.011444
0.013062
0.002655
-0.012054
-0.011139
-0.011871
-0.023956
-0.024384
-0.01532
-0.015594
-0.017914
-0.0084839
0.0026855
0.0059204
0.0072937
0.011841
0.013062
0.01416
0.020874
0.027863
0.022156
0.013824
0.01532
0.021088
0.015778
0.00067139
-0.011871
-0.021362
-0.032257
-0.031891
-0.019623
-0.011414
-0.0047607
-0.0028687
-0.0084534
-0.0082703
-0.006134
-0.0088806
-0.0094604
-0.0089417
-0.0065613
0.001709
