0.010742
-0.0025635
-0.0028381
0.0030518
-0.0075073
-0.0048828
-0.0018311
-0.003418
-0.0072937
-0.0015259
-0.00082397
-0.0029602
0.0036621
-0.0061035
-0.015625
0.011475
0.0084839
-0.0036316
0.012054
-0.013184
-0.017334
0.015045
0.0058289
0.01181
0.030029
0.015686
0.027161
0.030731
0.0099182
-0.0014954
-0.01712
-0.023071
-0.024445
-0.024139
-0.029541
-0.031677
-0.026215
-0.017059
-0.0092468
-0.00064087
-0.0013733
0.0036621
0.011688
0.014832
0.016083
0.016266
0.0071716
0.0073547
0.013641
0.0080566
0.0085449
0.0065613
-0.0024109
0.00067139
0.00076294
0.0046387
-0.0011597
-0.0059814
0.00048828
-0.010986
-0.0089722
0.006897
-0.0033875
0
0.0040283
0.0045166
-0.0070801
0.0090637
0.011536
0.0021667
0.0064392
0.005249
0.0047607
0.011566
0.009613
0.0058899
0.0032043
-0.0049133
0.0030518
-0.00091553
-0.0075989
-0.0049438
-0.0092163
-0.0067139
-0.001709
-0.0070801
-0.01178
-0.010712
-0.012146
-0.0099487
-0.0071106
-0.0075989
-0.010498
-0.0043945
-0.0025024
-0.0019226
0.0029602
-0.0020142
-0.0082397
-0.015198
-0.044891
-0.05719
-0.052673
-0.050323
-0.035645
-0.0085754
-0.0040894
0.022125
0.060364
0.086914
0.1041
0.11072
0.090027
0.076416
0.071014
0.047516
0.018097
-0.012329
-0.045624
-0.064026
-0.059326
-0.054901
-0.053162
-0.045227
-0.035736
-0.018005
0.0064392
0.019867
0.02359
0.020752
0.013794
0.0088501
0.0056152
-0.003479
-0.021515
-0.035583
-0.035797
-0.032623
-0.027588
-0.018433
-0.011658
-0.0095825
0.0072937
0.024445
0.028503
0.025635
0.021454
0.010376
0.0056458
0.0023804
-0.006958
-0.017944
-0.022491
-0.019501
-0.0099487
0.00177
0.0065002
0.012421
0.01944
0.028687
0.034607
0.034363
0.027191
0.020233
0.014191
0.009552
0.00094604
-0.010345
-0.017456
-0.019348
-0.018066
-0.015625
-0.013641
-0.0097656
-0.0026855
0.0010681
-0.00015259
-0.0046997
-0.010101
-0.017426
-0.019501
-0.023193
-0.024261
-0.036377
-0.045502
-0.090942
-0.16098
-0.14401
-0.1066
-0.063934
0.019745
0.086151
0.098328
0.1666
0.23129
0.24277
0.21799
0.17413
0.080994
0.016022
-0.009552
-0.062653
-0.11105
-0.13675
-0.1424
-0.11514
-0.040192
0.01535
0.041443
0.061554
0.065857
0.057587
0.053131
0.034302
-0.017181
-0.066681
-0.10422
-0.1188
-0.11353
-0.090393
-0.069702
-0.044128
-0.0059204
0.036591
0.074738
0.095062
0.094696
0.073669
0.048096
0.020447
-0.0092163
-0.037537
-0.066956
-0.085236
-0.084015
-0.067352
-0.0401
-0.0019531
0.023773
0.041565
0.060608
0.063934
0.053253
0.045929
0.028107
0.0013428
-0.014099
-0.022766
-0.029541
-0.022919
-0.012787
-0.0033569
0.0052795
0.015717
0.02063
0.026428
0.030975
0.027954
0.021057
0.013458
0.0053711
-0.005188
-0.014191
-0.020294
-0.026611
-0.031708
-0.025696
-0.014465
-0.0046082
0.0090942
0.018127
0.015625
0.014191
0.0079651
-0.0042725
-0.011414
-0.019592
-0.037445
-0.052643
-0.093689
-0.20029
-0.19669
-0.13721
-0.075348
0.021942
0.12878
0.1405
0.17123
0.24734
0.26736
0.22412
0.15613
0.057953
-0.050293
-0.08017
-0.094055
-0.11777
-0.13519
-0.12042
-0.083893
-0.012329
0.076324
0.11353
0.10809
0.080048
0.047241
0.006012
-0.015625
-0.051147
-0.10547
-0.14542
-0.14496
-0.11746
-0.067963
-0.0057983
0.0289
0.048523
0.072815
0.093842
0.095184
0.081238
0.043335
-0.012238
-0.055939
-0.077179
-0.082855
-0.074646
-0.060822
-0.049042
-0.026245
0.0092468
0.039459
0.06369
0.069885
0.053833
0.02832
0.0092163
-0.010498
-0.035187
-0.043121
-0.042297
-0.034363
-0.011017
0.019104
0.037323
0.051086
0.058411
0.04953
0.036316
0.025757
0.014526
0.00054932
-0.006012
-0.010803
-0.013153
-0.01123
-0.0071106
-0.0073242
-0.0039368
0.0057373
0.0048218
0.0059814
0.0061646
0.0037231
0.0065613
0.007019
-0.0074768
-0.019592
-0.028625
-0.041473
-0.044128
-0.031799
-0.031555
-0.053986
-0.061951
-0.15155
-0.21649
-0.1499
-0.075775
-0.0036011
0.1134
0.16827
0.16409
0.21387
0.26624
0.23849
0.15619
0.073181
-0.0336
-0.094116
-0.095459
-0.091064
-0.096893
-0.096924
-0.056213
0.0032349
0.078369
0.12567
0.12283
0.072266
0.017242
-0.029297
-0.06604
-0.086151
-0.104
-0.13223
-0.14194
-0.10748
-0.059479
-0.0010986
0.051239
0.075836
0.077545
0.073914
0.067719
0.046692
0.018585
-0.020874
-0.059692
-0.080963
-0.07724
-0.058868
-0.035553
-0.014496
0.0018616
0.018555
0.041656
0.063873
0.065979
0.050323
0.02475
-0.0024109
-0.024445
-0.0383
-0.043121
-0.048553
-0.045105
-0.018829
0.016632
0.046997
0.064514
0.063354
0.047668
0.034332
0.022156
0.0087891
-0.0082703
-0.023346
-0.029175
-0.023651
-0.0099182
-0.00097656
0.0040894
0.008728
0.01358
0.015625
0.015564
0.018311
0.015381
0.0087891
0.0045776
-0.0078735
-0.023407
-0.029053
-0.040192
-0.050385
-0.041077
-0.028107
-0.02417
-0.031158
-0.062775
-0.19287
-0.2236
-0.14557
-0.068146
0.029144
0.15158
0.177
0.16776
0.22116
0.25674
0.22067
0.13358
0.047394
-0.063477
-0.11646
-0.10541
-0.077667
-0.071899
-0.064453
-0.019836
0.028595
0.088745
0.12976
0.11792
0.047882
-0.022186
-0.07666
-0.10696
-0.11185
-0.10416
-0.11258
-0.11652
-0.074432
-0.019196
0.04007
0.090576
0.10614
0.078705
0.045105
0.022766
0.0027466
-0.015778
-0.036926
-0.063538
-0.083374
-0.073059
-0.038422
-0.0032654
0.021912
0.036591
0.040131
0.039185
0.043671
0.041168
0.021667
-0.0014648
-0.032501
-0.071259
-0.077301
-0.057983
-0.036469
0.0014954
0.045898
0.065613
0.0784
0.0867
0.077057
0.048248
0.013855
-0.018646
-0.040558
-0.040741
-0.026398
-0.014343
-0.0077515
0.0011902
0.0069275
0.015656
0.018463
0.019653
0.017395
0.0062561
0.0018311
0.00042725
-0.002655
-0.014252
-0.025391
-0.037567
-0.043762
-0.048187
-0.03775
-0.026611
-0.039307
-0.090424
-0.22324
-0.24628
-0.15549
-0.04892
0.074036
0.19934
0.21762
0.19983
0.23593
0.26169
0.21881
0.11493
0.012146
-0.10065
-0.1524
-0.12634
-0.068115
-0.043365
-0.028381
0.0067444
0.048584
0.0961
0.12616
0.11444
0.037415
-0.045532
-0.10999
-0.13315
-0.1228
-0.10138
-0.090424
-0.08963
-0.066528
-0.020752
0.039124
0.085938
0.10355
0.077576
0.031952
-0.0028381
-0.021301
-0.029449
-0.040802
-0.05368
-0.066132
-0.061157
-0.031647
0.012573
0.046387
0.054779
0.041351
0.026031
0.022034
0.024963
0.01944
0.0061951
-0.026062
-0.07959
-0.075439
-0.025574
0.0041504
0.030701
0.065796
0.058563
0.04953
0.063171
0.067169
0.026611
-0.028412
-0.055237
-0.062531
-0.045654
-0.012817
0.0095825
0.0011902
-0.0010071
0.0086365
0.013306
0.017914
0.026581
0.015747
-0.0046997
0.0031128
0.01297
0.014435
0.0060425
-0.012726
-0.038666
-0.054565
-0.040314
-0.022736
-0.028534
-0.10242
-0.25012
-0.26535
-0.16998
-0.060608
0.082947
0.21426
0.21048
0.18683
0.22476
0.26083
0.22745
0.12766
0.023682
-0.093689
-0.15671
-0.1297
-0.059113
-0.032013
-0.016632
0.014587
0.048096
0.087677
0.12064
0.11563
0.034271
-0.061493
-0.13223
-0.15186
-0.13696
-0.10663
-0.089233
-0.081421
-0.052979
-0.007843
0.042908
0.081543
0.096649
0.068939
0.030792
0.0077209
-0.011932
-0.029083
-0.040863
-0.05014
-0.064575
-0.057922
-0.025208
0.015228
0.045074
0.056976
0.048004
0.032654
0.023682
0.014099
0.0045166
-0.0073853
-0.044495
-0.093872
-0.069519
-0.0043945
0.029053
0.057129
0.083527
0.060547
0.041199
0.060425
0.064697
0.017914
-0.039734
-0.058289
-0.054871
-0.04068
-0.0096436
0.010101
-0.011353
-0.023163
-0.0045776
0.021423
0.029785
0.021332
0.0071716
-0.0048523
-0.0055847
0.0011597
0.010406
0.0043945
-0.019745
-0.042236
-0.041534
-0.044128
-0.062653
-0.1778
-0.27298
-0.22165
-0.1246
-0.005127
0.16656
0.24612
0.21564
0.21991
0.24551
0.2305
0.1582
0.065491
-0.03009
-0.12094
-0.15097
-0.10529
-0.049469
-0.028137
0.0048218
0.0466
0.075592
0.090027
0.10303
0.080048
0.0087891
-0.071472
-0.12717
-0.14603
-0.13824
-0.11606
-0.091614
-0.06189
-0.034332
0.0050659
0.054779
0.086945
0.089691
0.06192
0.019043
-0.017426
-0.034393
-0.037964
-0.035797
-0.041321
-0.053864
-0.054047
-0.029907
0.0076294
0.038116
0.057953
0.055145
0.031738
0.0050964
-0.0016785
0.0052185
0.0098572
0.011169
0.0058899
-0.0022278
0.0014954
0.019379
0.040161
0.0448
0.032959
0.015106
0.0023804
0.00067139
0.0069885
0.0086975
9.1553e-05
-0.014465
-0.027618
-0.03479
-0.031281
-0.027679
-0.035278
-0.039246
-0.032776
-0.020782
0.00097656
0.025635
0.036224
0.035645
0.027588
0.011047
-0.0028076
-0.0042419
-0.010834
-0.020386
-0.10706
-0.27969
-0.29837
-0.18604
-0.084351
0.061646
0.21573
0.21246
0.19016
0.25018
0.29611
0.2504
0.12958
0.013092
-0.080048
-0.14334
-0.13382
-0.062378
-0.053375
-0.062164
-0.020325
0.04538
0.095764
0.12228
0.11215
0.04599
-0.039032
-0.09314
-0.092194
-0.087616
-0.097229
-0.10858
-0.10623
-0.087799
-0.041962
0.02002
0.062408
0.073334
0.058441
0.038025
0.017059
-0.0013733
-0.01593
-0.034119
-0.052429
-0.059662
-0.055664
-0.041962
-0.011475
0.01413
0.02124
0.023438
0.027893
0.024902
0.016083
0.016724
0.020691
0.023224
0.023315
0.031097
0.037506
0.022888
0.0068665
0.0085144
0.012421
0.012939
0.01828
0.016235
0.0049133
-0.0032959
-0.0025635
0.0007019
-6.1035e-05
-0.0087585
-0.026093
-0.034515
-0.036865
-0.036377
-0.033112
-0.031128
-0.028595
-0.017273
-0.00079346
0.014618
0.023071
0.028595
0.032867
0.032562
0.021912
-0.11511
-0.29523
-0.27328
-0.1727
-0.11795
0.034546
0.17346
0.15326
0.18408
0.29581
0.34274
0.27921
0.14587
0.026001
-0.055145
-0.12628
-0.11597
-0.057953
-0.099152
-0.1301
-0.059113
0.026947
0.084106
0.13239
0.11899
0.054626
-0.026245
-0.073029
-0.063873
-0.074768
-0.11096
-0.12097
-0.11145
-0.10278
-0.043976
0.025635
0.058319
0.057037
0.047028
0.047058
0.041382
0.027191
0.010071
-0.018921
-0.062378
-0.07608
-0.062958
-0.045227
-0.027863
-0.019653
-0.013153
-0.0018005
0.021088
0.048096
0.060486
0.049896
0.038177
0.031372
0.025909
0.025665
0.023712
0.011292
-0.0040283
-0.0024719
0.014832
0.029572
0.030518
0.025238
0.01413
-0.00064087
0.00024414
0.011597
0.0050049
-0.020691
-0.035065
-0.034851
-0.036865
-0.045776
-0.044647
-0.033142
-0.029999
-0.019867
-0.0043335
-0.0020447
0.0067444
0.026001
0.046326
0.020538
-0.16385
-0.28485
-0.18494
-0.11035
-0.084839
0.071564
0.12573
0.076477
0.17419
0.31433
0.3154
0.22806
0.10556
0.023224
0.0036011
-0.038544
-0.039307
-0.035095
-0.13583
-0.17621
-0.056915
0.031281
0.052612
0.069458
0.033936
-0.011536
-0.020599
-0.0078735
0.018524
-0.0042725
-0.095428
-0.12408
-0.089325
-0.079437
-0.052673
-0.01358
-0.012817
-0.01123
0.020386
0.05188
0.078156
0.066315
0.023865
0.0040894
-0.013855
-0.043427
-0.039673
-0.031647
-0.05127
-0.050385
-0.027985
-0.0096436
0.0064087
0.016754
0.026642
0.039551
0.039825
0.04303
0.052429
0.045288
0.027405
0.022186
0.01712
0.0097046
0.0096436
0.0070801
0.0017395
-0.0014343
-0.0093689
-0.015869
-0.0047913
0.0010986
-0.0023804
-0.0028076
-0.0031433
-0.0085449
-0.020416
-0.030182
-0.030457
-0.030701
-0.034027
-0.037537
-0.036499
-0.016815
0.0093384
0.04483
0.026794
-0.12378
-0.21097
-0.11249
-0.042755
-0.050842
0.0025635
0.026215
0.018524
0.11221
0.23495
0.25803
0.21036
0.11597
0.052979
0.08313
0.085052
0.0090332
-0.058472
-0.10632
-0.12485
-0.06723
-0.0078735
-0.0064392
-0.024841
-0.040314
-0.042542
-0.012482
0.011353
0.0026855
-0.013611
-0.0289
-0.037079
-0.015533
0.00354
-0.019775
-0.042725
-0.033386
-0.017761
-0.0065002
0.0040588
0.0071106
0.0039978
0.0054016
0.01239
0.02124
0.016724
-0.011658
-0.036621
-0.033081
-0.022736
-0.015869
-0.00061035
0.011841
0.010468
0.013641
0.019867
0.011383
0.0032959
0.0093689
0.015869
0.01001
-0.005188
-0.015564
-0.0046387
0.012665
0.027069
0.036499
0.027283
0.0044556
-0.0038452
0.010834
0.026886
0.018738
-0.013428
-0.034882
-0.034485
-0.028107
-0.012848
0.0098877
0.011444
-0.006897
-0.0080566
0.0075073
0.015686
0.014374
0.012177
0.0067444
-0.0047607
-0.015564
-0.014648
-0.0085144
-0.0091553
-0.011505
-0.015045
-0.019043
-0.015106
-0.00021362
0.011719
0.0058899
-0.010101
-0.017578
-0.016418
-0.015442
-0.0099487
-0.0048828
-0.0090942
-0.012299
-0.0026245
0.020599
0.042023
0.048187
0.041351
0.036804
0.035309
0.036652
0.043488
0.043884
0.03241
0.019257
0.012604
0.012756
0.013092
0.0036621
-0.016449
-0.040497
-0.057037
-0.055939
-0.040863
-0.026245
-0.021362
-0.026154
-0.02829
-0.022583
-0.011475
-0.0033875
-0.002594
-0.012299
-0.022125
-0.018005
-0.0039062
0.0067139
0.011871
0.011261
0.003479
-0.0021973
0.0018005
0.0092163
0.0086365
0.0010986
-0.0089722
-0.015442
-0.010742
-3.0518e-05
0.0064392
0.007019
0.0069885
0.011841
0.022308
0.027893
0.02774
0.022552
0.012695
0.0055237
0.0074463
0.010406
0.0064392
-0.0027161
-0.0080261
-0.0028992
0.0051575
0.0088806
0.0094604
0.0039062
0.0018921
0.008728
0.011322
0.0024109
-0.011322
-0.025208
-0.036469
-0.040894
-0.038818
-0.034546
-0.029205
-0.015839
0.0046997
0.015289
0.017639
0.019806
0.015442
0.0022278
-0.0045166
-0.004364
-0.0057068
-0.006134
0.00048828
0.013184
0.02063
0.017273
0.0096741
0.0030518
-0.0012207
-0.002594
-0.0038452
-0.0056152
-0.0040588
0.00036621
0.010529
0.019989
0.02002
0.016174
0.010468
0.0037231
0.0042725
0.0088501
0.0057068
-0.0034485
-0.0093689
-0.0099182
-0.0028992
0.0025024
-0.00091553
-0.0068359
-0.010345
-0.010651
-0.0027771
0.0080261
