-0.0021362
0.0028992
0.0014343
-0.0044861
-0.013916
-0.012573
-0.0099487
-0.011963
0.0018921
0.011444
0.021667
0.01947
0.033112
0.016144
0.016083
0.00097656
-0.0039673
-0.015961
-0.018463
-0.023468
-0.021637
-0.015717
-0.013824
-0.0059204
-0.0045471
0.0029907
0.005188
0.010132
0.0061035
0.007843
0.0061035
-0.00067139
0.0062561
-0.0049438
-0.0054932
6.1035e-05
0.0027771
0.0022888
0.0089111
0.0092773
0.005127
0.0068359
0.0011597
-0.0074463
-0.0074158
-0.010681
-0.013306
-0.011566
-0.0067444
-0.0014343
0.0021973
0.0068054
0.0099487
0.0081177
0.012054
0.016235
0.0076294
0.005249
0
-0.0012512
-0.003479
-0.0020447
-0.010712
-0.012848
-0.0076294
-0.0045166
-0.0041199
0.0027161
-0.0092468
-0.0075073
0.011536
0.0098877
0.0071716
0.0075989
0.0044861
0.0017395
0.010742
0.0092468
-0.0032654
-0.0088501
-0.011383
-0.012451
-0.0079651
-0.0064392
-0.016266
-0.011658
-0.0014648
0.0034485
0.0042419
0.0037842
-0.011658
-0.022156
-0.016266
-0.019958
-0.022614
-0.012482
-0.0061951
0.0036316
0.030029
0.044189
0.046143
0.052734
0.053101
0.041351
0.036774
0.025818
0.0030212
-0.014313
-0.022797
-0.032013
-0.034363
-0.030823
-0.027527
-0.022858
-0.011871
-0.0023804
0.001709
0.0053406
0.0058289
0.004303
0.0042419
0.0013123
-0.0026245
-0.0050964
-0.0050049
-0.0052795
-0.0049133
-0.0038757
-0.003479
0
0.0045776
0.008667
0.0081177
0.0088806
0.0082703
0.0051575
0.0045166
0.0021362
-0.0014954
-0.0048523
-0.0060425
-0.0092468
-0.0079346
-0.008667
-0.0074158
-0.0030518
-0.0077209
-0.013397
0.0031433
0.0072937
0.0016785
0.002594
-0.0030212
-0.015289
-0.0026245
-0.00024414
-0.0057678
-0.020386
-0.12576
-0.17068
-0.13641
-0.097198
-0.040161
0.049438
0.057495
0.091644
0.1839
0.24701
0.23001
0.19318
0.11563
0.02121
-0.012817
-0.023651
-0.066406
-0.116
-0.13336
-0.12354
-0.064941
0.014923
0.055847
0.049957
0.0466
0.042877
0.03067
0.020905
-0.0065002
-0.059692
-0.10425
-0.10651
-0.096588
-0.074921
-0.042694
-0.019745
-0.0011597
0.031891
0.06604
0.079803
0.078278
0.05661
0.022705
-0.0058289
-0.024445
-0.04483
-0.062134
-0.064453
-0.056763
-0.038269
-0.0078735
0.01767
0.030701
0.033936
0.026031
0.016479
0.013855
0.019592
0.020294
0.016083
0.0064697
0.0065002
0.013245
0.024048
0.023376
0.014343
0.0017395
-0.0021057
0.0011902
0.011414
0.017212
0.012909
0.0036011
-0.0015259
-0.0018311
-0.0055542
-0.013153
-0.023926
-0.036041
-0.034637
-0.02359
-0.015778
-0.0065002
0.0059814
0.0098572
0.012421
0.015808
0.011108
-0.0012512
-0.013275
-0.024231
-0.03653
-0.054077
-0.054138
-0.072021
-0.14648
-0.15967
-0.097473
-0.031982
0.044769
0.13535
0.16238
0.16077
0.18732
0.20981
0.16739
0.094574
0.021942
-0.055664
-0.095917
-0.083679
-0.05719
-0.054108
-0.042877
-0.0097046
0.028442
0.066803
0.092621
0.070435
0.015564
-0.030701
-0.065491
-0.089813
-0.093109
-0.087219
-0.09021
-0.076447
-0.039062
0.002533
0.03595
0.059296
0.060913
0.044464
0.028442
0.020203
0.007019
-0.01474
-0.033722
-0.048187
-0.051636
-0.040161
-0.022003
-0.0075073
0.00054932
0.0085449
0.016235
0.022766
0.029236
0.025421
0.0097351
-0.0083008
-0.052765
-0.072235
-0.0383
-0.0022888
0.017212
0.044128
0.046875
0.04541
0.063385
0.078156
0.051239
0.0044861
-0.023529
-0.03009
-0.01886
0.0066528
0.014496
-0.0030212
-0.013885
-0.002533
0.010834
0.015472
0.013794
-0.0074158
-0.022583
-0.011108
0.0072021
0.012787
0.012939
0.003479
-0.013031
-0.019775
-0.017487
-0.023315
-0.029938
-0.025299
-0.02774
-0.040558
-0.050781
-0.042908
-0.094971
-0.16882
-0.15106
-0.084808
-0.012634
0.092224
0.16696
0.16943
0.16641
0.18286
0.17587
0.11862
0.056976
-0.01651
-0.08374
-0.097595
-0.061707
-0.026581
-0.0072632
0.013641
0.033142
0.045258
0.066833
0.068329
0.028717
-0.02356
-0.073853
-0.10666
-0.10675
-0.080597
-0.057343
-0.046692
-0.029419
-0.006897
0.015869
0.041504
0.056274
0.046478
0.020996
-0.0035706
-0.015564
-0.020233
-0.022461
-0.023224
-0.026733
-0.027191
-0.021179
-0.0092163
0.003418
0.013702
0.018982
0.016663
0.014008
0.0112
0.0070496
0.0016479
-0.0047302
-0.01712
-0.052307
-0.062897
-0.024261
0.022919
0.054199
0.076569
0.069244
0.045471
0.033447
0.032806
0.016235
-0.015625
-0.038116
-0.04007
-0.027161
-0.0014954
0.019196
0.021362
0.009491
0.0031738
0.005249
0.01004
0.0061035
-0.0047607
-0.019073
-0.024048
-0.019196
-0.0079041
-0.0067749
-0.010071
-0.0027466
0.0025635
-0.00079346
-0.0048828
-0.012848
-0.0271
-0.035004
-0.043152
-0.049744
-0.055573
-0.13846
-0.19437
-0.1394
-0.046082
0.053406
0.16302
0.20319
0.18631
0.16537
0.16351
0.14066
0.075165
0.0098877
-0.054291
-0.095367
-0.089203
-0.046661
0.0013428
0.026428
0.041992
0.051178
0.050751
0.045654
0.027466
-0.0080872
-0.047058
-0.089355
-0.11032
-0.10443
-0.073303
-0.034698
-0.0072327
0.014557
0.023712
0.021698
0.025848
0.031067
0.027527
0.0087891
-0.013184
-0.029449
-0.037109
-0.027588
-0.0080872
0.0038757
0.00354
-0.0073853
-0.01059
-0.0046082
0.0029297
0.0075378
0.0042419
-0.0048218
-0.019897
-0.027802
-0.019348
-0.025543
-0.03302
-0.010437
0.0096741
0.016846
0.039154
0.054993
0.051697
0.040466
0.030396
0.014435
-0.0072021
-0.016815
-0.014496
-0.010315
-0.0016174
0.012848
0.0177
0.013092
0.016022
0.022247
0.017181
0.0053101
-0.0047302
-0.017334
-0.025574
-0.025177
-0.016663
-0.0043335
0.0050659
0.0042114
-0.0016479
0.002533
0.001709
-0.013275
-0.021576
-0.020294
-0.015564
-0.02121
-0.030609
-0.041412
-0.1243
-0.1973
-0.16385
-0.085297
0.0112
0.12991
0.1954
0.19238
0.16995
0.16043
0.14374
0.088654
0.029419
-0.031738
-0.076996
-0.08844
-0.063538
-0.016815
0.020752
0.044769
0.058167
0.058685
0.046631
0.018799
-0.015717
-0.04483
-0.083496
-0.10944
-0.10654
-0.083008
-0.049164
-0.014618
0.015228
0.026764
0.020111
0.015442
0.016235
0.017761
0.015869
0.0045471
-0.0095215
-0.020844
-0.021149
-0.011658
-0.0017395
-0.0011597
-0.0080566
-0.014709
-0.013367
-0.0056458
0.008606
0.016785
0.0077209
-0.0056763
-0.021088
-0.040466
-0.032532
-0.0045776
0.013
0.020721
0.025055
0.02124
0.018433
0.024261
0.035706
0.03244
0.016052
0.0023499
-0.0067749
-0.0066223
0.0030212
0.010925
0.0093079
0.0022278
-0.00015259
0.0005188
0
0.00036621
-0.0044861
-0.0096436
-0.010529
-0.010834
-0.0054321
0.0021667
0.0088501
0.014709
0.012604
0.0087585
0.0050354
-0.011963
-0.026245
-0.025024
-0.019073
-0.018494
-0.027893
-0.026794
-0.072174
-0.18417
-0.20676
-0.13733
-0.051147
0.070709
0.18304
0.2157
0.19189
0.16037
0.14865
0.11157
0.051636
0.0028381
-0.050232
-0.085846
-0.084869
-0.045258
0.0079651
0.03476
0.054413
0.06543
0.051605
0.029297
-0.00177
-0.030182
-0.060333
-0.097137
-0.11069
-0.095428
-0.062653
-0.026581
0.0018921
0.022003
0.022675
0.014221
0.015778
0.017639
0.014435
0.0083923
0.0033875
-0.0030212
-0.012146
-0.012756
-0.0078125
-0.0072632
-0.0093384
-0.013275
-0.013916
-0.010803
-0.0048523
0.0039062
0.001709
-0.0059509
-0.01886
-0.03717
-0.032684
-0.011505
0.0092163
0.030548
0.038391
0.026306
0.016998
0.02182
0.031097
0.02771
0.017517
0.0097351
-6.1035e-05
-0.0031433
0.00021362
0.0050659
0.0044861
-0.0018005
-0.0031128
-0.0010681
-0.0047607
-0.008606
-0.010193
-0.0084229
-0.0053406
-0.0011902
0.0058899
0.012054
0.012482
0.015869
0.017456
0.010468
0.0020447
-0.010468
-0.019867
-0.021545
-0.018127
-0.024963
-0.041046
-0.0448
-0.11621
-0.21429
-0.20322
-0.1153
-0.0028076
0.13599
0.22861
0.23389
0.18442
0.13721
0.11221
0.06601
0.020813
-0.016815
-0.053314
-0.075745
-0.067932
-0.02536
0.020447
0.048004
0.065063
0.064606
0.038757
0.00094604
-0.031952
-0.048828
-0.072083
-0.087921
-0.082916
-0.07019
-0.050568
-0.027649
0.0020752
0.022949
0.020813
0.012726
0.0049744
-0.0020752
-0.0024414
0.0015564
0.0084229
0.0084229
0.0028381
-0.0021973
-0.0055847
-0.0036621
-0.0010376
-0.0063171
-0.013794
-0.019592
-0.017517
-0.0065308
0.0035095
0.0049438
-0.0068054
-0.022614
-0.020844
-0.0021667
0.017609
0.031403
0.034637
0.026855
0.019958
0.023376
0.03067
0.023102
0.0078735
-0.005127
-0.015106
-0.017944
-0.0092468
-0.0010986
0.00085449
-0.0021667
-0.0016479
0.0019531
-3.0518e-05
-0.0094604
-0.014709
-0.0073853
0.0021667
0.01004
0.018524
0.024261
0.021729
0.02121
0.012146
-0.0020752
-0.014496
-0.025818
-0.036865
-0.037598
-0.041046
-0.042633
-0.084076
-0.18365
-0.21109
-0.15073
-0.048889
0.085724
0.20349
0.2406
0.2131
0.15894
0.12219
0.079987
0.027466
-0.0112
-0.041473
-0.057556
-0.062622
-0.03418
0.013489
0.040131
0.051636
0.057556
0.043243
0.010529
-0.024231
-0.043274
-0.064209
-0.090637
-0.086884
-0.06192
-0.034851
-0.017487
-0.0025635
0.0072937
0.0040894
0.0024109
0.013214
0.017761
0.010376
-0.0043335
-0.0097961
-0.0061951
-0.0052185
0.0023804
0.0096741
0.0059509
-0.0062866
-0.013916
-0.011993
-0.012634
-0.017914
-0.016144
-0.009552
-0.010925
-0.023285
-0.019043
0.001709
0.017456
0.026733
0.035034
0.029877
0.016815
0.015411
0.026917
0.029816
0.017792
0.0081482
0.003479
-0.0048523
-0.0098877
-0.0063477
-0.0056458
-0.010254
-0.011261
-0.0066223
-0.0065918
-0.010468
-0.013916
-0.012695
-0.0067139
-0.0010986
0.0067444
0.019012
0.023712
0.023193
0.025452
0.020386
0.011688
-0.0036011
-0.028687
-0.041473
-0.05127
-0.051727
-0.085236
-0.18491
-0.21481
-0.15652
-0.06192
0.075165
0.20334
0.245
0.21597
0.16028
0.1301
0.091797
0.035706
-0.0007019
-0.040863
-0.075043
-0.07959
-0.041473
0.01355
0.048279
0.070404
0.08136
0.055817
0.010651
-0.030609
-0.058075
-0.073761
-0.09024
-0.090698
-0.079346
-0.062103
-0.036743
-0.0018616
0.026062
0.030884
0.019958
0.0087891
-0.0074463
-0.018005
-0.01178
0.00039673
0.0064392
6.1035e-05
-0.0064697
-0.010254
-0.0093079
-0.0023804
0.0057373
0.010498
0.0088806
-0.0028992
-0.013
-0.01413
-0.016235
-0.030182
-0.030029
-0.0042725
0.016388
0.031769
0.049988
0.048981
0.031494
0.022552
0.026611
0.025635
0.009613
0.0019226
0.0042725
-0.0048523
-0.012543
-0.006958
-0.0043335
-0.013794
-0.015747
-0.0098267
-0.010132
-0.015747
-0.020844
-0.018951
-0.015869
-0.0095215
0.006897
0.022278
0.024384
0.025024
0.02655
0.022339
0.010315
-0.0079651
-0.028351
-0.046631
-0.072906
-0.16046
-0.22171
-0.18823
-0.10309
0.007782
0.13504
0.2103
0.21811
0.18719
0.1579
0.13541
0.077118
0.015289
-0.0336
-0.074524
-0.094971
-0.071564
-0.019897
0.021271
0.048431
0.076691
0.084503
0.057068
0.023407
-0.0065918
-0.038574
-0.082428
-0.11063
-0.11319
-0.10455
-0.083954
-0.039154
0.0099182
0.033295
0.036072
0.033936
0.028137
0.013855
0.0031738
-0.0079651
-0.021942
-0.031281
-0.026062
-0.0096436
0.0050964
0.010925
0.0079041
0.0014038
-0.0083008
-0.016541
-0.019073
-0.0082092
0.0079956
0.017944
0.02179
0.023987
0.022125
0.019073
0.0177
0.015656
0.0089417
0.00048828
0.002594
0.013062
0.023285
0.032745
0.035583
0.02536
0.0038757
-0.016693
-0.022308
-0.021606
-0.023682
-0.028473
-0.033173
-0.035858
-0.031006
-0.0159
-0.00048828
0.0056458
0.0095825
0.014618
0.015137
0.0159
0.017059
0.0088196
-0.015869
-0.032898
-0.075378
-0.17975
-0.23126
-0.18088
-0.085602
0.038239
0.16907
0.23456
0.22751
0.18478
0.15753
0.13174
0.07251
0.010071
-0.046051
-0.098694
-0.1217
-0.089172
-0.026398
0.025879
0.057404
0.080017
0.078491
0.050995
0.025269
0.0050049
-0.026123
-0.070709
-0.10138
-0.10278
-0.08551
-0.056366
-0.021484
0.001709
0.0033569
-0.0029602
0.0027466
0.020233
0.028503
0.02359
0.012726
-0.0066223
-0.032593
-0.042419
-0.031494
-0.017029
-0.0070496
-0.0021667
-0.0058594
-0.011353
-0.0083313
-0.0015564
0.0067139
0.020813
0.027313
0.025879
0.025452
0.02356
0.024414
0.028046
0.026886
0.019989
0.0059204
-0.0083008
-0.0067444
0.0079041
0.021057
0.026947
0.020416
0.0036926
-0.0092773
-0.012726
-0.013458
-0.015503
-0.027405
-0.039032
-0.038879
-0.0336
-0.023956
-0.009613
-0.0043945
-0.0051575
-0.0032654
0.0046692
0.013733
0.012512
-0.0018921
-0.062225
-0.14661
-0.17212
-0.13773
-0.074829
0.025269
0.11102
0.14633
0.16595
0.18399
0.19522
0.181
0.12466
0.04715
-0.029999
-0.10046
-0.12885
-0.10464
-0.0672
-0.033295
0.002533
0.040497
0.072357
0.085968
0.0802
0.059753
0.010864
-0.057434
-0.10184
-0.11368
-0.11182
-0.099243
-0.074921
-0.044189
-0.011688
0.022888
0.059723
0.079254
0.066833
0.03656
0.0071716
-0.018463
-0.034698
-0.037872
-0.040314
-0.049011
-0.053894
-0.045135
-0.026031
-0.0023499
0.019958
0.040161
0.047211
0.038727
0.03476
0.037354
0.035553
0.029114
0.016785
0.0014954
-0.010956
-0.019287
-0.011963
0.0071411
0.021149
0.027069
0.029175
0.026672
0.02063
0.011688
0.004425
-0.0026245
-0.019379
-0.043884
-0.056091
-0.049622
-0.041809
-0.034363
-0.020081
-0.0090027
-0.009552
-0.0047607
0.0083923
0.016907
0.0063782
-0.035217
-0.087311
-0.10312
-0.094269
-0.080688
-0.029175
0.036255
0.071564
0.10443
0.15057
0.17517
0.17291
0.14737
0.097168
0.041992
-0.011169
-0.063629
-0.093903
-0.10086
-0.099548
-0.071198
-0.018433
0.023529
0.052368
0.068451
0.058044
0.035797
0.013824
-0.010498
-0.031006
-0.049347
-0.069458
-0.078735
-0.070862
-0.052002
-0.026978
-0.0033264
0.0054016
0.0045166
0.0074768
0.01413
0.020844
0.025085
0.019043
0.0066528
-0.0038147
-0.015808
-0.022156
-0.020264
-0.021606
-0.021027
-0.010254
0.0015869
0.01474
0.035583
0.050293
0.047699
0.03833
0.027405
0.0096741
-0.0071716
-0.012878
-0.013062
-0.014832
-0.014221
-0.010223
-0.0075378
-0.0075378
-0.0059204
-0.0016479
0.0010681
0.0015259
0.0010071
-0.0028992
-0.0086365
-0.01004
-0.011444
-0.017059
-0.021942
-0.02597
-0.031921
-0.033325
-0.027039
-0.015381
-0.0032349
0.0015869
-0.0028687
-0.0045776
0.0097961
0.038422
0.061249
0.066895
0.059631
0.048676
0.04361
0.044067
0.038208
0.020752
0.0024719
-0.0049438
-0.0021667
0.0038147
0.0042725
-0.0033569
-0.014832
-0.025848
-0.030273
-0.026123
-0.024139
-0.031677
-0.039551
-0.036591
-0.023834
-0.010071
-0.00057983
0.0032043
0.00054932
-0.0024109
6.1035e-05
0.0031738
0.0056152
0.0072632
0.0067749
0.0071716
0.007782
0.0063477
0.0033875
-0.0024414
-0.0079041
-0.0094299
-0.0090942
-0.0065308
-0.002655
-0.0012512
-0.00061035
-0.0014343
-0.0050354
-0.0038452
0.0035706
0.0078125
0.0055542
0.0044861
0.0081177
0.011414
0.015472
0.019653
0.018036
0.0083923
-0.0039673
-0.01532
-0.02124
-0.020081
-0.013489
-0.0089111
-0.011963
-0.0159
-0.015137
-0.0064697
0.0082092
0.020752
0.024353
0.017059
0.0011597
-0.013
-0.01593
-0.0088196
6.1035e-05
0.0071716
0.0083313
0.0048218
0.0054321
0.012909
0.018707
0.015564
0.0074158
-0.00018311
-0.0077209
-0.012573
-0.008606
-0.0019226
-0.00033569
-0.0052185
-0.012329
-0.013123
-0.0072937
0.00094604
0.012421
0.022278
0.024567
0.022064
0.018433
0.013611
0.0091248
0.0043335
