0.0024719
-0.00030518
-0.0022583
0.0036316
0.0018311
-0.0032959
0.0027771
-0.0015869
-0.0043335
0.00027466
-0.00018311
6.1035e-05
-0.0013733
0.00085449
0.00354
-0.00067139
-0.0056458
-0.0010986
-0.0039978
-0.037506
0.0023193
0.013977
-0.014557
0.038544
0.031494
0.0074463
0.040955
0.010712
0.0024414
-0.0059509
-0.018433
-0.025909
-0.038025
-0.011292
-0.033173
-0.016571
0.0047913
-0.0078125
0.017334
0.021942
0.014526
0.021332
0.0097351
0.0083313
-0.0021667
-0.0021362
-0.0045776
-0.017761
-0.0011597
-0.011292
-0.0072937
-0.00018311
0.00094604
-0.009491
-0.00076294
0.005249
0.0030212
0.011658
0.01181
0.0020752
0.0029907
0.006073
0.0069275
0.009552
-0.0032654
0.00018311
-0.0050659
-0.0079651
-0.0022278
-0.0032349
-0.0028381
-0.00079346
0.010193
0.010986
0.012146
0.014526
0.0026855
0.0016785
0.0035095
-0.0093994
-0.0040894
-0.006012
-0.017761
-0.005127
-0.0095215
-0.010468
-0.0044861
-0.0033569
-0.0053711
0.0035706
0.01001
0.00082397
0.0024109
0.0049744
-0.0083313
-0.0051575
0.0025635
-0.0029907
-0.0076904
-0.020264
-0.071075
-0.086395
-0.075806
-0.068604
-0.043579
-0.0054016
-0.0048523
0.019043
0.075409
0.11548
0.13202
0.14459
0.12329
0.088257
0.080048
0.062653
0.021912
-0.022217
-0.059204
-0.092743
-0.096222
-0.074646
-0.06662
-0.059113
-0.04184
-0.020782
0.00079346
0.033173
0.048462
0.039032
0.028137
0.017792
0.0007019
-0.0097656
-0.019775
-0.040588
-0.056061
-0.054413
-0.045288
-0.033234
-0.013733
0.0026245
0.010437
0.02597
0.039764
0.042572
0.042786
0.033478
0.01651
0.00097656
-0.010437
-0.022491
-0.036865
-0.046234
-0.054749
-0.04834
-0.026672
-0.0022583
0.019226
0.041199
0.053314
0.061493
0.066071
0.064575
0.047363
0.025787
0.0057068
-0.015106
-0.025299
-0.028564
-0.028137
-0.027924
-0.021454
-0.011902
-0.0018921
0.011047
0.0159
0.014008
0.014191
0.011627
0.0031433
-0.0024719
-0.004303
-0.0096436
-0.016418
-0.013885
-0.021698
-0.029724
-0.030823
-0.054199
-0.061676
-0.11554
-0.16608
-0.14651
-0.10675
-0.053772
0.034027
0.1048
0.12167
0.16644
0.22464
0.23932
0.21286
0.16953
0.093658
0.0054016
-0.036316
-0.068298
-0.10818
-0.14023
-0.14511
-0.12448
-0.078613
-0.011627
0.042267
0.061462
0.067871
0.073975
0.061646
0.045776
0.02478
-0.01889
-0.070435
-0.10159
-0.11017
-0.10596
-0.082214
-0.05191
-0.02832
-0.0031738
0.037476
0.073486
0.092102
0.093872
0.079041
0.050323
0.016876
-0.006073
-0.030701
-0.058472
-0.07486
-0.080902
-0.074799
-0.055298
-0.022827
0.0074463
0.029663
0.049561
0.058167
0.050018
0.041901
0.02774
0.0031433
-0.0074463
-0.0090942
-0.015015
-0.019592
-0.013641
-0.0076599
-0.0011597
0.010162
0.019562
0.017761
0.018097
0.022797
0.022491
0.022125
0.016235
0.004425
-0.0043945
-0.0065002
-0.0046082
-0.007019
-0.012115
-0.0072937
-0.00048828
-0.00067139
0.00354
0.0064697
0.0027771
-0.0028381
-0.0057373
-0.011017
-0.021881
-0.039642
-0.059387
-0.070923
-0.13791
-0.20404
-0.16599
-0.11771
-0.057404
0.049713
0.13828
0.15585
0.19244
0.255
0.26697
0.22104
0.15579
0.071869
-0.031982
-0.090668
-0.11215
-0.13379
-0.15979
-0.14825
-0.10059
-0.040375
0.036133
0.10089
0.11978
0.10297
0.084808
0.056793
0.020691
-0.018311
-0.067169
-0.12103
-0.15131
-0.14688
-0.12094
-0.076599
-0.029694
0.012482
0.046814
0.080444
0.10693
0.11295
0.097748
0.060577
0.015717
-0.024261
-0.053711
-0.073547
-0.089325
-0.093994
-0.080994
-0.054413
-0.019226
0.016815
0.04657
0.07074
0.080048
0.077271
0.065369
0.038361
0.0050964
-0.026215
-0.049561
-0.062958
-0.066223
-0.055054
-0.031403
-0.0036011
0.022705
0.047791
0.062988
0.065643
0.061951
0.054718
0.037689
0.016235
-0.0013123
-0.015381
-0.024414
-0.022156
-0.014893
-0.008667
-0.0019226
0.0023804
0.0075989
0.01239
0.0095215
0.00024414
-0.012115
-0.010559
-0.0056458
-0.0112
-0.016876
-0.033051
-0.050934
-0.074585
-0.081421
-0.12659
-0.21512
-0.19406
-0.12671
-0.049988
0.059143
0.16931
0.19965
0.21161
0.24881
0.26813
0.23016
0.14368
0.058319
-0.048828
-0.12558
-0.14978
-0.1416
-0.13834
-0.12701
-0.075745
-0.0063782
0.059235
0.1145
0.14258
0.11923
0.072113
0.018188
-0.025024
-0.066437
-0.10773
-0.13733
-0.15405
-0.14825
-0.11096
-0.049225
0.01358
0.066956
0.098938
0.1123
0.11298
0.099091
0.076569
0.037323
-0.010895
-0.05835
-0.092651
-0.10568
-0.097687
-0.07254
-0.041901
-0.0082703
0.022461
0.050293
0.074951
0.086823
0.082184
0.059174
0.022491
-0.014374
-0.043976
-0.069336
-0.089203
-0.088287
-0.068268
-0.034454
0.0065002
0.046814
0.070526
0.075439
0.075378
0.073151
0.058044
0.031677
0.0032349
-0.020569
-0.031097
-0.031158
-0.020233
-0.0079041
-0.0032349
0.0034485
0.010925
0.020203
0.023254
0.018646
0.0072937
-0.001709
-0.0048523
-0.01297
-0.019928
-0.028076
-0.046082
-0.046112
-0.065552
-0.086853
-0.12344
-0.22775
-0.22931
-0.14716
-0.048187
0.060059
0.17981
0.22192
0.22086
0.24728
0.27194
0.24387
0.14584
0.049957
-0.044739
-0.12952
-0.16211
-0.14551
-0.12521
-0.11246
-0.071838
0.0028992
0.069336
0.11578
0.14722
0.13171
0.072418
0.0037537
-0.046478
-0.077057
-0.11227
-0.14142
-0.15005
-0.13699
-0.10736
-0.050537
0.021545
0.077484
0.10468
0.11426
0.112
0.08905
0.057526
0.025391
-0.013733
-0.060272
-0.097229
-0.108
-0.096863
-0.072144
-0.03717
0.0022278
0.033875
0.056305
0.068573
0.07373
0.067078
0.039215
0.0038147
-0.033234
-0.062073
-0.074707
-0.060944
-0.02713
0.00057983
0.016876
0.029114
0.038788
0.042572
0.043701
0.03952
0.02594
0.006134
-0.0026855
-0.00061035
0.0041809
0.0078125
0.0040283
-0.0039978
-0.0058289
-0.00082397
0.00054932
-0.0016785
-0.0018921
0.00045776
0.0050659
0.010406
0.010406
0.0018921
-0.010315
-0.018036
-0.023376
-0.048889
-0.06665
-0.14883
-0.27664
-0.25507
-0.15805
-0.058105
0.072021
0.20065
0.22717
0.22507
0.25595
0.28256
0.24759
0.13434
0.035675
-0.060211
-0.14145
-0.16135
-0.12744
-0.10367
-0.093231
-0.061737
0.0070496
0.063202
0.10107
0.1264
0.10529
0.044281
-0.02951
-0.06958
-0.083405
-0.10251
-0.11981
-0.12323
-0.12064
-0.097778
-0.037994
0.034912
0.090057
0.10471
0.093964
0.081116
0.057617
0.032623
0.012817
-0.012665
-0.050903
-0.081757
-0.084625
-0.061249
-0.031952
-0.0065002
0.020233
0.035461
0.03952
0.044189
0.052155
0.041931
0.01123
-0.03125
-0.038757
-0.024353
-0.013916
0.0015869
0.025757
0.019836
0.0030212
0.014709
0.022156
0.0092163
-0.013672
-0.016602
-0.0097961
-0.0012207
0.01062
0.019958
0.012329
-0.0023804
-0.0053406
-0.004364
-0.0039673
-0.0019836
-0.0031128
-0.0058594
0.0072937
0.017944
0.027313
0.032501
0.016052
-0.013428
-0.030975
-0.04715
-0.076721
-0.20386
-0.30188
-0.24878
-0.15863
-0.051178
0.1171
0.22784
0.23895
0.25201
0.28275
0.29184
0.22568
0.10498
0.01123
-0.097931
-0.17871
-0.17734
-0.12552
-0.089264
-0.057465
-0.0022888
0.065887
0.10016
0.1138
0.11581
0.070251
-0.014709
-0.092316
-0.12256
-0.13614
-0.14703
-0.13617
-0.098785
-0.061707
-0.019684
0.039429
0.091614
0.11557
0.10327
0.078583
0.052917
0.013214
-0.026489
-0.049622
-0.069794
-0.085236
-0.080078
-0.052124
-0.015198
0.019623
0.050201
0.069031
0.064087
0.040527
0.014587
0.0021057
-0.0045166
-0.0096436
-0.0079346
-0.0033569
-0.0087891
-0.0086365
0.0078125
0.023529
0.031982
0.02478
0.013702
0.006958
-0.00021362
-0.0028687
0.0013733
-0.0012817
-0.016571
-0.031189
-0.029694
-0.021667
-0.025208
-0.023071
-0.011261
-0.0083313
-0.0046692
0.019226
0.042023
0.046814
0.045746
0.040039
0.018219
-0.004303
-0.025574
-0.052612
-0.18671
-0.32352
-0.27939
-0.17444
-0.069946
0.09729
0.23099
0.22867
0.22421
0.263
0.28662
0.23212
0.098419
-0.0038147
-0.093445
-0.17386
-0.17316
-0.10434
-0.074005
-0.05368
0.00024414
0.073395
0.12091
0.13126
0.1246
0.085236
-0.0039062
-0.085602
-0.11127
-0.12143
-0.13531
-0.13983
-0.11697
-0.082611
-0.040771
0.022217
0.082672
0.10492
0.091766
0.063934
0.035797
0.0028381
-0.027252
-0.045227
-0.056763
-0.068115
-0.069672
-0.054138
-0.030396
-0.0067444
0.015717
0.03186
0.039154
0.03891
0.033142
0.035004
0.037903
0.029449
0.020752
0.017609
0.010651
-0.0039368
-0.0058594
0.0049744
0.010437
0.010437
0.013153
0.017639
0.012482
0.0061035
0.01059
0.014191
0.002533
-0.012543
-0.020752
-0.03125
-0.048187
-0.054077
-0.042694
-0.029053
-0.014069
0.0088501
0.027618
0.039398
0.049561
0.047455
0.038666
0.029999
-0.030609
-0.22873
-0.33737
-0.26111
-0.17642
-0.083527
0.10342
0.19647
0.18143
0.23087
0.31451
0.33353
0.2457
0.098114
-0.0065308
-0.098572
-0.17621
-0.15338
-0.094177
-0.10519
-0.10114
-0.03772
0.047302
0.11526
0.14426
0.13828
0.09079
-0.010101
-0.078888
-0.077271
-0.083801
-0.10904
-0.12057
-0.11722
-0.10086
-0.058533
0.0090637
0.0755
0.087982
0.060516
0.048157
0.041046
0.022186
0.0054321
-0.015198
-0.04895
-0.082397
-0.087646
-0.060608
-0.025024
-0.013519
0.0011292
0.018494
0.027618
0.041229
0.054993
0.051666
0.03949
0.025299
0.015015
0.014496
0.0086975
0.0053406
0.01355
0.015533
0.013245
0.016693
0.014557
0.011963
0.010925
0.0042725
-0.0011902
-0.0016479
-0.006134
-0.014099
-0.018951
-0.020508
-0.032013
-0.044281
-0.038239
-0.019135
-0.008728
-0.004425
0.0011292
0.0035706
0.006897
0.023407
0.043396
-0.075226
-0.2601
-0.2569
-0.15842
-0.11191
0.0030212
0.13986
0.12274
0.12125
0.22592
0.30548
0.2933
0.19226
0.067108
-0.0090637
-0.059601
-0.098236
-0.066528
-0.07254
-0.13376
-0.12439
-0.034058
0.035797
0.082458
0.093719
0.062561
0.017822
-0.025299
-0.033905
-0.0052185
-0.026001
-0.09137
-0.12134
-0.11301
-0.0961
-0.045197
0.010254
0.041992
0.044647
0.036194
0.044281
0.065979
0.064178
0.037933
0.0061951
-0.042236
-0.08255
-0.079895
-0.051178
-0.038544
-0.038177
-0.027344
-0.0099182
0.012512
0.03656
0.057861
0.059509
0.044617
0.035034
0.036774
0.033478
0.017426
0.008728
0.00354
-0.00064087
-0.0015259
0.0044556
0.004364
0.0033875
0.0033569
0.0029907
0.0088196
0.010956
-0.00012207
-0.011292
-0.012085
-0.018677
-0.030121
-0.031982
-0.027954
-0.032867
-0.03476
-0.022461
-0.0065613
0.0074463
0.03006
0.04364
-0.057007
-0.19351
-0.1817
-0.094147
-0.07428
-0.025604
0.047424
0.042572
0.058746
0.17569
0.26123
0.24768
0.18286
0.091187
0.027191
0.022034
0.012634
-0.030426
-0.075256
-0.10583
-0.1145
-0.066864
-0.00018311
0.027466
0.0093384
-0.011688
-0.028778
-0.027679
0.0029602
0.026123
0.0072632
-0.028595
-0.043793
-0.039764
-0.028656
-0.018829
-0.019135
-0.026062
-0.029541
-0.019501
0.0050964
0.031799
0.035339
0.020447
0.011414
0.0089111
0.00033569
-0.012054
-0.020782
-0.031982
-0.039978
-0.029785
0.00045776
0.022369
0.023865
0.018097
0.0074463
-0.0030518
0.0010376
0.016052
0.015106
0.0011902
-0.012238
-0.011414
0.0021057
0.015656
0.029816
0.036102
0.02655
0.0094604
0.0041199
0.01297
0.019592
0.0072327
-0.013489
-0.024536
-0.033813
-0.037354
-0.019348
0.0077209
0.011963
-0.0010986
-0.0031433
0.0069275
0.012573
0.014465
0.017029
0.0088501
-0.011993
-0.025421
-0.022736
-0.01535
-0.015656
-0.016724
-0.014069
-0.013824
-0.012909
-0.00048828
0.013
0.010925
-0.0030518
-0.015259
-0.024048
-0.026337
-0.014343
0.0046997
0.013672
0.011108
0.018921
0.038849
0.056854
0.061859
0.05542
0.043427
0.031372
0.023956
0.026031
0.029083
0.021027
0.0019226
-0.011108
-0.015625
-0.019989
-0.027039
-0.0354
-0.047729
-0.056763
-0.052887
-0.03833
-0.022339
-0.01413
-0.012238
-0.011017
-0.0096741
-0.0059814
-0.00097656
0.0019226
-0.00021362
-0.0025024
-0.00088501
0.0053101
0.013092
0.020538
0.019836
0.0099487
0.00030518
-0.0027466
-0.0011902
0.00012207
-0.0027161
-0.010773
-0.016083
-0.011993
-0.0041504
0.004425
0.0097351
0.012665
0.017883
0.022522
0.023346
0.020264
0.014465
0.0074158
0.0052185
0.0053101
0.0057678
0.0058899
0.00021362
-0.0018616
0.0015259
0.0028687
0.0019836
0.0014343
-0.0026245
-0.00354
0.0021362
0.0028992
-0.0030823
-0.01178
-0.020905
-0.031067
-0.038177
-0.038361
-0.031219
-0.022034
-0.0097351
0.0040588
0.011108
0.014893
0.016205
0.01355
0.010193
0.008667
0.0055847
0.0011902
-0.00018311
0.0046387
0.010071
0.010162
0.0057373
-0.00024414
-0.004303
-0.0027161
-0.0010986
0.00012207
0.0040894
0.007019
0.0096741
0.017639
0.025269
0.023804
0.015717
0.0043945
-0.0014038
0.00012207
0.0024414
0.0016785
-0.0050049
-0.012299
-0.012512
-0.0045166
6.1035e-05
-0.0034485
-0.0092468
-0.015137
-0.016998
-0.006958
0.0080566
