-0.0032654
-0.011566
0.01712
-0.00064087
-0.0091248
0.0050659
-0.0027771
-0.00354
0.00024414
-0.0013123
-0.0039978
0.0023804
-0.0030518
-0.0020142
0.0030518
-0.0028381
-0.00021362
0.0018311
-0.00057983
-0.0007019
0.0014343
-0.0012512
0.0038452
0.0056458
-0.0019226
-0.00027466
0.0026245
-0.00067139
-0.001709
-0.0014038
0.0035706
-0.0093384
-0.021545
0.022186
-0.00061035
-0.010223
0.02002
-0.00054932
-0.0016785
0.0077515
0.0047913
0.00088501
-0.00088501
-0.0032654
-0.0031433
-0.0016785
-0.0054016
-0.0082092
-0.0024719
-0.0022888
-0.010071
-0.0046692
0.00039673
0.0055847
-0.00057983
0.0019531
0.013428
0.0030518
0.00036621
0.0054932
0.0079651
-0.0052795
-0.0049133
0.0071106
-0.0065613
-0.0047607
0.0039978
-0.0023193
-0.0044861
0.0019531
0.00073242
-0.0029907
0.0021667
0.0022888
-0.0024719
-0.0022888
0.00085449
-0.0035706
-0.0013733
0.0067139
0.0047607
-0.00094604
0.0068359
0.0021667
-0.0032959
0.0055542
0.0045776
-0.010406
0.010956
-0.00354
-0.0080872
0.0059204
-0.016357
-0.02243
-0.018158
-0.034088
-0.0091858
0.028015
0.010834
0.036011
0.049622
0.033752
0.029999
0.020813
0.010498
-0.024933
-0.016296
-0.022705
-0.038055
-0.027069
-0.030518
-0.031891
-0.015717
-0.0093079
-0.0087891
0.0051575
0.0096741
0.0048523
0.01828
0.017456
0.0092163
0.011749
0.015686
0.010956
0.011719
0.0054626
-0.0018616
-0.008667
-0.0058594
-0.0081787
-0.010193
-0.0035095
-0.0046387
-0.0072632
-0.0062866
0.007843
-0.0032043
0.0089111
0.010468
0.011505
0.015778
0.01355
0.0097046
-0.0038757
-0.005127
-0.0077209
-0.017639
0.0028381
-0.0096741
-0.0037231
0.016541
0.0039368
0.017517
0.023804
0.009613
0.013672
0.012665
0.0013428
-0.0094604
-0.0094604
-0.023163
-0.028809
-0.021515
-0.023193
-0.019226
-0.0084534
-0.0050964
-0.00054932
0.0051575
0.0027466
0.0019836
0.0016174
0.0050049
0.0050049
0.0024414
-0.0093384
-0.018036
-0.058014
-0.072998
-0.062836
-0.065491
-0.053894
-0.013733
-0.0081787
0.024078
0.081116
0.11203
0.1225
0.13687
0.11823
0.093353
0.087585
0.058197
0.0089111
-0.025909
-0.058716
-0.084442
-0.075226
-0.068817
-0.07254
-0.062103
-0.04184
-0.021118
0.0096436
0.031677
0.029633
0.024597
0.024414
0.014557
0.0056152
-0.0040283
-0.028625
-0.043152
-0.041962
-0.03894
-0.035583
-0.022339
-0.01355
-0.0028381
0.016846
0.029053
0.034149
0.031769
0.028229
0.02475
0.018005
0.0028076
-0.015228
-0.03775
-0.045227
-0.038208
-0.032043
-0.023651
-0.0075073
0.0061951
0.026642
0.053467
0.060089
0.051025
0.046112
0.037476
0.026794
0.01532
-0.0021057
-0.019409
-0.027496
-0.023621
-0.019653
-0.01825
-0.01178
-0.0071106
-0.002594
0.0099182
0.013214
0.0079651
0.0023193
-0.0013733
-0.0042725
-0.011139
-0.017212
-0.023285
-0.035614
-0.031464
-0.023407
-0.041138
-0.045868
-0.11472
-0.1687
-0.11996
-0.083557
-0.043579
0.051666
0.088959
0.099243
0.18607
0.24982
0.23492
0.19608
0.15112
0.053711
0.0022888
-0.0059814
-0.066528
-0.12875
-0.14554
-0.13831
-0.10559
-0.028015
0.024506
0.030121
0.037964
0.064667
0.064972
0.053253
0.037018
-0.019501
-0.074738
-0.091492
-0.094513
-0.1026
-0.08786
-0.070007
-0.052673
-0.0080566
0.043671
0.068237
0.079987
0.086517
0.068878
0.046417
0.033905
0.0053711
-0.036713
-0.063599
-0.074677
-0.076416
-0.061493
-0.036346
-0.01355
0.0038757
0.030212
0.048737
0.051117
0.046722
0.035706
0.015015
0.0057373
0.00094604
-0.0055237
-0.0075989
-0.0024719
-0.0010986
-0.00039673
0.0056152
0.010193
0.0088196
0.011749
0.01651
0.016724
0.016541
0.013397
0.010284
0.00094604
-0.0058594
-0.0076294
-0.01059
-0.012665
-0.011444
-0.011078
-0.006073
0.0016174
0.012573
0.01297
0.0046692
-0.0074768
-0.011749
-0.017548
-0.020172
-0.023712
-0.049927
-0.080627
-0.1868
-0.21033
-0.1402
-0.089264
-0.015717
0.092102
0.11749
0.14597
0.2388
0.28979
0.24496
0.17078
0.097809
-0.0097351
-0.055725
-0.064636
-0.10934
-0.15515
-0.15485
-0.10712
-0.038025
0.048798
0.10025
0.10074
0.081665
0.074219
0.051117
0.015411
-0.024872
-0.085022
-0.14072
-0.15762
-0.12921
-0.097046
-0.052032
-0.0094604
0.022522
0.056183
0.093109
0.11032
0.095886
0.066711
0.024445
-0.017609
-0.045074
-0.061584
-0.076691
-0.079651
-0.07428
-0.054932
-0.018707
0.020355
0.051636
0.062286
0.063202
0.059479
0.049591
0.032166
0.0016174
-0.032959
-0.062134
-0.071381
-0.051239
-0.019318
0.0083923
0.025208
0.037109
0.048248
0.057281
0.05835
0.044189
0.017487
-0.0030823
-0.013977
-0.012054
-0.0090332
-0.018127
-0.021332
-0.011719
0.0019226
0.011993
0.01889
0.014496
0.0074158
0.010559
0.010559
0.0007019
-0.01178
-0.025696
-0.034058
-0.02829
-0.02713
-0.035919
-0.035248
-0.032135
-0.048401
-0.049225
-0.14362
-0.20975
-0.14758
-0.082336
-0.0097046
0.11554
0.16318
0.15549
0.20456
0.26291
0.24136
0.15555
0.08139
-0.019379
-0.098419
-0.099396
-0.08844
-0.10147
-0.10895
-0.062653
0.0017395
0.067841
0.12341
0.13037
0.076874
0.024841
-0.0096436
-0.048615
-0.081848
-0.11673
-0.1478
-0.159
-0.11926
-0.056427
0.0045776
0.049957
0.075562
0.086761
0.087952
0.086334
0.067719
0.027588
-0.021606
-0.060486
-0.081207
-0.081116
-0.07254
-0.056915
-0.031891
-0.0039978
0.029022
0.055389
0.066864
0.065857
0.05661
0.033844
0.0053711
-0.023285
-0.053345
-0.065552
-0.058563
-0.051025
-0.036774
-0.0028687
0.028168
0.048889
0.066071
0.068329
0.049713
0.030121
0.022736
0.0093384
-0.0068359
-0.016846
-0.018127
-0.01767
-0.011292
0.0015564
0.0086365
0.011139
0.017517
0.015991
0.013336
0.016022
0.0065308
-0.0066223
-0.0072632
-0.0090332
-0.023315
-0.028656
-0.032257
-0.044403
-0.041138
-0.018585
-0.030579
-0.044037
-0.10446
-0.22308
-0.20132
-0.1095
-0.02887
0.073639
0.17111
0.17856
0.19116
0.24597
0.25903
0.18814
0.076172
-0.0078735
-0.094147
-0.12463
-0.099304
-0.071686
-0.079773
-0.063751
0.0064087
0.066315
0.11078
0.13211
0.10168
0.020691
-0.041626
-0.081879
-0.10635
-0.11609
-0.12015
-0.11887
-0.10251
-0.047089
0.017029
0.068268
0.088257
0.08197
0.06546
0.044128
0.025696
0.00054932
-0.025848
-0.052277
-0.066132
-0.064789
-0.048218
-0.026825
-0.005127
0.014038
0.029572
0.039246
0.039001
0.033691
0.019165
3.0518e-05
-0.023987
-0.044342
-0.049866
-0.040314
-0.01947
0.0040894
0.030609
0.04895
0.056274
0.052429
0.042999
0.027374
0.0080566
-0.010193
-0.023163
-0.021332
-0.012665
-0.0045776
0.0033569
0.0090942
0.0081787
0.009552
0.015778
0.016754
0.012024
0.0035095
-0.0068359
-0.012573
-0.002655
0.0025635
-0.0054626
-0.022247
-0.037109
-0.039001
-0.033722
-0.01355
-0.0075073
-0.020111
-0.097046
-0.23318
-0.23209
-0.13553
-0.047424
0.065704
0.18384
0.18961
0.18121
0.22922
0.25397
0.19299
0.076447
-0.01178
-0.095703
-0.13065
-0.092834
-0.041046
-0.029877
-0.028015
0.012054
0.062958
0.099518
0.11496
0.096985
0.018066
-0.067841
-0.12109
-0.12817
-0.11081
-0.099518
-0.093567
-0.089264
-0.056946
0.0022888
0.062805
0.097229
0.094788
0.05719
0.011871
-0.010498
-0.013
-0.018616
-0.035645
-0.047821
-0.054108
-0.043304
-0.0081787
0.025055
0.03772
0.031372
0.022858
0.018585
0.019501
0.010406
-0.0083008
-0.024445
-0.03241
-0.025208
-0.005249
0.011078
0.012207
0.017334
0.029602
0.035858
0.028168
0.017761
0.00097656
-0.018494
-0.020538
-0.010895
-0.0036621
-0.0039062
-0.0022583
-0.0018311
0.0060425
0.01059
0.0023499
-0.0031738
-0.0016785
0.00085449
0.0040283
0.01535
0.020844
0.015656
0.0075684
0.0054016
-0.010803
-0.034058
-0.030243
-0.018127
-0.0095215
-0.087952
-0.2522
-0.26837
-0.17889
-0.084045
0.065247
0.21002
0.21039
0.18042
0.21881
0.26233
0.22354
0.10776
0.008728
-0.097656
-0.16519
-0.12891
-0.044922
-0.016998
-0.017853
0.022156
0.068298
0.09021
0.10419
0.099548
0.021973
-0.079224
-0.13885
-0.14441
-0.13101
-0.11252
-0.081482
-0.055756
-0.031067
0.0040894
0.054047
0.082123
0.07843
0.058594
0.024567
-0.0074463
-0.024597
-0.032837
-0.039734
-0.04187
-0.044403
-0.037659
-0.01474
0.015198
0.040924
0.050873
0.042328
0.015533
-0.013641
-0.017151
-0.0039673
0.00177
0.0025635
0.0061035
0.003418
0.0079041
0.019409
0.030212
0.028778
0.013763
0.0069885
0.011902
0.01593
0.011169
0.002655
-0.010437
-0.01944
-0.023285
-0.021454
-0.01828
-0.020142
-0.019562
-0.013763
-0.0066833
0.0010986
0.012512
0.0177
0.011963
0.008606
0.006897
0.0073547
0.0069885
0.0082092
0.0007019
-0.005127
-0.055206
-0.22409
-0.29245
-0.20724
-0.11734
-0.004303
0.16089
0.21658
0.19135
0.2215
0.27136
0.24335
0.11926
0.017639
-0.057617
-0.13312
-0.14029
-0.072296
-0.031952
-0.028229
0.012543
0.072205
0.10349
0.10178
0.092834
0.042847
-0.040955
-0.10608
-0.13083
-0.13004
-0.12402
-0.1073
-0.079437
-0.045776
-0.012238
0.035522
0.074371
0.07901
0.060852
0.030975
0.0031433
-0.02536
-0.037933
-0.03894
-0.037323
-0.029602
-0.020264
-0.01886
-0.011414
0.00354
0.010071
0.017609
0.031281
0.033508
0.021393
0.019623
0.025024
0.023834
0.022461
0.021759
0.011993
-0.0069885
-0.016937
-0.0057983
0.015106
0.02829
0.027832
0.02243
0.0085754
-0.0011902
0.0019531
0.0070801
-0.0050964
-0.031494
-0.051575
-0.051941
-0.043549
-0.034149
-0.025848
-0.020966
-0.016937
-0.0066833
0.01059
0.020905
0.026794
0.033661
0.036896
0.037415
0.03952
-0.10458
-0.293
-0.27039
-0.17853
-0.10941
0.054474
0.19467
0.19391
0.20898
0.28244
0.31506
0.23093
0.081879
-0.01532
-0.10913
-0.17654
-0.13635
-0.054718
-0.054169
-0.057068
0.009552
0.087006
0.12347
0.12805
0.11139
0.030579
-0.077209
-0.13403
-0.12695
-0.11508
-0.10596
-0.08728
-0.066437
-0.045868
-0.0080261
0.05603
0.091217
0.073425
0.033356
0.0019836
-0.016815
-0.022858
-0.023926
-0.035034
-0.057312
-0.072601
-0.057465
-0.019989
0.016327
0.033966
0.036255
0.030182
0.02774
0.038116
0.044617
0.033356
0.011169
-0.0064392
-0.012787
-0.00027466
0.018463
0.023712
0.019867
0.021637
0.027649
0.028656
0.029449
0.021271
0.00177
-0.018524
-0.024567
-0.018066
-0.023499
-0.036499
-0.031952
-0.028381
-0.041351
-0.039795
-0.02536
-0.024261
-0.020447
-0.00021362
0.015747
0.019684
0.040649
0.05127
-0.10367
-0.24625
-0.19269
-0.13358
-0.10117
0.062042
0.15948
0.12671
0.16394
0.2594
0.29663
0.22403
0.1012
0.020874
-0.055908
-0.12549
-0.09201
-0.049408
-0.088806
-0.088104
-0.015106
0.053558
0.092896
0.10922
0.0896
0.020325
-0.066742
-0.10043
-0.07843
-0.083069
-0.099365
-0.093018
-0.082153
-0.067413
-0.026123
0.022858
0.05069
0.05368
0.050964
0.05423
0.040253
0.021118
0.0040894
-0.017639
-0.038757
-0.052002
-0.063141
-0.067474
-0.052094
-0.023895
0.0094299
0.031525
0.04715
0.052429
0.04538
0.039368
0.037384
0.028351
0.0046997
-0.010803
-0.015503
-0.011719
0.0010376
0.019714
0.023743
0.016571
0.01474
0.01944
0.021484
0.019318
0.013489
-0.0031433
-0.017731
-0.028595
-0.038513
-0.049408
-0.05368
-0.050873
-0.03476
-0.011261
0.0077515
0.024689
0.049744
-0.054779
-0.22443
-0.19339
-0.096222
-0.094025
-0.0025024
0.10593
0.073914
0.10651
0.23215
0.28522
0.24374
0.13116
0.034546
0.0089417
-0.015106
-0.033508
-0.01004
-0.075745
-0.1561
-0.099548
0.0022888
0.040833
0.053925
0.039246
0.01062
0.0013428
-0.0092468
0.0065002
0.00045776
-0.082214
-0.14191
-0.10849
-0.070099
-0.041473
-0.0036011
0.0097961
0.015411
0.033783
0.058044
0.077332
0.059387
0.0011292
-0.0289
-0.028992
-0.0401
-0.043762
-0.037781
-0.040985
-0.035736
-0.0073242
0.022308
0.03775
0.025909
0.0066833
0.014435
0.027435
0.038452
0.050751
0.038879
0.0037842
-0.022644
-0.023529
-0.0027466
0.012268
0.0076294
0.0021667
-0.0089111
-0.018951
-0.0056152
0.018951
0.025024
0.017548
-0.00064087
-0.01767
-0.016449
-0.012573
-0.020477
-0.032806
-0.038391
-0.037689
-0.02359
0.016693
0.030762
-0.088196
-0.16934
-0.086884
-0.032684
-0.055603
0.008606
0.048889
0.027435
0.10211
0.21307
0.2218
0.16125
0.078888
0.033203
0.058746
0.042755
-0.024994
-0.05069
-0.080505
-0.10992
-0.04776
0.026337
0.007782
-0.026489
-0.034546
-0.020325
0.014557
0.017822
-0.012177
-0.035004
-0.062683
-0.073517
-0.026489
-0.0044556
-0.037811
-0.052917
-0.025604
0.0062866
0.035309
0.052002
0.044037
0.031342
0.026917
0.029144
0.028015
0.0039062
-0.038147
-0.056854
-0.045959
-0.027649
-0.0060425
0.0075684
0.0023193
-0.0028687
0.0053406
0.013794
0.014984
0.0177
0.016205
0.0074158
0
-0.0037537
-9.1553e-05
0.011963
0.022583
0.020813
0.0087891
-0.011719
-0.025787
-0.022278
-0.015533
-0.018677
-0.025604
-0.027466
-0.021698
-0.0049133
0.008667
0.01001
0.01004
0.01181
0.0040588
-0.0043945
0.0046997
0.0177
0.021118
0.030273
0.033875
0.011536
-0.013855
-0.011108
0.0038757
0.0046692
-0.005188
-0.016052
-0.024261
-0.011383
0.015778
0.026855
0.017487
0.0030212
0.0036621
0.012909
0.016937
0.011749
0.0050659
0.005188
0.011414
0.019592
0.022583
0.017456
0.0054016
-0.0025024
-0.0044861
-0.014252
-0.029419
-0.031647
-0.029755
-0.031494
-0.023743
-0.014771
-0.011841
-0.0089722
-0.0093994
-0.0112
-0.0086365
-0.0050049
-0.0039978
0.00079346
0.0099182
0.018219
0.018433
0.012421
0.0094299
0.011414
0.017944
0.017731
0.011017
-0.00085449
-0.016083
-0.024811
-0.021057
-0.0089417
-0.00079346
-0.0044556
-0.014313
-0.015167
-0.0071411
0.008606
0.019318
