-0.017517
0.022675
-0.0039062
-0.012146
0.013519
-0.0067749
-0.0091858
0.0075989
-0.013397
-0.0078125
0.0045166
-0.0063171
-0.00079346
0.0084229
0.0070496
0.011322
0.015961
0.0074158
0.0058289
0.0092468
-0.004425
-0.0053406
-0.0048218
-0.011017
-0.0087585
-0.0053711
-0.01004
-0.0096741
-0.0037231
-0.0057373
-0.0044556
-0.0048218
-0.00012207
-0.012939
-0.0055847
0.0081177
-0.0020752
0.013092
0.025696
0.01825
0.014465
0.020996
0.017242
-0.0016785
0.0062866
-0.0055847
-0.033569
-0.018982
-0.020935
-0.038422
-0.016052
0.0040588
0.010559
0.023651
0.026367
0.026398
0.027588
0.0067139
0.0037537
0.0076294
-0.0079041
-0.01535
-0.00177
-0.01355
-0.025848
-0.013947
-0.0082092
-0.011505
0.0037231
0.0062866
0.0020752
0.01474
0.0044861
-0.0020142
0.011261
0.012054
0.0074463
0.014801
0.010376
-0.0026245
0.00094604
-0.0038452
-0.012695
-0.016602
-0.022461
-0.022186
-0.014801
-0.010376
-0.0032959
-0.0055542
-0.008728
-0.017761
-0.038391
-0.041931
-0.036926
-0.03299
-0.01886
-0.0014343
0.0030212
0.026215
0.059448
0.075348
0.083466
0.091125
0.079102
0.064758
0.058289
0.038879
0.008606
-0.018707
-0.043243
-0.057953
-0.055084
-0.052155
-0.05484
-0.048706
-0.0336
-0.020142
-0.0010071
0.019257
0.026672
0.022736
0.022736
0.020477
0.011597
0.0031128
-0.0097656
-0.024445
-0.032227
-0.036102
-0.039246
-0.033661
-0.028717
-0.024994
-0.010895
0.0079651
0.020142
0.031647
0.04364
0.040558
0.037933
0.037781
0.0271
0.014008
0.0046692
-0.0051575
-0.014435
-0.010406
-0.004303
-0.0018005
0.0054321
0.013397
0.017059
0.022614
0.025269
0.017975
0.006134
-0.0058289
-0.013367
-0.030029
-0.035706
-0.037872
-0.048859
-0.054443
-0.067596
-0.086853
-0.095795
-0.16617
-0.18124
-0.12119
-0.071533
-0.011017
0.1102
0.14175
0.16708
0.24625
0.28711
0.24731
0.21182
0.13434
0.011078
-0.047852
-0.081146
-0.13266
-0.16992
-0.16599
-0.14215
-0.085449
0.0082397
0.084106
0.10358
0.11325
0.11374
0.08783
0.05722
0.01947
-0.049683
-0.12903
-0.16312
-0.17108
-0.15674
-0.11188
-0.065369
-0.023773
0.031036
0.091217
0.12869
0.1391
0.13004
0.088776
0.033203
-0.0094299
-0.043884
-0.08844
-0.10699
-0.11203
-0.10568
-0.070312
-0.01886
0.02597
0.048553
0.065369
0.076782
0.07724
0.069946
0.054382
0.02832
-0.006012
-0.021484
-0.025299
-0.022705
-0.017273
-0.008667
-0.0078125
-0.0021973
0.017914
0.031036
0.033325
0.032379
0.027313
0.016388
0.0086365
0.006897
-0.0076904
-0.02774
-0.03833
-0.047211
-0.046936
-0.035034
-0.025482
-0.018494
-0.015015
-0.013672
-0.007782
-0.0083618
-0.037323
-0.072327
-0.18323
-0.22446
-0.16608
-0.087708
-0.0014343
0.12341
0.18103
0.19513
0.26233
0.32361
0.28812
0.20135
0.10165
-0.026428
-0.1232
-0.14719
-0.15289
-0.18307
-0.17203
-0.10919
-0.033203
0.057983
0.14435
0.17242
0.12772
0.081879
0.039368
-0.020081
-0.072174
-0.11816
-0.17337
-0.20697
-0.17981
-0.11047
-0.035461
0.038208
0.095184
0.12299
0.13586
0.14584
0.12854
0.071014
0.0065308
-0.054565
-0.11029
-0.13538
-0.12018
-0.10025
-0.073029
-0.029297
0.020569
0.068787
0.10156
0.11768
0.099976
0.058807
0.0067444
-0.033081
-0.062714
-0.081909
-0.080444
-0.070557
-0.050568
-0.018158
0.028107
0.069122
0.0867
0.084167
0.066498
0.046539
0.025177
0.0050354
-0.01236
-0.032654
-0.044189
-0.037689
-0.020599
-0.0070496
0.0055237
0.012482
0.019104
0.024658
0.027618
0.034973
0.034668
0.025085
0.0013733
-0.027527
-0.050323
-0.066162
-0.08667
-0.10205
-0.12531
-0.23447
-0.25388
-0.15482
-0.049683
0.057007
0.19974
0.24545
0.22311
0.25864
0.29321
0.23755
0.13156
0.026978
-0.10083
-0.19244
-0.19223
-0.14294
-0.12402
-0.093353
-0.014618
0.055847
0.11896
0.18863
0.20169
0.12634
0.03479
-0.039062
-0.10663
-0.1543
-0.16748
-0.17703
-0.18231
-0.14178
-0.056213
0.034363
0.10956
0.16043
0.15912
0.12042
0.080048
0.03656
-0.010956
-0.062561
-0.1041
-0.13748
-0.14059
-0.1073
-0.049042
0.0097961
0.054718
0.079254
0.084381
0.089478
0.087646
0.067017
0.028625
-0.019196
-0.065247
-0.09491
-0.087769
-0.061829
-0.044586
-0.018829
0.014221
0.044769
0.079071
0.10855
0.10144
0.069
0.038544
0.0082703
-0.014984
-0.025024
-0.033691
-0.047302
-0.050171
-0.031342
-0.004364
0.017151
0.034424
0.038605
0.02533
0.019714
0.021729
0.009613
-0.0013123
-0.018372
-0.041687
-0.061005
-0.067871
-0.06601
-0.056946
-0.063049
-0.073181
-0.13925
-0.2363
-0.19583
-0.090424
0.0041199
0.12241
0.23682
0.23804
0.23273
0.26434
0.26114
0.17859
0.067627
-0.046051
-0.15634
-0.19437
-0.15564
-0.093384
-0.052032
-0.0018005
0.055756
0.10538
0.14365
0.15796
0.11264
0.015076
-0.077393
-0.14822
-0.18207
-0.17331
-0.13568
-0.10178
-0.064331
-0.0073853
0.049316
0.097412
0.12726
0.12564
0.080872
0.018738
-0.026825
-0.057312
-0.077454
-0.078125
-0.065094
-0.054443
-0.033447
0.0033264
0.040619
0.057526
0.061981
0.055817
0.033478
0.013855
0.0046082
-0.0066833
-0.026855
-0.040863
-0.041412
-0.042328
-0.029327
-0.0033264
0.019135
0.029327
0.042511
0.052673
0.041992
0.025787
0.01062
-0.0030518
-0.020691
-0.0242
-0.016632
-0.011627
-0.0056763
0.0064697
0.015381
0.011536
0.015656
0.01944
0.01123
0.0081482
0.014709
0.010437
0.010803
0.014282
0.00073242
-0.013794
-0.031006
-0.048126
-0.056152
-0.057373
-0.067963
-0.10202
-0.22888
-0.26669
-0.17694
-0.059967
0.074677
0.21579
0.26971
0.2276
0.21121
0.21667
0.18011
0.094116
-0.0016479
-0.092224
-0.16397
-0.15588
-0.077789
-0.0090027
0.037018
0.075348
0.10461
0.11124
0.10355
0.086578
0.026428
-0.057709
-0.13248
-0.17288
-0.1705
-0.12802
-0.072235
-0.026306
0.0088196
0.028717
0.049377
0.068451
0.079376
0.062744
0.019501
-0.027069
-0.063477
-0.075714
-0.067535
-0.04422
-0.02243
-0.0079346
0.0067139
0.020966
0.039062
0.048737
0.041626
0.024933
0.0049438
-0.0099182
-0.029205
-0.040802
-0.045837
-0.040985
-0.030518
-0.0058594
0.012177
0.026001
0.051392
0.071564
0.084503
0.080322
0.058472
0.017883
-0.0093689
-0.02417
-0.029022
-0.030579
-0.031952
-0.030243
-0.025757
-0.010132
0.0064087
0.021027
0.023376
0.018127
0.012787
0.012024
0.013672
0.014374
-0.00033569
-0.020233
-0.032593
-0.05188
-0.067505
-0.063538
-0.068054
-0.074554
-0.1499
-0.24988
-0.21048
-0.10303
0.023254
0.17673
0.28659
0.27191
0.21835
0.20026
0.17987
0.11917
0.035614
-0.043762
-0.13
-0.17972
-0.14157
-0.054596
0.018188
0.073639
0.10922
0.11603
0.092987
0.073456
0.04776
-0.011322
-0.087616
-0.14993
-0.17313
-0.15802
-0.1087
-0.044189
0.011047
0.037811
0.047119
0.055939
0.057831
0.050476
0.028687
-0.0048523
-0.046173
-0.07193
-0.073364
-0.055206
-0.028412
-0.0080566
0.0067749
0.014313
0.02182
0.031372
0.037933
0.036621
0.025818
0.0072937
-0.010345
-0.020905
-0.030823
-0.03244
-0.010529
0.011322
0.02124
0.03595
0.047852
0.047821
0.053009
0.05191
0.035706
0.010925
-0.016663
-0.031799
-0.035522
-0.033081
-0.025696
-0.02243
-0.027679
-0.021942
-0.010284
-0.0025024
0.0066223
0.01355
0.0088806
0.0066528
0.015167
0.022919
0.02179
0.017456
0.0040894
-0.018402
-0.043121
-0.052429
-0.051697
-0.058014
-0.070801
-0.17093
-0.24222
-0.1824
-0.081787
0.044525
0.20093
0.27689
0.24429
0.19553
0.17175
0.14859
0.090027
0.022247
-0.043182
-0.12451
-0.16281
-0.11835
-0.039948
0.033142
0.082336
0.10611
0.097351
0.0672
0.054596
0.033813
-0.011627
-0.079285
-0.13364
-0.15353
-0.14444
-0.10458
-0.044373
0.01004
0.032532
0.04007
0.046936
0.047699
0.039642
0.024048
0.0029602
-0.03299
-0.059906
-0.063354
-0.047363
-0.023621
-0.0090332
-0.00088501
0.0035706
0.0092163
0.02063
0.032196
0.032196
0.021637
0.00039673
-0.024048
-0.023987
-0.010986
0.0015259
0.019226
0.026367
0.021271
0.018036
0.027496
0.040619
0.044342
0.034485
0.021088
0.005249
-0.011292
-0.013184
-0.007843
-0.013306
-0.021729
-0.025909
-0.026123
-0.019714
-0.01178
-0.0065918
-0.0032043
0.0014038
0.0097351
0.020538
0.028717
0.03006
0.019836
0.0026855
-0.014221
-0.033997
-0.046661
-0.0578
-0.071228
-0.1145
-0.23254
-0.24359
-0.14566
-0.042908
0.087921
0.2316
0.26843
0.23325
0.19922
0.17798
0.14548
0.062042
-0.0082092
-0.070038
-0.14084
-0.15332
-0.089355
-0.016144
0.047913
0.090363
0.11679
0.099854
0.053589
0.032867
0.011444
-0.03656
-0.092896
-0.12839
-0.14243
-0.13358
-0.096924
-0.034515
0.010925
0.028748
0.042023
0.047729
0.042328
0.03598
0.022064
-0.0014648
-0.029602
-0.049377
-0.05188
-0.044769
-0.026337
-0.011261
-0.0059204
0.0010376
0.010925
0.026245
0.038055
0.032959
0.016113
-0.013153
-0.028625
-0.010773
0.0089417
0.020508
0.039215
0.035065
0.013062
0.01413
0.029877
0.038605
0.033936
0.029266
0.020203
0.0011597
-0.010895
-0.0093079
-0.014465
-0.025726
-0.026855
-0.030182
-0.032135
-0.032623
-0.027771
-0.01712
-0.0088806
-0.0038757
-0.0013123
0.01062
0.020203
0.021118
0.020111
0.020905
0.0093689
-0.018158
-0.032593
-0.046204
-0.072571
-0.16943
-0.25528
-0.20593
-0.11191
-0.0067749
0.15796
0.2587
0.23914
0.2142
0.20258
0.17569
0.11569
0.035889
-0.017303
-0.091064
-0.15808
-0.13318
-0.067596
-0.01532
0.042694
0.08667
0.10361
0.080505
0.048981
0.03653
0.0045471
-0.051971
-0.086456
-0.10565
-0.12509
-0.11481
-0.078888
-0.030792
0.0011902
0.015198
0.035767
0.046387
0.045441
0.04425
0.030243
0.0010681
-0.027679
-0.052551
-0.052612
-0.039551
-0.035828
-0.030426
-0.022095
-0.012604
0.0035706
0.02652
0.043671
0.03949
0.0051575
-0.0099792
-0.001709
0.0042114
0.01825
0.03714
0.029877
0.012787
0.0057983
0.011749
0.028809
0.033905
0.035339
0.035614
0.016602
-0.0028687
-0.003418
-0.009613
-0.022491
-0.028992
-0.033875
-0.034546
-0.028839
-0.025146
-0.020752
-0.015289
-0.006897
0.0018921
-0.0010071
0.0017395
0.012939
0.015289
0.018005
0.019531
0.0022583
-0.018341
-0.023987
-0.021576
-0.054077
-0.18231
-0.23691
-0.16785
-0.10397
-0.0016785
0.17355
0.22211
0.18668
0.19287
0.2037
0.18814
0.12329
0.04599
-0.0091248
-0.092651
-0.15179
-0.10104
-0.053436
-0.035339
0.015228
0.05777
0.065735
0.068329
0.064331
0.05307
0.0099487
-0.061859
-0.087585
-0.091553
-0.10681
-0.09079
-0.062744
-0.050049
-0.03656
-0.010498
0.027527
0.061371
0.058411
0.045502
0.027985
-0.0057678
-0.02301
-0.023041
-0.024414
-0.035858
-0.052551
-0.061676
-0.047485
-0.023773
0.0012817
0.018524
0.021912
0.024689
0.025726
0.031738
0.049957
0.052765
0.035461
0.023499
0.013062
-0.0074768
-0.017151
-0.0083313
0.010345
0.023865
0.027222
0.036072
0.038269
0.02063
0.0084229
0.0093079
-0.0063171
-0.028809
-0.040344
-0.044403
-0.047821
-0.046783
-0.032532
-0.011169
-0.0062866
-0.0096741
0.0043945
0.015015
0.016357
0.021545
0.020416
0.0097961
0.00021362
-0.0089111
0.00024414
-0.05304
-0.20682
-0.23663
-0.13879
-0.099945
-0.023865
0.13306
0.15274
0.12946
0.19907
0.2536
0.23462
0.16064
0.058197
-0.0026245
-0.058594
-0.11551
-0.075348
-0.050903
-0.099915
-0.076263
0.0066223
0.042908
0.07547
0.093109
0.060455
0.0097046
-0.045654
-0.063843
-0.03598
-0.055267
-0.099701
-0.086884
-0.081543
-0.087952
-0.031036
0.025452
0.035583
0.036163
0.031006
0.027557
0.03952
0.032043
0.016663
0.0088501
-0.02655
-0.062347
-0.059631
-0.050049
-0.04715
-0.028656
-0.0094299
0.0062561
0.030701
0.049713
0.062012
0.07132
0.057648
0.039398
0.035431
0.022858
0.0015259
-0.015015
-0.025574
-0.024963
-0.0092773
0.0086975
0.020935
0.023346
0.017212
0.011292
0.013641
0.01181
-0.0076294
-0.02713
-0.037201
-0.047089
-0.050629
-0.04541
-0.035217
-0.02005
-0.014893
-0.017822
-0.0018921
0.016998
0.018707
0.028748
0.038788
0.031403
0.013397
-0.084778
-0.20041
-0.16168
-0.069946
-0.067596
-0.018555
0.06723
0.060425
0.080505
0.19836
0.25189
0.19983
0.12863
0.060883
0.03067
0.032135
0.00036621
-0.041534
-0.064056
-0.10233
-0.10754
-0.035675
0.020264
0.015717
-0.0023804
-0.016724
-0.026978
-0.0065308
0.018738
0.010864
-0.019135
-0.049408
-0.067688
-0.053467
-0.020752
-0.011353
-0.024628
-0.033417
-0.032928
-0.014801
0.013794
0.030365
0.031097
0.024139
0.015045
0.0092163
0.011658
0.0090942
-0.0079651
-0.022858
-0.030426
-0.032166
-0.019836
-0.0068054
-0.010162
-0.0076904
0.010773
0.027802
0.038208
0.043457
0.039398
0.026428
0.02002
0.021759
0.018738
0.0013733
-0.015259
-0.022614
-0.021118
-0.0067749
0.0081787
0.0069885
0.00033569
-0.007843
-0.013916
-0.0071411
-0.004303
-0.018768
-0.035675
-0.039093
-0.030548
-0.017639
-0.0055542
0.0065613
0.017487
0.02066
0.023499
0.031036
0.032288
0.022919
0.0021667
-0.037872
-0.069366
-0.058167
-0.024231
-0.0042725
-0.0051575
-0.02713
-0.037201
0.00088501
0.050934
0.052704
0.031372
0.03299
0.053467
0.079437
0.10144
0.091705
0.054749
0.034302
0.038361
0.031708
0.012909
-0.011353
-0.041016
-0.05423
-0.054199
-0.05954
-0.062927
-0.055908
-0.049835
-0.047668
-0.040466
-0.023956
-0.012207
-0.0078735
-0.0040588
-0.0032959
0.0026245
0.014984
0.011902
-0.0030518
-0.0067749
0.00082397
0.01062
0.020111
0.018677
0.0029907
-0.011169
-0.0097351
-0.0041809
-0.00057983
0.00033569
-0.0094299
-0.022217
-0.022491
-0.013977
-0.0050354
0.0030823
0.0073853
0.0081177
0.012482
0.021606
0.031128
0.037323
0.034607
0.021057
0.0068054
-0.00354
-0.0074158
-0.0021057
0.0053406
0.0065613
0.0066223
0.0080872
0.0059204
0.00177
-0.0023499
-0.0093994
-0.017273
-0.024353
-0.027008
-0.026978
-0.025482
-0.017395
-0.0048218
0.0056458
0.01181
0.012146
0.012024
0.011139
0.0088196
0.0083008
0.0066223
0
-0.0028381
0.0013123
0.0021057
-0.006012
-0.018402
-0.023621
-0.024841
-0.026611
-0.023712
-0.014893
-0.0066223
0.0037537
0.017151
0.027191
0.032227
0.034943
0.039948
0.046082
0.048004
0.04718
0.045135
0.035919
0.019836
0.0028992
-0.0088501
-0.014465
-0.019226
-0.025238
-0.028503
-0.028351
-0.029968
-0.032257
-0.028564
-0.020325
-0.016083
-0.016907
-0.02182
-0.029419
-0.0336
-0.027344
-0.0068359
0.014465
0.018707
0.011078
0.0041809
0.00042725
0.0053406
0.017395
0.021637
0.010986
-0.0058899
-0.011627
-0.0031738
0.0040894
0.0058899
0.0028687
-0.0046997
-0.0089417
-0.00076294
0.014832
0.020905
0.014648
0.0066223
0.0005188
-0.0041504
-0.0046692
0.0025024
0.012665
0.014862
0.0082092
0.0041809
0.0065613
0.0050049
0.0007019
0.00048828
-0.00039673
-0.0081482
-0.01474
-0.017487
-0.022675
-0.023956
-0.017212
-0.010803
-0.0091248
-0.0050049
0.0022583
0.006134
0.0083923
0.0075989
0.0046692
0.0030518
0.002533
0.00082397
0.0023193
0.006012
0.0037842
-0.0011597
-0.0029602
0.0010071
0.0042114
0.0025024
0.0037231
0.0089722
0.0090637
0.0066223
0.0085754
0.013031
0.014252
0.015289
0.018311
0.022278
0.022675
0.014954
0.0054016
-0.0018921
-0.0094299
-0.012543
-0.011078
-0.011505
-0.011566
-0.0099182
