0.00015259
0.00018311
0.00021362
0.00015259
-0.00045776
-6.1035e-05
-0.00061035
-0.00027466
-0.00073242
0
-9.1553e-05
-6.1035e-05
0.00064087
0.00012207
0.00073242
9.1553e-05
-3.0518e-05
0
-9.1553e-05
6.1035e-05
-0.0007019
-0.00045776
-0.00097656
-0.0014954
-0.00042725
-0.00027466
0.00021362
-3.0518e-05
0.00061035
0.00082397
0.00076294
0.0028076
0.0021973
-9.1553e-05
-0.0011902
-0.00024414
-0.0010071
-0.0063171
0.00042725
0.0015564
-0.027649
0.0095215
0.017212
-0.011993
0.012512
0.018311
-0.011322
0.0099182
0.011749
-0.0058289
-0.0037231
-0.0055847
-0.0067444
-0.0027466
-0.0027466
-0.0031128
-0.0028992
-0.00054932
-0.0024719
0.0038452
0.0068359
0.0019226
0.0019226
0.0044861
-0.0032959
-0.00018311
-0.0039978
-0.00177
-0.0096741
-0.036224
0.0020447
0.010406
0.005188
0.023773
0.026337
0.0086365
0.017822
0.013763
-0.0054321
-0.0090637
-0.014191
-0.015137
-0.00015259
-0.0068665
-0.0095215
0.003418
-0.0094299
-0.0025024
0.012115
-0.0085449
-0.0066528
-0.015778
-0.015411
-0.028809
-0.025177
-0.017212
-0.0036011
0.01828
0.04303
0.042999
0.044891
0.041718
0.013855
0.00073242
0.010376
-0.021057
-0.025299
-0.012512
-0.027405
-0.019989
-0.0024719
-0.013916
-0.0085754
-0.00024414
0.0030823
0.0054932
0.0087585
0.0055237
-0.0022583
0.0016174
0.00085449
-0.004303
0.0039978
-0.0036316
-0.0046082
0.0050049
0.0031433
0.0040894
0.0075378
0.0062866
0.0093079
0.013153
0.010284
0.0080566
0.00036621
-0.0012817
-0.0066833
-0.010681
-0.0065002
-0.010193
-0.010101
-0.0028381
-0.0019226
0.0005188
0.0027466
0.0021057
0.0037537
0.0064697
0.0067139
0.0023193
-0.00082397
-0.0015869
-0.0064087
-0.0050659
-0.007019
-0.010773
-0.0091858
-0.011444
-0.012024
-0.0067749
-0.0037537
-0.0028076
0.0016174
0.0047913
0
-0.0089722
-0.029633
-0.045898
-0.048889
-0.042114
-0.034851
-0.013824
0.00073242
0.021637
0.051422
0.080109
0.093628
0.098755
0.091644
0.076447
0.059021
0.04071
0.014862
-0.016663
-0.041351
-0.056824
-0.063965
-0.059845
-0.053833
-0.048462
-0.036469
-0.020721
-0.0029602
0.014435
0.023163
0.024048
0.019196
0.014343
0.0076294
-0.0021057
-0.01532
-0.024048
-0.031342
-0.034302
-0.028137
-0.022583
-0.015442
-0.0050964
0.0052795
0.01123
0.017334
0.016418
0.0087891
0.0012207
-0.00048828
-0.0040894
-0.0031433
0.0037842
0.0052795
0.0070801
0.013885
0.020233
0.021301
0.020782
0.017426
0.011932
0.0079956
0.010925
0.01001
0.0091248
0.0083313
0.0039062
0.0015869
0.00073242
-0.00039673
-0.0073242
-0.013397
-0.015503
-0.016693
-0.017242
-0.015808
-0.009491
-0.01181
-0.015717
-0.018982
-0.016663
-0.022034
-0.026672
-0.034149
-0.07251
-0.14233
-0.14261
-0.11133
-0.072906
-0.00082397
0.075867
0.091705
0.13913
0.20975
0.23935
0.22107
0.18643
0.11707
0.025726
-0.017578
-0.048492
-0.099426
-0.14124
-0.14691
-0.13672
-0.094513
-0.016663
0.041473
0.061707
0.072052
0.078491
0.061401
0.0466
0.023926
-0.027222
-0.08548
-0.11377
-0.12238
-0.11984
-0.088776
-0.052338
-0.023438
0.01239
0.05719
0.086426
0.098846
0.098541
0.076904
0.041656
0.0086975
-0.018585
-0.047729
-0.070526
-0.080841
-0.078369
-0.062103
-0.033325
-0.0021667
0.022949
0.041443
0.054749
0.056641
0.049377
0.03717
0.019409
-0.0019836
-0.011749
-0.017181
-0.01944
-0.014618
-0.0071106
-0.002594
0.0048218
0.016205
0.020691
0.021698
0.02179
0.019714
0.015503
0.0112
0.0040588
-0.0065308
-0.015045
-0.015961
-0.01416
-0.015198
-0.014557
-0.011658
-0.0055237
0.0023804
0.0078735
0.013306
0.012756
0.0049744
-0.0043335
-0.0057068
-0.016174
-0.031555
-0.0513
-0.070526
-0.10663
-0.17062
-0.15567
-0.10495
-0.044128
0.038513
0.1326
0.15488
0.17673
0.21741
0.22452
0.1749
0.10629
0.035217
-0.057129
-0.10226
-0.10522
-0.10834
-0.10712
-0.078552
-0.029266
0.016846
0.076141
0.11465
0.10745
0.06781
0.028931
-0.020721
-0.062714
-0.0849
-0.10724
-0.12836
-0.12137
-0.083679
-0.040436
0.012787
0.064178
0.088226
0.085388
0.07962
0.068695
0.035126
0.0025024
-0.029907
-0.064667
-0.082794
-0.080048
-0.065948
-0.046661
-0.017639
0.0094299
0.031525
0.051788
0.061066
0.052795
0.034149
0.0086975
-0.01889
-0.037689
-0.043823
-0.043335
-0.035889
-0.01355
0.011963
0.037048
0.058075
0.065613
0.052429
0.037445
0.025879
0.010986
-0.0024719
-0.0089417
-0.015106
-0.018372
-0.0096436
-0.00054932
0.00064087
0.00094604
0.0058899
0.0093994
0.0079651
0.00354
-0.0012817
-0.0094299
-0.010834
-0.007843
-0.015411
-0.021332
-0.026001
-0.03186
-0.029144
-0.035156
-0.048492
-0.05838
-0.084442
-0.1618
-0.16589
-0.10806
-0.041077
0.052399
0.1521
0.17697
0.17511
0.20285
0.21536
0.16992
0.098297
0.028595
-0.060852
-0.11206
-0.10419
-0.080383
-0.062164
-0.036255
0.0068359
0.041046
0.07782
0.10748
0.095093
0.039154
-0.018524
-0.072845
-0.11142
-0.11761
-0.10858
-0.10507
-0.093658
-0.051666
-0.0041504
0.043182
0.082794
0.095154
0.074921
0.043365
0.01886
-0.005188
-0.028931
-0.040588
-0.050903
-0.064148
-0.057953
-0.031525
-0.0047607
0.014252
0.030396
0.039551
0.038116
0.038361
0.03479
0.018677
-0.0057983
-0.027588
-0.041626
-0.046295
-0.038879
-0.026428
-0.0076904
0.017548
0.04422
0.060364
0.063324
0.052917
0.028992
0.0061646
-0.0075073
-0.016357
-0.026398
-0.030151
-0.02478
-0.013184
0.0018616
0.014038
0.018829
0.01593
0.019135
0.023682
0.017212
0.0078735
0.0010376
-0.0093384
-0.014313
-0.017181
-0.023529
-0.022827
-0.022827
-0.021973
-0.017914
-0.013153
-0.031952
-0.047668
-0.087219
-0.19345
-0.20416
-0.1333
-0.046051
0.058533
0.16821
0.1994
0.19565
0.21082
0.21582
0.16788
0.080536
0.0090637
-0.078217
-0.12961
-0.1178
-0.077057
-0.044159
-0.013031
0.036499
0.069427
0.088226
0.10254
0.085754
0.024628
-0.040222
-0.096771
-0.13101
-0.1351
-0.11374
-0.086121
-0.063934
-0.026581
0.015991
0.054504
0.085999
0.096771
0.072418
0.028046
-0.0072937
-0.029755
-0.044128
-0.049225
-0.044006
-0.041473
-0.03656
-0.016418
0.006134
0.023102
0.035706
0.039581
0.02951
0.012268
-0.0019531
-0.014893
-0.029419
-0.042908
-0.049469
-0.043915
-0.033051
-0.007782
0.031067
0.059387
0.074982
0.077332
0.062103
0.036987
0.013733
-0.003479
-0.018036
-0.029053
-0.029602
-0.021088
-0.0091553
0.0052795
0.014893
0.017273
0.016571
0.01593
0.0090942
0.0028992
-0.0015564
-0.012878
-0.016327
-0.011658
-0.014038
-0.019104
-0.020874
-0.025482
-0.02832
-0.019714
-0.0046082
-0.016846
-0.039276
-0.095428
-0.21667
-0.22519
-0.13571
-0.031067
0.093384
0.20419
0.2211
0.20609
0.21024
0.21255
0.16104
0.066376
-0.0089722
-0.099731
-0.14493
-0.1196
-0.066742
-0.018951
0.011383
0.048187
0.071533
0.082275
0.092499
0.076416
0.01297
-0.057495
-0.12073
-0.14825
-0.1337
-0.098419
-0.061127
-0.038574
-0.012146
0.015747
0.043762
0.072296
0.080841
0.054688
0.010284
-0.027954
-0.048431
-0.052612
-0.042908
-0.025116
-0.021027
-0.019043
-0.0053101
0.013
0.029541
0.039459
0.037659
0.026184
0.014313
0.00076294
-0.012787
-0.025238
-0.034271
-0.04303
-0.038055
-0.016174
0.010437
0.039276
0.058929
0.062775
0.050171
0.035706
0.014954
-0.010223
-0.032776
-0.039886
-0.033905
-0.019043
0
0.010681
0.015839
0.015839
0.014832
0.016174
0.014893
0.0080566
0.00054932
-0.0026245
-0.0034485
0.0031433
0.011536
0.012451
-0.00061035
-0.018951
-0.0289
-0.03421
-0.018921
-0.0010986
-0.023315
-0.067139
-0.18698
-0.26315
-0.20239
-0.09671
0.029694
0.16409
0.21609
0.2099
0.20557
0.2146
0.20093
0.12082
0.03537
-0.05011
-0.12592
-0.13321
-0.096069
-0.037964
0.0073242
0.032959
0.060425
0.075043
0.075775
0.067261
0.030945
-0.023346
-0.089508
-0.14368
-0.14334
-0.11398
-0.075562
-0.037842
-0.015228
0.0031433
0.018097
0.042664
0.070435
0.071075
0.044678
0.0053711
-0.030823
-0.049408
-0.047791
-0.029205
-0.011017
-0.0062256
-0.0021057
0.0053711
0.013794
0.0224
0.027466
0.028717
0.016937
-0.0053101
-0.019135
-0.03064
-0.040009
-0.035248
-0.017365
0.0020447
0.018158
0.029724
0.042664
0.053497
0.057831
0.050354
0.023254
-0.010742
-0.035461
-0.041077
-0.025574
-0.0086365
0.0005188
0.0035706
0.0041809
0.0059814
0.0080261
0.011261
0.0089417
0.0021973
-0.0068054
-0.013184
-0.0069885
0.01004
0.017975
0.010529
-0.0054932
-0.020538
-0.029297
-0.025665
-0.0046082
-0.004303
-0.031372
-0.11246
-0.24631
-0.25739
-0.16327
-0.041077
0.10312
0.21301
0.22382
0.20627
0.20129
0.2041
0.16553
0.081177
0.0038452
-0.086243
-0.13727
-0.1254
-0.073151
-0.0088806
0.032959
0.056702
0.080658
0.081024
0.069336
0.04538
-0.0054932
-0.054504
-0.11386
-0.14697
-0.13501
-0.10898
-0.067627
-0.02182
0.0050659
0.01767
0.025787
0.044098
0.059509
0.05069
0.034729
0.0053406
-0.03302
-0.056427
-0.057953
-0.040222
-0.021118
-0.0058289
0.010193
0.017944
0.024292
0.033966
0.036896
0.029724
0.01181
-0.0081177
-0.023163
-0.027405
-0.020782
-0.0048523
0.010254
0.019928
0.018097
0.018494
0.027252
0.033844
0.036896
0.03244
0.013977
-0.011475
-0.027771
-0.031799
-0.028229
-0.020111
-0.010925
-0.014465
-0.016998
-0.0072632
0.00024414
0.0082703
0.016418
0.013397
0.0055237
0.0048523
0.008667
0.011902
0.013763
0.010101
-0.0026245
-0.019592
-0.023315
-0.010742
-0.0052795
-0.030731
-0.15375
-0.26227
-0.23059
-0.13962
-0.010559
0.14618
0.22202
0.216
0.1972
0.19461
0.19342
0.13858
0.060852
-0.012482
-0.10141
-0.14203
-0.1203
-0.061096
-0.0077209
0.026215
0.059723
0.082611
0.079163
0.072815
0.054901
0.0065308
-0.05838
-0.12695
-0.15085
-0.13995
-0.10904
-0.062469
-0.018585
0.0028992
0.013214
0.028595
0.049652
0.060333
0.047028
0.026337
-0.0007019
-0.02594
-0.039062
-0.03653
-0.031128
-0.028259
-0.025543
-0.0159
0.002594
0.019287
0.031097
0.031555
0.025421
0.018372
0.0077209
0.0027466
0.0021057
-0.00091553
-0.0011292
0.0015869
0.0052795
0.0083618
0.012665
0.022003
0.028656
0.029694
0.02774
0.018799
0.0035706
-0.0091248
-0.012665
-0.015686
-0.026276
-0.036926
-0.03595
-0.026825
-0.02124
-0.0088501
0.0056458
0.01474
0.01709
0.020996
0.021576
0.018555
0.014282
0.007843
-0.0036621
-0.018341
-0.020447
-0.017181
-0.024231
-0.065308
-0.1926
-0.23969
-0.17026
-0.090576
0.023102
0.16068
0.2041
0.19385
0.18866
0.20078
0.19037
0.11752
0.042664
-0.022797
-0.1004
-0.12946
-0.09436
-0.046814
-0.018921
0.0022888
0.038208
0.063263
0.064484
0.069794
0.061432
0.013489
-0.054565
-0.10608
-0.12131
-0.12231
-0.10904
-0.076416
-0.040741
-0.020142
0.0030518
0.038055
0.064087
0.065033
0.048584
0.028992
-0.00027466
-0.027496
-0.033051
-0.025665
-0.02533
-0.031372
-0.029694
-0.019348
-0.0072021
0.008667
0.020538
0.023346
0.018219
0.018738
0.023712
0.028992
0.030975
0.02298
0.010986
-0.00012207
-0.0092773
-0.0090027
0.0018311
0.012848
0.023315
0.025696
0.019287
0.010315
0.0020447
-0.0033569
-0.0018616
-0.004303
-0.016541
-0.02829
-0.033752
-0.041595
-0.04361
-0.028809
-0.0067444
0.0083923
0.018585
0.027405
0.027802
0.028961
0.028473
0.021698
0.0020447
-0.014099
-0.02771
-0.037018
-0.11798
-0.25476
-0.25165
-0.1499
-0.061371
0.069458
0.19217
0.1918
0.18274
0.20993
0.23251
0.20364
0.10938
0.019592
-0.045258
-0.11325
-0.12811
-0.069794
-0.041351
-0.038849
-0.014038
0.033569
0.065216
0.068146
0.062042
0.046478
-0.0018311
-0.062592
-0.080139
-0.077301
-0.089172
-0.096436
-0.080139
-0.06189
-0.044067
-0.01297
0.031372
0.063538
0.057068
0.042877
0.032715
0.011108
-0.0098877
-0.014313
-0.018585
-0.035217
-0.053802
-0.055206
-0.038055
-0.016327
0.0077515
0.032135
0.042938
0.034363
0.026093
0.027008
0.029755
0.029816
0.024475
0.0177
0.0098572
-0.0048523
-0.0076294
0.005249
0.012878
0.014038
0.015564
0.013184
0.0072632
-0.0025635
-0.0062866
-0.005127
-0.01239
-0.019836
-0.021576
-0.026398
-0.035919
-0.035217
-0.029114
-0.024109
-0.01593
-0.0040894
0.0055237
0.018585
0.030334
0.034882
0.037842
0.034271
0.019684
0.021149
-0.059479
-0.23248
-0.26788
-0.16779
-0.11191
-0.0271
0.10916
0.13846
0.14523
0.22754
0.28769
0.25742
0.1683
0.056885
-0.019562
-0.055115
-0.080536
-0.075562
-0.075043
-0.11099
-0.10635
-0.027344
0.044403
0.080536
0.084137
0.047546
-0.0033569
-0.043243
-0.054626
-0.035309
-0.028595
-0.06604
-0.096802
-0.088806
-0.064636
-0.03244
0.011749
0.040741
0.035889
0.018188
0.018066
0.036377
0.041229
0.024933
0.0038147
-0.020569
-0.04718
-0.059723
-0.048096
-0.029327
-0.023621
-0.014709
0.0065918
0.025543
0.035736
0.044373
0.047974
0.042023
0.030487
0.025208
0.024841
0.014252
0.0039978
0.0062866
0.0083618
0.0048523
0.0065002
0.0051575
-0.005249
-0.014069
-0.010071
-0.0014648
-0.0015869
-0.0074158
-0.018555
-0.03006
-0.035004
-0.035156
-0.028351
-0.0177
-0.014526
-0.020294
-0.020355
-0.0037537
0.016327
0.022827
0.02948
0.035919
0.034729
0.022766
-0.044281
-0.13385
-0.13428
-0.059418
-0.01886
-0.0072937
-0.0052795
-0.011322
0.032776
0.13
0.17542
0.14557
0.11047
0.086273
0.060974
0.057373
0.061859
0.024994
-0.037506
-0.072723
-0.070801
-0.047211
-0.016235
-0.0098267
-0.03537
-0.048218
-0.034851
-0.021545
-0.013336
-0.010986
-0.028198
-0.048523
-0.042297
-0.017151
0.0010681
0.0072021
-0.0016479
-0.015503
-0.011139
0.005188
0.014587
0.013733
0.0043945
-0.0088806
-0.012512
-0.0014954
0.010071
0.0074158
-0.005249
-0.016479
-0.01886
-0.011353
-0.00024414
0.0065918
0.0026855
-0.0018921
0.0046387
0.016663
0.024292
0.025177
0.019287
0.013428
0.013
0.020782
0.028748
0.020508
0.0037842
-0.0071106
-0.0075378
0.00076294
0.0037231
-0.00091553
-0.0063477
-0.013153
-0.017029
-0.012054
-0.009552
-0.018585
-0.028992
-0.026917
-0.016541
-0.0098267
-0.0036316
0.0066528
0.011322
0.010132
0.011292
0.011047
0.0048828
-0.0014954
-0.0016479
0.0032959
0.0065002
0.0065918
0.010712
0.014618
0.012512
0.0062866
-0.0027466
-0.015594
-0.023895
-0.025208
-0.019165
-0.0097961
-0.0071716
-0.0074158
-0.0018921
0.0077209
0.012787
0.010315
0.0048218
0.0045166
0.0095825
0.016663
0.022156
0.026337
0.030487
0.028381
0.021729
0.021149
0.021332
0.015869
0.0088501
0.0050659
0.0063477
0.0019836
-0.011627
-0.016663
-0.013794
-0.01474
-0.022247
-0.035614
