-0.00045776
-0.00027466
3.0518e-05
0.00018311
3.0518e-05
0.00024414
0.00064087
0.00018311
0.00012207
-0.00015259
-0.00018311
-0.0010376
-0.0010681
-0.00067139
-9.1553e-05
0.00073242
-0.00021362
-0.00042725
0.00024414
-0.00021362
-0.00048828
0.00018311
-0.00024414
3.0518e-05
3.0518e-05
0.00073242
0.0016479
-0.00048828
-0.00088501
-0.00039673
0.00076294
0.0017395
-0.0010376
-0.0016479
0.0011292
0.0015564
-0.00021362
0.0010376
0.00091553
-0.021637
0.016815
0.010895
-0.017456
0.015137
-0.0019531
-0.0067749
0.0082397
0.0018005
-0.00024414
-0.033844
0.013489
0.017151
-0.018677
0.020538
0.002533
-0.012054
0.01355
0.0027771
0.00024414
-0.0076294
-0.0058594
-0.0013123
-0.00177
0.00067139
-0.0038757
-0.0013123
-0.0016174
-0.0020142
0.0064697
3.0518e-05
-0.0021057
0.00033569
0.00012207
0.00082397
0.0033569
0.0012512
-0.00061035
0.0041199
0.0036621
-0.0058594
-0.0015869
0.0038452
0.00048828
0.005249
0.0067139
0.00079346
0.0021667
0.00082397
-0.0022278
-0.0063782
-0.0022583
-0.0033264
-0.007019
-0.0032043
-0.0075378
-0.038544
-0.029816
0.022888
-0.00085449
0.01416
0.052094
0.028931
0.035736
0.027618
0.0048828
-0.012848
-0.031128
-0.029297
-0.02594
-0.031494
-0.026764
-0.014526
-0.008667
-0.0012207
0.0092163
0.019745
0.018616
0.021423
0.02359
0.012268
0.0093689
0.0021057
-0.0079651
-0.010223
-0.012726
-0.015472
-0.013916
-0.0096741
-0.009552
-0.0032043
0.0076294
0.0079041
0.012268
0.014893
0.012726
0.0090637
0.0072021
0.002655
-0.004303
-0.0044556
-0.0022278
-0.0083618
-0.0059509
-0.0014038
-0.0027771
0.0020447
0.0048828
0.003479
0.0054321
0.0072021
0.0064697
0.0031738
0.0053406
0.0016174
-0.0018921
-0.0022888
-0.0048523
-0.0062866
-0.0051575
-0.0069885
-0.0075684
-0.0041504
-0.0042419
-0.0026245
0.0022278
0.0041504
0.0049744
0.0043945
0.0034485
-0.0016174
-0.0016174
-0.0032654
-0.0072937
-0.0086365
-0.009613
-0.015564
-0.014679
-0.0064697
-0.0058289
-0.0028076
0.0036011
-0.0015259
-0.016937
-0.052307
-0.068024
-0.064362
-0.050385
-0.02298
0.0072937
0.016998
0.047333
0.08847
0.1178
0.12759
0.12619
0.093842
0.061127
0.041534
0.018646
-0.014893
-0.043152
-0.073578
-0.087311
-0.071594
-0.047028
-0.029541
-0.014954
-0.00354
0.001709
0.015869
0.029724
0.025818
0.0099792
-0.0076294
-0.026001
-0.040985
-0.042206
-0.040283
-0.041168
-0.037445
-0.025757
-0.0078735
0.014313
0.030457
0.036469
0.033661
0.02771
0.021698
0.014435
0.00061035
-0.024323
-0.044769
-0.045685
-0.037628
-0.02475
-0.005249
0.0084839
0.022247
0.040741
0.053619
0.056793
0.049072
0.035675
0.016785
0.0054626
-0.0023193
-0.011414
-0.01593
-0.018494
-0.016968
-0.0074463
0.0026245
0.0062866
0.0015259
0.0018005
0.0030823
0.0014648
0.0044556
-0.0010376
-0.010834
-0.016815
-0.016724
-0.016663
-0.020569
-0.017975
-0.022552
-0.023743
-0.011475
-0.0021973
-0.016296
-0.023376
-0.081116
-0.1488
-0.1366
-0.0914
-0.03775
0.045105
0.10529
0.11407
0.15427
0.20346
0.21094
0.16995
0.12112
0.03653
-0.042023
-0.065918
-0.074921
-0.087067
-0.090271
-0.073608
-0.05014
-0.0039062
0.052582
0.080688
0.068146
0.041565
0.0091248
-0.02951
-0.047821
-0.060181
-0.081421
-0.10083
-0.096832
-0.078064
-0.044983
0.0040588
0.041321
0.055389
0.059998
0.060699
0.053162
0.038025
0.02182
-0.0049133
-0.040039
-0.059082
-0.062683
-0.056915
-0.040039
-0.017975
0.00079346
0.015472
0.024994
0.035461
0.03537
0.032166
0.026093
0.015381
-0.00012207
-0.0060425
-0.0067749
-0.0073547
-0.0024109
0.0061951
0.011139
0.015472
0.021088
0.02182
0.019623
0.016602
0.013458
0.0038147
-0.0036316
-0.0089111
-0.016632
-0.022217
-0.017792
-0.015533
-0.017548
-0.014832
-0.0058899
0.0035706
0.0088501
0.018829
0.018616
0.014648
0.013458
0.0028076
-0.013306
-0.025055
-0.032745
-0.040649
-0.057312
-0.068726
-0.1369
-0.17303
-0.12866
-0.060272
0.021301
0.12616
0.16641
0.16016
0.17587
0.19614
0.17188
0.11075
0.047241
-0.042877
-0.10529
-0.10568
-0.083099
-0.062836
-0.037537
-0.0071106
0.017761
0.053497
0.09201
0.094391
0.059021
0.0076904
-0.048889
-0.098297
-0.11041
-0.09906
-0.088959
-0.075806
-0.050293
-0.020599
0.015015
0.056763
0.083252
0.077759
0.055511
0.02713
-0.0029907
-0.023895
-0.034943
-0.044525
-0.054749
-0.054321
-0.044312
-0.026459
0.0038757
0.027649
0.035461
0.03595
0.027588
0.011169
-0.0032654
-0.0086365
-0.011047
-0.019348
-0.019073
-0.0072632
-0.0014343
0.011505
0.028961
0.038055
0.038086
0.034302
0.025299
0.014526
0.0084229
0.0046082
-0.0012817
-0.0069885
-0.01236
-0.015076
-0.013062
-0.0091858
-0.0042114
-0.0039673
-0.00036621
0.0036621
0.0033875
0.0072327
0.010651
0.013824
0.0095825
0.0033569
-0.0042725
-0.016663
-0.031799
-0.034515
-0.032227
-0.028656
-0.02655
-0.03714
-0.062561
-0.14508
-0.17166
-0.12131
-0.049164
0.036926
0.13519
0.16943
0.16644
0.18185
0.19189
0.15955
0.094482
0.029327
-0.055328
-0.108
-0.10123
-0.068665
-0.039398
-0.013855
0.018951
0.040344
0.06366
0.082092
0.071533
0.028564
-0.022827
-0.079437
-0.1181
-0.11914
-0.095825
-0.070068
-0.05127
-0.025787
-0.0039978
0.022705
0.053131
0.068909
0.05954
0.036224
0.007843
-0.018463
-0.035431
-0.037231
-0.032898
-0.033752
-0.031647
-0.023468
-0.0093994
0.0087585
0.026764
0.034607
0.028229
0.017181
0.0065002
-0.0048523
-0.016479
-0.013641
-0.006958
-0.0039673
0.0019531
0.012146
0.017853
0.028564
0.039825
0.040131
0.028534
0.012085
0.00018311
-0.01062
-0.011688
-0.006134
-0.0071716
-0.012299
-0.013123
-0.0078735
-0.0021057
0.0023193
0.0031738
-6.1035e-05
-0.0023804
-0.004364
-0.00012207
0.0072021
0.01062
0.0083313
0.0020447
-0.0013123
-0.011932
-0.02179
-0.025421
-0.022766
-0.017822
-0.035187
-0.052063
-0.098694
-0.18756
-0.18256
-0.10803
-0.020111
0.085052
0.17551
0.19257
0.18115
0.18481
0.181
0.1362
0.065155
-0.0035706
-0.079956
-0.11395
-0.10077
-0.059601
-0.017029
0.014771
0.045288
0.05957
0.070587
0.069031
0.048889
0.0005188
-0.055725
-0.10672
-0.13123
-0.12
-0.084259
-0.046814
-0.021698
0.0024109
0.019348
0.037384
0.05484
0.064026
0.052002
0.021301
-0.011749
-0.036163
-0.048279
-0.042389
-0.0289
-0.021881
-0.017029
-0.0072021
0.0063782
0.017181
0.02771
0.032745
0.029083
0.010681
-0.012665
-0.033325
-0.047119
-0.042145
-0.020142
0.00021362
0.016357
0.027313
0.035675
0.05014
0.060547
0.056702
0.036957
0.0092163
-0.015717
-0.030212
-0.024719
-0.01297
-0.01062
-0.012543
-0.016449
-0.011505
0.00057983
0.010498
0.014038
0.009613
0.0026855
-0.0021057
-0.0014648
0.0068054
0.0082397
0.0041199
-0.0055237
-0.022064
-0.033264
-0.033813
-0.022827
-0.0032654
-0.0018311
-0.022369
-0.069336
-0.17813
-0.21655
-0.15753
-0.055908
0.063019
0.17456
0.20911
0.19632
0.19006
0.1879
0.16202
0.091309
0.014221
-0.070343
-0.12201
-0.11996
-0.079437
-0.018433
0.020264
0.04715
0.062744
0.067261
0.064606
0.04834
0.010651
-0.038635
-0.10104
-0.13596
-0.12845
-0.093689
-0.048584
-0.016907
0.0027161
0.008667
0.014771
0.030518
0.043732
0.044647
0.025024
-0.0072021
-0.031403
-0.043457
-0.038635
-0.023773
-0.012604
-0.0068665
-0.0054932
-0.0013428
0.0093079
0.01828
0.02597
0.029785
0.012085
-0.012085
-0.022522
-0.026001
-0.018494
0.00042725
0.015869
0.017639
0.015991
0.023376
0.037201
0.045868
0.046356
0.034882
0.0081177
-0.017731
-0.029846
-0.028351
-0.02124
-0.012634
-0.007843
-0.0053711
-0.0021362
0.0018311
0.0050659
0.0073242
0.0053101
0.0027771
0.00061035
0.0027466
0.0072327
0.0057373
0.0063171
0.0081177
-0.0030518
-0.01593
-0.02356
-0.028564
-0.016144
-0.0042419
-0.014313
-0.065826
-0.18729
-0.23782
-0.18216
-0.07666
0.060272
0.18286
0.22202
0.20648
0.18585
0.181
0.15616
0.087769
0.01532
-0.06546
-0.1171
-0.12186
-0.083588
-0.016113
0.030914
0.057343
0.072449
0.069916
0.055511
0.0336
0.00039673
-0.042175
-0.1012
-0.13809
-0.13129
-0.1004
-0.056946
-0.017609
0.012207
0.023254
0.022308
0.029785
0.040588
0.038788
0.027283
0.0074158
-0.017151
-0.03833
-0.042999
-0.029053
-0.015167
-0.0049438
0.0014038
0.0070496
0.0078125
0.0046997
0.011932
0.023163
0.021942
0.013245
-0.00042725
-0.012634
-0.016632
-0.009613
0.0082397
0.016815
0.012115
0.01059
0.017395
0.027618
0.038177
0.039398
0.023285
-0.0030212
-0.023285
-0.031647
-0.02774
-0.019379
-0.015259
-0.014069
-0.011108
-0.0036621
0.00097656
0.0043945
0.0062561
0.0093689
0.013336
0.01709
0.015015
0.0066223
-0.0027466
-0.0087585
-0.019104
-0.030243
-0.035522
-0.019287
0.0042419
0.013702
-0.038513
-0.17529
-0.2403
-0.19711
-0.097412
0.043549
0.1792
0.21887
0.1998
0.1785
0.17532
0.1604
0.10336
0.040863
-0.03949
-0.1055
-0.12808
-0.093048
-0.029785
0.017426
0.053375
0.075348
0.073883
0.052856
0.035217
0.011658
-0.028015
-0.089172
-0.13034
-0.1362
-0.1156
-0.074951
-0.02594
0.011169
0.020386
0.023926
0.029358
0.035583
0.03244
0.02478
0.011536
-0.010101
-0.030518
-0.037262
-0.031708
-0.022003
-0.010895
-0.0077515
-0.0046387
0.0036926
0.014343
0.02121
0.024628
0.023682
0.016479
0.007019
0.00027466
-0.00091553
0.00067139
0.0037231
0.0052185
0.006897
0.0089111
0.01239
0.016724
0.023499
0.028442
0.020844
0.0067139
-0.0078735
-0.019165
-0.02597
-0.025452
-0.024506
-0.023315
-0.018402
-0.015472
-0.013489
-0.0065002
0.0079346
0.019562
0.021942
0.020203
0.017365
0.010437
0.0046082
0.0013733
-0.0046082
-0.015778
-0.024323
-0.023193
-0.0042419
-0.0042725
-0.10815
-0.20914
-0.19992
-0.13605
-0.03241
0.11694
0.20193
0.20032
0.17648
0.16803
0.16147
0.11539
0.061615
0.0084839
-0.063904
-0.11441
-0.10721
-0.055145
-0.010193
0.018555
0.054413
0.072083
0.057373
0.042389
0.030029
0.0011902
-0.052094
-0.10312
-0.11862
-0.1207
-0.10651
-0.061462
-0.013428
0.012207
0.019775
0.024689
0.030273
0.030609
0.02359
0.017731
0.0037231
-0.019226
-0.030304
-0.025238
-0.020874
-0.020264
-0.014069
-0.0067749
-0.0045471
0.0055237
0.020752
0.027832
0.029755
0.029755
0.026001
0.018494
0.012787
0.010345
0.0055542
-0.0016785
-0.0064087
-0.0063782
-0.0010071
0.0097961
0.019775
0.023346
0.022888
0.015167
-0.0029297
-0.01593
-0.017242
-0.016052
-0.01944
-0.027344
-0.034424
-0.036743
-0.030304
-0.014038
0.00085449
0.0072327
0.011688
0.014557
0.017395
0.023438
0.026062
0.024841
0.020538
0.0085754
0.00088501
-0.037323
-0.17279
-0.26178
-0.21933
-0.12741
-0.0022583
0.14954
0.21667
0.20779
0.18719
0.18832
0.18054
0.11508
0.037689
-0.030121
-0.098999
-0.12952
-0.095154
-0.034943
0.0056152
0.027588
0.061371
0.074219
0.050201
0.028625
0.013275
-0.015869
-0.063232
-0.10175
-0.10321
-0.096039
-0.086395
-0.052582
-0.017761
-0.0039978
0.0042419
0.017792
0.036926
0.044708
0.03714
0.025421
0.00057983
-0.032532
-0.046051
-0.038513
-0.023773
-0.013153
-0.0088806
-0.0052185
-0.0016785
0.0053711
0.021667
0.038452
0.040161
0.024689
0.0065308
-0.00082397
0.0021667
0.011932
0.025452
0.027985
0.0090637
-0.0075378
-0.0032654
0.012543
0.022858
0.029938
0.030945
0.013733
-0.011536
-0.023682
-0.020416
-0.021088
-0.02533
-0.027283
-0.02832
-0.034149
-0.034851
-0.023102
-0.014954
-0.017273
-0.013153
0.0014343
0.012787
0.021423
0.031433
0.041901
0.042236
0.039062
0.018524
-0.11392
-0.24707
-0.24146
-0.17502
-0.085297
0.068787
0.17249
0.19751
0.20959
0.22879
0.23325
0.17447
0.079712
0.0022583
-0.078247
-0.13895
-0.12302
-0.067383
-0.031006
-0.010773
0.027313
0.067963
0.076385
0.07309
0.065979
0.024841
-0.049377
-0.11234
-0.13196
-0.12018
-0.092621
-0.054138
-0.024872
-0.020691
-0.015472
0.0079346
0.040894
0.059387
0.051422
0.028168
-0.0012207
-0.029541
-0.041321
-0.033081
-0.025177
-0.02832
-0.033478
-0.03067
-0.020721
-0.0039368
0.022766
0.046356
0.05069
0.041351
0.028625
0.018127
0.014313
0.014496
0.010498
0.00030518
-0.011902
-0.014374
0.00024414
0.021912
0.041107
0.045563
0.034271
0.016357
0.00018311
-0.0072021
-0.0059204
-0.0078735
-0.016815
-0.030029
-0.038666
-0.042847
-0.04364
-0.033813
-0.019531
-0.014709
-0.010895
-0.0045471
0.00012207
0.011871
0.02478
0.032623
0.049072
0.037537
-0.11124
-0.24344
-0.2139
-0.13977
-0.066742
0.07843
0.15637
0.14252
0.15891
0.20776
0.22736
0.18445
0.094757
0.018646
-0.047424
-0.10739
-0.0896
-0.037506
-0.040161
-0.047058
-0.010773
0.030457
0.049561
0.060059
0.060333
0.031281
-0.031342
-0.078308
-0.073303
-0.065033
-0.078278
-0.078979
-0.069855
-0.074188
-0.059937
-0.011566
0.046448
0.072174
0.058014
0.039856
0.03009
0.012634
0.0046387
0.0083313
-0.013214
-0.054474
-0.071777
-0.059265
-0.034363
-0.0033569
0.020721
0.026245
0.018005
0.016052
0.026428
0.035797
0.033112
0.027008
0.015167
-0.0023193
-0.013275
-0.010315
0.0028687
0.016571
0.022491
0.025635
0.027588
0.020691
0.011414
0.0088501
0.0041504
-0.0023499
-0.0084534
-0.01825
-0.024384
-0.022766
-0.026001
-0.032227
-0.029297
-0.026489
-0.030365
-0.028137
-0.011108
0.013916
0.033569
0.048767
0.070923
0.015656
-0.15381
-0.22968
-0.15848
-0.10709
-0.059998
0.04834
0.081329
0.07901
0.16293
0.26129
0.26733
0.2027
0.090393
-0.005249
-0.047852
-0.072449
-0.072906
-0.050507
-0.06778
-0.091064
-0.039124
0.032928
0.062622
0.065094
0.042755
-0.0061646
-0.043915
-0.050354
-0.033691
-0.023468
-0.042297
-0.069183
-0.075439
-0.063202
-0.042542
-0.010986
0.018036
0.023499
0.017548
0.0242
0.04071
0.047333
0.039978
0.021851
-0.0037231
-0.034851
-0.053558
-0.054443
-0.043549
-0.02829
-0.006073
0.012238
0.022461
0.028503
0.026154
0.016846
0.01593
0.018188
0.013641
0.00061035
-0.013824
-0.013153
-0.0027161
0.010925
0.028412
0.038788
0.024658
0.0027771
-0.0087891
-0.006134
-0.0033569
-0.0041809
-0.013306
-0.027435
-0.034119
-0.028229
-0.01358
0.0027771
0.0088196
0.0040894
-0.00012207
-0.0067444
-0.0081787
0.0025024
0.022064
0.030212
0.029114
0.023163
-0.013947
-0.071625
-0.08139
-0.039734
-0.012939
-0.013763
-0.022583
-0.028931
-0.0030823
0.06131
0.10461
0.092285
0.054626
0.026031
0.023376
0.042145
0.054108
0.033417
0.00039673
-0.014465
-0.0072021
0.0068054
0.014343
0.0066223
-0.017792
-0.042542
-0.049866
-0.036102
-0.01709
-0.0057373
-0.0063171
-0.014893
-0.01947
-0.019409
-0.020386
-0.022949
-0.024353
-0.025269
-0.0159
0.0018921
0.01709
0.022919
0.020355
0.01297
0.0019531
-0.0049133
-0.0029602
-0.0036926
-0.015442
-0.023712
-0.019928
-0.0080566
0.0080872
0.022125
0.02066
6.1035e-05
-0.016296
-0.014801
-0.0056152
0.00057983
0.0016785
-0.0010986
-0.0053711
-0.0048523
0.0045471
0.016022
0.022064
0.023468
0.019562
0.011505
0.0077515
0.0055847
0.001709
-0.0016174
-0.0034485
-0.0047607
-0.0088806
-0.0092773
-0.0050354
-0.0028687
-0.00018311
0.0087585
0.013763
0.013153
0.015198
0.018585
0.01532
0.0039062
-0.0047607
-0.012512
-0.024811
-0.032959
-0.029602
-0.023804
-0.015503
0.0019226
0.020172
0.026398
0.021362
0.011932
-0.0023499
-0.01767
-0.026611
-0.026062
-0.020782
-0.01651
-0.0072632
0.009491
0.024445
0.033386
0.030823
0.017639
0.0039978
-0.0036926
-0.0028076
0.0029907
0.0088501
0.014313
0.019226
0.02179
0.022644
0.021179
0.014496
0.00082397
-0.010559
-0.011597
-0.012909
