0.0016174
-0.0010681
0.010071
0.0076599
0.0083008
0.0028076
-0.00033569
-0.0048218
-0.006073
0.00091553
-0.0030823
-0.0014038
-0.0082703
0.0039978
-0.017487
-0.0159
0.0014038
-0.0081482
0.00076294
0.024689
0.026062
0.026154
0.033417
0.023987
0.0065613
0.002533
-0.0083313
-0.02655
-0.027069
-0.027252
-0.030884
-0.016479
-0.013306
-0.010803
0.002594
0.012787
0.011078
0.023956
0.026886
0.015564
0.018524
0.0096436
-0.0036316
-0.0050659
-0.011627
-0.012848
-0.017609
-0.0099182
-0.0085754
-0.0041199
0.0058289
0.0058594
0.0082397
0.013123
0.011963
0.006897
0.0028687
-0.0010681
-0.0054016
-0.0070496
-0.0064392
-0.009613
-0.0094299
-0.0068054
-0.004364
0.0013733
0.005188
0.0075989
0.0072632
0.0081177
0.0094299
0.0083313
0.0044861
0.00042725
-0.0023804
-0.0055237
-0.0065918
-0.0069885
-0.0070801
-0.006897
-0.0076904
-0.0083008
-0.010406
-0.0081482
-0.0079956
-0.0044556
-0.0012817
0.0007019
0.0020142
-0.0020752
-0.009552
-0.017792
-0.032196
-0.038849
-0.034515
-0.027924
-0.018829
0.0049133
0.022003
0.042786
0.065277
0.079926
0.081146
0.079376
0.06778
0.048584
0.02771
0.0075684
-0.01474
-0.035217
-0.0448
-0.048492
-0.048096
-0.037659
-0.027161
-0.01593
-0.0042114
0.006134
0.011749
0.013153
0.010895
0.0039062
-0.0049438
-0.011597
-0.019012
-0.027405
-0.030884
-0.030243
-0.025208
-0.016785
-0.0090027
-0.00061035
0.0085754
0.014191
0.017609
0.016388
0.0097351
-0.0053406
-0.011719
-0.010376
-0.0093689
-0.005188
0.00177
0.0038452
0.0062866
0.018494
0.029114
0.028564
0.023071
0.020599
0.014221
0.013489
0.017181
0.012238
0.0032654
-0.0029297
-0.005188
-0.0053406
-0.0065308
-0.0065308
-0.008728
-0.011932
-0.011871
-0.0098572
-0.0072632
-0.0065613
-0.0055237
-0.0088501
-0.016541
-0.020935
-0.019653
-0.019409
-0.023193
-0.042053
-0.072632
-0.13788
-0.15134
-0.11615
-0.055511
0.0047913
0.082367
0.12463
0.14658
0.19983
0.23755
0.21652
0.1539
0.085327
0.008667
-0.057465
-0.075653
-0.093079
-0.11966
-0.13333
-0.097839
-0.049347
0.0059204
0.063568
0.090118
0.077301
0.052643
0.038635
0.0089111
-0.026764
-0.058685
-0.093536
-0.12524
-0.12445
-0.092438
-0.056915
-0.017242
0.019836
0.0495
0.067474
0.082764
0.090942
0.07486
0.043671
0.0087891
-0.026123
-0.057037
-0.068359
-0.06604
-0.062103
-0.050262
-0.027802
0.0016785
0.029083
0.05246
0.065887
0.060883
0.046936
0.034027
0.016327
-0.0077515
-0.030884
-0.047363
-0.060852
-0.057129
-0.035828
-0.013611
0.0064392
0.027679
0.039703
0.044006
0.049744
0.051178
0.037842
0.015228
-0.0041199
-0.019135
-0.02832
-0.026337
-0.018829
-0.013184
-0.0094604
0.0031128
0.017365
0.024078
0.024872
0.02533
0.01947
0.0057068
-0.0076904
-0.013
-0.012848
-0.01944
-0.021942
-0.018829
-0.017212
-0.013306
-0.0050659
-0.00039673
-0.013489
-0.027924
-0.040253
-0.042267
-0.073517
-0.1315
-0.1347
-0.10162
-0.046295
0.033691
0.12784
0.15393
0.15527
0.18301
0.19153
0.15463
0.094574
0.037109
-0.046509
-0.10428
-0.10709
-0.087585
-0.081299
-0.064484
-0.017517
0.021667
0.06015
0.096527
0.10413
0.064819
0.019867
-0.021118
-0.061859
-0.09079
-0.10315
-0.10486
-0.10443
-0.081909
-0.040894
0.002533
0.039368
0.072693
0.086029
0.073029
0.055145
0.03418
0.0040588
-0.027374
-0.049377
-0.067169
-0.076935
-0.069855
-0.046387
-0.018463
0.0080261
0.033661
0.048462
0.050354
0.049591
0.046844
0.032257
0.0091858
-0.013794
-0.029663
-0.039398
-0.043701
-0.04184
-0.033234
-0.016296
0.0064087
0.027496
0.041473
0.054962
0.061432
0.060242
0.053406
0.038147
0.0098267
-0.012054
-0.020874
-0.028961
-0.034882
-0.0336
-0.02417
-0.01355
0.0023804
0.02063
0.029205
0.023743
0.017273
0.014496
0.0055847
-0.010956
-0.026764
-0.038269
-0.042633
-0.038513
-0.022003
-0.0050354
0.0062866
0.013672
0.017212
0.0083008
-0.014221
-0.03067
-0.040314
-0.059296
-0.10846
-0.1452
-0.1301
-0.082489
-0.0016479
0.095154
0.16278
0.17276
0.17575
0.18442
0.16513
0.11343
0.046112
-0.023895
-0.096283
-0.12692
-0.11212
-0.082825
-0.055298
-0.016846
0.028656
0.06015
0.085785
0.099457
0.084717
0.03418
-0.022919
-0.069031
-0.10208
-0.11496
-0.10614
-0.085938
-0.062622
-0.029816
0.01239
0.052399
0.0802
0.091736
0.082245
0.055908
0.021423
-0.012634
-0.037903
-0.05658
-0.06424
-0.064972
-0.058044
-0.044159
-0.020752
0.0082092
0.031769
0.046021
0.044128
0.033234
0.017578
0.0041504
-0.0097046
-0.02002
-0.033173
-0.052155
-0.055725
-0.044739
-0.022095
0.00079346
0.029633
0.05368
0.070801
0.079163
0.077026
0.062592
0.036407
0.014313
-0.0038452
-0.020874
-0.033936
-0.032623
-0.027466
-0.019562
-0.0059204
0.010803
0.018127
0.015137
0.014587
0.012604
0.0057678
-0.0080261
-0.018463
-0.029144
-0.036102
-0.038574
-0.032196
-0.020447
-0.0079346
0.0069275
0.013641
0.015625
-0.008728
-0.030884
-0.041046
-0.047394
-0.091125
-0.14835
-0.14383
-0.10043
-0.01825
0.086243
0.18094
0.2009
0.18707
0.18613
0.16748
0.12054
0.054565
-0.0082703
-0.086975
-0.13742
-0.12872
-0.083344
-0.040802
-0.0043335
0.039612
0.063873
0.073883
0.079315
0.076447
0.038635
-0.020355
-0.074402
-0.11047
-0.12375
-0.11249
-0.08075
-0.050415
-0.024506
0.0037537
0.035919
0.060822
0.075104
0.073761
0.049744
0.014099
-0.017242
-0.036011
-0.04834
-0.049896
-0.045013
-0.041534
-0.033539
-0.015869
0.0083923
0.026123
0.03656
0.03891
0.031586
0.021118
0.0075989
-0.0048218
-0.014099
-0.022339
-0.032227
-0.032135
-0.043304
-0.083466
-0.074615
-0.0081787
0.056061
0.096161
0.1243
0.10358
0.049286
0.032745
0.042084
0.018433
-0.034729
-0.060547
-0.061096
-0.043365
-0.00021362
0.046509
0.051178
0.02475
0.014191
0.017517
0.01358
0
-0.0090332
-0.02536
-0.044037
-0.051697
-0.042938
-0.026733
-0.010986
0.0037842
0.0064697
0.0021362
-0.014496
-0.029175
-0.048981
-0.051056
-0.093262
-0.16718
-0.16519
-0.10321
-0.011841
0.094238
0.20056
0.22516
0.19614
0.17645
0.15823
0.11584
0.044067
-0.010986
-0.078918
-0.13495
-0.14301
-0.09613
-0.044373
-0.0036011
0.049561
0.082123
0.086151
0.066803
0.055328
0.026733
-0.017517
-0.066315
-0.1012
-0.116
-0.11179
-0.073364
-0.028931
0.0075378
0.030182
0.047485
0.056732
0.059875
0.056335
0.037994
0.0056152
-0.033203
-0.057159
-0.064301
-0.057129
-0.044952
-0.03299
-0.021667
-0.0079651
0.0087585
0.022369
0.030731
0.03244
0.026672
0.016815
0.0069885
-0.0036621
-0.010162
-0.019409
-0.016296
-0.0513
-0.090424
-0.052765
0.014435
0.066193
0.1033
0.1232
0.076202
0.029755
0.018555
0.018616
-0.012238
-0.046692
-0.051666
-0.050537
-0.032471
0.0059509
0.044037
0.031158
0.014343
0.017303
0.02124
0.010773
0.00021362
-0.0023804
-0.016724
-0.023468
-0.021576
-0.010345
-0.017395
-0.024536
-0.016998
-0.00076294
0.0049133
0
-0.0089722
-0.026947
-0.047699
-0.066162
-0.14297
-0.1973
-0.17175
-0.093781
0.013123
0.14108
0.22665
0.22708
0.20261
0.18402
0.1608
0.10162
0.034058
-0.033142
-0.10913
-0.1528
-0.13809
-0.078461
-0.024597
0.026733
0.072693
0.089935
0.079224
0.065216
0.049347
0.0076294
-0.04895
-0.10199
-0.12976
-0.13672
-0.11267
-0.064148
-0.016785
0.021393
0.049438
0.072998
0.084381
0.080536
0.062622
0.030792
-0.011597
-0.050598
-0.067169
-0.065216
-0.055298
-0.043945
-0.030518
-0.015045
0.0022278
0.018982
0.033875
0.041595
0.031677
0.015198
-0.0053711
-0.028259
-0.041748
-0.042633
-0.032806
-0.016815
0.00085449
0.010437
0.021118
0.037537
0.054108
0.060944
0.052155
0.031708
0.0079651
-0.0065613
-0.0065613
-0.0016479
-0.0011292
-0.0046997
-0.007843
-0.0057678
-0.0039978
-0.00024414
0.0056152
0.006012
0.0022583
-0.00048828
-0.00354
-0.006897
-0.006073
-0.0028992
0.0011597
0.0007019
-0.0050049
-0.007843
-0.0066833
-0.0033264
-0.0018921
-0.0016479
-0.0039062
-0.012878
-0.02713
-0.036835
-0.11838
-0.20209
-0.19379
-0.12903
-0.035309
0.092041
0.19888
0.22223
0.20538
0.1922
0.17697
0.12106
0.045349
-0.016479
-0.090271
-0.14432
-0.14865
-0.10016
-0.0466
0.0055237
0.062408
0.099976
0.10278
0.080231
0.054962
0.012756
-0.039062
-0.09137
-0.11798
-0.12659
-0.11649
-0.081085
-0.036285
0.0057373
0.032867
0.060577
0.076996
0.08017
0.067017
0.044067
0.013824
-0.024963
-0.053009
-0.068604
-0.066376
-0.058502
-0.043396
-0.020538
0.0018311
0.022217
0.036652
0.042267
0.02774
0.010773
0.0024109
-0.0057373
-0.015381
-0.019531
-0.019775
-0.01712
-0.0085449
0.0028992
0.012115
0.017761
0.02417
0.028503
0.03006
0.029663
0.025421
0.016846
0.0064697
-0.0011597
-0.0010071
-6.1035e-05
-0.0039673
-0.0073547
-0.0089417
-0.010864
-0.007019
0.0021057
0.0035706
0.00012207
-0.00091553
0.0011292
-0.0022278
-0.0015869
0.0044556
0.0055542
0.00067139
-0.0076904
-0.014252
-0.018463
-0.019806
-0.018799
-0.020142
-0.017181
-0.062531
-0.16037
-0.18478
-0.1405
-0.065155
0.04068
0.15533
0.20029
0.19348
0.18457
0.17841
0.14984
0.081482
0.026794
-0.035706
-0.10291
-0.14124
-0.13062
-0.096619
-0.056152
0.0020142
0.057098
0.086853
0.082306
0.073303
0.048492
0.0073853
-0.043365
-0.080261
-0.099365
-0.11423
-0.10876
-0.078644
-0.038177
-0.0046692
0.030731
0.063599
0.084045
0.08609
0.076569
0.05777
0.024658
-0.01413
-0.046722
-0.064758
-0.071014
-0.063599
-0.046265
-0.029358
-0.010864
0.0089111
0.026825
0.03772
0.040619
0.036072
0.019379
0.00097656
-0.013245
-0.019714
-0.020782
-0.018616
-0.016144
-0.010803
-0.0013428
0.0088806
0.01712
0.021698
0.026733
0.025238
0.017059
0.010925
0.0071106
0.0036011
-0.00024414
-0.00091553
0.00082397
-0.0015564
-0.0042725
-0.0039978
0.00027466
0.0033569
0.0076294
0.0081482
0.0032959
-0.0022888
-0.0061646
-0.0040588
0.0025024
0.0040894
-0.0016785
-0.007843
-0.020416
-0.023712
-0.012756
-0.0065002
-0.020538
-0.11707
-0.19705
-0.1889
-0.13031
-0.035889
0.099854
0.19385
0.20566
0.18933
0.177
0.17047
0.1311
0.077301
0.031097
-0.045837
-0.12128
-0.14352
-0.1185
-0.088135
-0.049835
0.0042419
0.050842
0.060608
0.056946
0.061676
0.044434
0.0068359
-0.03653
-0.065369
-0.090332
-0.10913
-0.099396
-0.067627
-0.035736
-0.0098877
0.022217
0.049957
0.066376
0.06723
0.067719
0.060791
0.034271
0.0037537
-0.020142
-0.037262
-0.052032
-0.06131
-0.062469
-0.048798
-0.027649
-0.0018311
0.025818
0.046295
0.047668
0.039337
0.027893
0.01358
-0.00021362
-0.012726
-0.016205
-0.016541
-0.013641
-0.0058289
0.0048218
0.0094299
0.0070496
0.0056763
0.0057678
0.002655
3.0518e-05
0.0037842
0.0073547
0.0029297
-0.00015259
0.0057068
0.0072937
-0.00057983
-0.0099182
-0.01004
-0.0050354
-0.00088501
0.0094299
0.021637
0.024536
0.016174
0.0061035
-0.0007019
-0.006012
-0.013672
-0.020813
-0.016541
-0.018738
-0.040161
-0.13379
-0.21161
-0.19781
-0.12927
-0.03241
0.098602
0.18686
0.20346
0.20334
0.20059
0.19022
0.14389
0.076721
0.018585
-0.05481
-0.11172
-0.12366
-0.10226
-0.08017
-0.04422
-0.0035095
0.031891
0.045349
0.045105
0.049713
0.033051
-0.0045166
-0.044525
-0.06665
-0.082062
-0.083771
-0.072235
-0.052124
-0.035889
-0.026031
-0.0066223
0.022888
0.050293
0.062378
0.061798
0.048706
0.023041
-0.0036926
-0.013428
-0.017365
-0.024445
-0.030823
-0.031342
-0.024231
-0.011261
0.0023193
0.015015
0.026062
0.030518
0.032166
0.027771
0.021118
0.013489
0.0057373
0.0005188
-0.0059509
-0.013306
-0.020905
-0.020172
-0.010498
0.00018311
0.0045776
0.0013733
-0.005249
-0.015015
-0.018372
-0.012177
-0.0038757
-0.00048828
-0.00177
-0.0093689
-0.015503
-0.012329
-0.002533
0.01059
0.019073
0.020782
0.022034
0.027496
0.035156
0.029358
0.017395
0.0098877
0.0016785
-0.0059204
-0.016602
-0.1055
-0.21335
-0.22607
-0.17889
-0.10214
0.033508
0.14719
0.17654
0.18661
0.20099
0.21033
0.18683
0.12183
0.064606
-0.0034485
-0.083984
-0.11798
-0.10037
-0.091492
-0.072815
-0.035706
0.0036316
0.024109
0.031708
0.047058
0.055328
0.025238
-0.02063
-0.045044
-0.06604
-0.084747
-0.081329
-0.064789
-0.057526
-0.048035
-0.019653
0.014771
0.042664
0.055542
0.050995
0.041809
0.025208
0.011017
0.0052795
-0.00039673
-0.018311
-0.036407
-0.046417
-0.044861
-0.031036
-0.0084534
0.014771
0.026672
0.026886
0.025665
0.026062
0.028046
0.033417
0.036713
0.028625
0.0061035
-0.012848
-0.014801
-0.010162
-0.0063171
0.0015564
0.0069885
-0.00042725
-0.015411
-0.019836
-0.0083008
0.0010986
-0.00067139
-0.0019836
-0.0076294
-0.02121
-0.023529
-0.013611
-0.0096436
-0.0042114
0.0046997
0.0048828
-0.0032959
0.0019226
0.020599
0.03772
0.053192
0.051025
-0.058105
-0.20776
-0.23276
-0.16965
-0.10828
0.0061035
0.12378
0.13605
0.13229
0.17709
0.2215
0.22116
0.15793
0.074646
0.011475
-0.059265
-0.1091
-0.076141
-0.060028
-0.085419
-0.076691
-0.038544
-0.018097
0.010742
0.045197
0.054413
0.034149
-0.015167
-0.039001
-0.026337
-0.031036
-0.049957
-0.049255
-0.059967
-0.082855
-0.065491
-0.021912
0.022125
0.046783
0.054016
0.053345
0.049744
0.032013
0.01709
0.015533
-0.0018311
-0.030945
-0.045319
-0.044647
-0.043213
-0.033264
-0.018066
-0.0025635
0.01236
0.021179
0.028503
0.035065
0.033081
0.02774
0.028046
0.020172
0.005188
0.00021362
0.0030212
0.0021362
0.003479
0.0045471
-0.00036621
-0.0012207
-0.0020752
-0.0042114
-0.0031128
-0.0019226
-0.0068665
-0.0083008
-0.0066833
-0.01767
-0.028351
-0.025665
-0.017853
-0.014893
-0.011566
-0.0040588
0.01001
0.031586
0.062164
0.033508
-0.1088
-0.2012
-0.15463
-0.09906
-0.064575
0.031128
0.071747
0.047699
0.10178
0.20743
0.23978
0.2139
0.15204
0.067627
0.017914
-0.0069885
-0.035706
-0.054199
-0.080963
-0.1279
-0.12973
-0.06546
-0.015717
0.006073
0.017853
0.01062
-0.016785
-0.018768
0.00067139
0.014252
0.0037842
-0.02356
-0.052887
-0.064972
-0.05542
-0.028198
0.0047302
0.023285
0.018646
0.012939
0.022858
0.035034
0.035736
0.029968
0.012787
-0.012909
-0.031128
-0.029724
-0.020447
-0.011841
-0.0083008
-0.0070496
-0.0022888
0.0032349
0.0090942
0.015289
0.015472
0.010162
0.0087891
0.012909
0.014587
0.013489
0.0090942
0.0041504
0.00064087
0.0029297
0.0032959
-0.0024414
-0.0090942
-0.012177
-0.015259
-0.018738
-0.022491
-0.0242
-0.018097
-0.011505
-0.0090942
-0.0039062
0.0046692
0.0097961
0.008667
0.006958
0.011688
0.02478
0.033783
0.034302
0.026398
0.015503
0.0029602
-0.011932
-0.022614
-0.025116
-0.023682
-0.016846
-0.0062561
-0.0061646
-0.012299
-0.0075684
0.011444
0.024139
0.017731
0.00091553
-0.013641
-0.012695
0.0062561
0.028625
0.036194
0.028931
0.018372
0.018066
0.026794
0.032684
0.024292
0.00067139
-0.019897
-0.023926
-0.014984
-0.012543
-0.01474
-0.013672
-0.012939
-0.015442
-0.016937
-0.016357
-0.018768
-0.026031
-0.029694
-0.021088
-0.0088196
0.0016174
0.0071106
0.0075684
0.0036316
-0.0013428
-0.00354
