0.0016174
-0.0010986
0.01001
0.0074463
0.0080566
0.0026245
-0.00027466
-0.0046692
-0.0060425
0.00091553
-0.0030212
-0.0014343
-0.0083008
0.0041199
-0.017303
-0.015808
0.0013428
-0.0082397
0.0007019
0.024658
0.026001
0.02597
0.033264
0.023956
0.0065613
0.0024719
-0.0084229
-0.026398
-0.026825
-0.027161
-0.030884
-0.016541
-0.013458
-0.010925
0.0025024
0.012634
0.011108
0.02417
0.026978
0.015381
0.018341
0.0097046
-0.0035095
-0.0049438
-0.011383
-0.012543
-0.017548
-0.010101
-0.0087585
-0.0041809
0.0057678
0.0056763
0.0080261
0.012909
0.01181
0.0067749
0.0027161
-0.0010986
-0.005249
-0.0068665
-0.0063782
-0.009613
-0.0094604
-0.0068054
-0.0043945
0.0014343
0.0052795
0.0077209
0.0072937
0.0081177
0.009491
0.0083618
0.004425
0.00039673
-0.0023804
-0.0055237
-0.0066528
-0.0070496
-0.0070496
-0.0068665
-0.007782
-0.0083923
-0.010376
-0.0081177
-0.0081177
-0.0046387
-0.0012817
0.00085449
0.0020752
-0.0021973
-0.0096436
-0.017853
-0.032257
-0.03891
-0.034515
-0.027863
-0.018616
0.005249
0.022186
0.042847
0.065216
0.079803
0.081116
0.079529
0.068054
0.04895
0.027954
0.0076904
-0.014587
-0.034943
-0.044586
-0.048492
-0.048218
-0.037781
-0.027313
-0.016083
-0.0044556
0.006012
0.011871
0.013428
0.011108
0.0040588
-0.0048523
-0.011566
-0.018951
-0.027313
-0.030823
-0.030273
-0.025269
-0.016785
-0.0089111
-0.00054932
0.0085754
0.01416
0.017487
0.016296
0.0098572
-0.0050354
-0.011505
-0.010345
-0.0094604
-0.0052185
0.0018311
0.0039368
0.0063171
0.018433
0.029022
0.028473
0.02301
0.020538
0.01413
0.013367
0.017181
0.01239
0.0033569
-0.0030212
-0.005249
-0.0053101
-0.0065308
-0.0065918
-0.0087891
-0.012054
-0.012024
-0.0099487
-0.0073547
-0.0067139
-0.0055237
-0.0087585
-0.016388
-0.020752
-0.01947
-0.019348
-0.023285
-0.042206
-0.072845
-0.13818
-0.15152
-0.11618
-0.055511
0.0047913
0.082397
0.12482
0.14676
0.19989
0.23743
0.21637
0.15387
0.085297
0.0086365
-0.057556
-0.075714
-0.09314
-0.11972
-0.13345
-0.097992
-0.049561
0.0058594
0.063599
0.09021
0.077393
0.052643
0.038574
0.0089111
-0.026733
-0.058624
-0.093506
-0.12518
-0.12451
-0.092529
-0.056915
-0.017151
0.019836
0.049377
0.067261
0.08255
0.090759
0.074768
0.04364
0.0089111
-0.025909
-0.057007
-0.06839
-0.06604
-0.062134
-0.050293
-0.02771
0.0016174
0.028931
0.052429
0.065979
0.060944
0.046967
0.034088
0.016266
-0.007843
-0.030884
-0.047363
-0.060883
-0.057037
-0.035706
-0.013611
0.0065002
0.027802
0.039764
0.043945
0.049744
0.051208
0.037811
0.015198
-0.0042419
-0.019226
-0.028351
-0.026459
-0.018951
-0.013306
-0.0095825
0.0031738
0.017578
0.0242
0.024963
0.025452
0.019531
0.0057068
-0.0077209
-0.013062
-0.012787
-0.019348
-0.022034
-0.018951
-0.017181
-0.013184
-0.0049744
-0.00036621
-0.013397
-0.027802
-0.040161
-0.042175
-0.073425
-0.13144
-0.1347
-0.10156
-0.046112
0.033905
0.12802
0.15405
0.1553
0.18301
0.19159
0.1546
0.094543
0.037048
-0.046631
-0.10446
-0.1073
-0.08783
-0.081512
-0.064514
-0.017334
0.021912
0.060303
0.096558
0.10397
0.064575
0.019623
-0.021271
-0.061859
-0.090729
-0.10321
-0.10501
-0.10461
-0.08194
-0.040894
0.0025635
0.039398
0.07254
0.085846
0.073029
0.055237
0.034241
0.0040283
-0.027466
-0.0495
-0.067169
-0.076965
-0.069946
-0.046448
-0.018524
0.0078735
0.033539
0.048431
0.050385
0.049713
0.046906
0.032196
0.0090637
-0.013855
-0.029663
-0.039307
-0.04364
-0.041901
-0.033447
-0.016541
0.006134
0.027405
0.041565
0.055176
0.061554
0.060303
0.053558
0.03833
0.010132
-0.011658
-0.02066
-0.028961
-0.034912
-0.033661
-0.024261
-0.013489
0.002594
0.020874
0.029449
0.023956
0.017334
0.014374
0.0054932
-0.010803
-0.026459
-0.038086
-0.04245
-0.038391
-0.022003
-0.005127
0.0061646
0.013641
0.017456
0.0086975
-0.013916
-0.03064
-0.040405
-0.059357
-0.1084
-0.14511
-0.13013
-0.082581
-0.0015259
0.095276
0.16272
0.17273
0.17596
0.18457
0.16513
0.11337
0.046082
-0.023895
-0.096313
-0.12701
-0.11209
-0.082642
-0.055206
-0.016968
0.028473
0.060028
0.085632
0.099243
0.084534
0.033997
-0.023071
-0.069092
-0.10214
-0.11502
-0.10614
-0.085907
-0.062561
-0.029785
0.012329
0.052368
0.080231
0.091705
0.082092
0.055786
0.021484
-0.012543
-0.037903
-0.05658
-0.064178
-0.065033
-0.058167
-0.044189
-0.020691
0.0082397
0.031616
0.045807
0.043976
0.033173
0.017548
0.0041809
-0.0096436
-0.02005
-0.033203
-0.052185
-0.055786
-0.044922
-0.022156
0.00088501
0.029694
0.053802
0.070953
0.079376
0.077301
0.062744
0.036377
0.014252
-0.0040283
-0.021027
-0.034058
-0.032806
-0.027466
-0.019409
-0.0059509
0.010681
0.018219
0.015411
0.014954
0.012939
0.0058594
-0.0081177
-0.018585
-0.029175
-0.036133
-0.038666
-0.032349
-0.020569
-0.0079651
0.0070496
0.013672
0.015564
-0.0088806
-0.031067
-0.041077
-0.047363
-0.091217
-0.14847
-0.14386
-0.10031
-0.018188
0.086273
0.18094
0.20074
0.18692
0.1861
0.16745
0.12048
0.054565
-0.0082703
-0.087036
-0.13739
-0.12866
-0.083344
-0.040833
-0.0042725
0.039642
0.063843
0.073792
0.079285
0.076447
0.038574
-0.020477
-0.074493
-0.11047
-0.12354
-0.11218
-0.080505
-0.050323
-0.024536
0.0037537
0.035858
0.060699
0.075043
0.073761
0.049744
0.01416
-0.017242
-0.036072
-0.048523
-0.049988
-0.044891
-0.041412
-0.033539
-0.01593
0.0082397
0.026001
0.03656
0.038879
0.031555
0.02121
0.0077515
-0.0046997
-0.014008
-0.022308
-0.032257
-0.032043
-0.043274
-0.083527
-0.074738
-0.0082397
0.056091
0.096313
0.12442
0.1037
0.049347
0.032684
0.041962
0.018341
-0.034821
-0.060699
-0.061249
-0.043457
-0.00021362
0.046478
0.051147
0.02478
0.014221
0.017548
0.013763
0.00027466
-0.0088806
-0.025452
-0.044189
-0.051666
-0.042877
-0.026764
-0.011047
0.0037537
0.0064392
0.0020752
-0.014618
-0.029205
-0.04892
-0.051025
-0.09317
-0.16705
-0.16513
-0.10318
-0.011688
0.094421
0.20062
0.22516
0.19608
0.17642
0.15829
0.11594
0.044067
-0.011017
-0.07901
-0.13504
-0.1431
-0.096283
-0.044464
-0.0035095
0.049713
0.082214
0.086151
0.06665
0.055298
0.026886
-0.017395
-0.066437
-0.10147
-0.11624
-0.11188
-0.073303
-0.028809
0.0074768
0.030029
0.047424
0.056641
0.059845
0.056549
0.038208
0.0058289
-0.033081
-0.057098
-0.06427
-0.057007
-0.04483
-0.032959
-0.021698
-0.0079651
0.008728
0.022247
0.030609
0.032379
0.02655
0.016754
0.007019
-0.0037842
-0.010468
-0.019531
-0.016235
-0.051239
-0.090454
-0.052917
0.014343
0.066284
0.10336
0.12308
0.075897
0.029449
0.018372
0.018585
-0.012085
-0.04657
-0.051605
-0.050659
-0.032745
0.0057373
0.044067
0.031311
0.014343
0.017242
0.02121
0.010834
0.00033569
-0.0023804
-0.016754
-0.023315
-0.021301
-0.010101
-0.017395
-0.024658
-0.017059
-0.00067139
0.0050354
0
-0.0090942
-0.027039
-0.047638
-0.06604
-0.14279
-0.19705
-0.1716
-0.093658
0.013214
0.14102
0.22647
0.2269
0.20255
0.18402
0.16077
0.10156
0.034027
-0.033173
-0.10919
-0.15283
-0.13806
-0.078339
-0.024506
0.026825
0.072754
0.090027
0.079163
0.065033
0.049194
0.0075989
-0.04895
-0.10208
-0.12982
-0.13666
-0.11255
-0.064087
-0.016815
0.021301
0.049316
0.072876
0.08432
0.080505
0.062561
0.03067
-0.011658
-0.050568
-0.067047
-0.065277
-0.055511
-0.044159
-0.030762
-0.015259
0.0021973
0.018921
0.033569
0.041382
0.031769
0.015411
-0.005127
-0.028107
-0.041779
-0.042816
-0.032898
-0.016815
0.00085449
0.010468
0.021088
0.037384
0.054047
0.060974
0.052094
0.031677
0.0080261
-0.0064697
-0.0065002
-0.0015564
-0.0010376
-0.0046997
-0.0079651
-0.0059204
-0.0041199
-0.00027466
0.0056763
0.0061035
0.0024414
-0.00024414
-0.0033569
-0.0068054
-0.006073
-0.0029297
0.0010986
0.00061035
-0.0051575
-0.0079651
-0.0066528
-0.0032959
-0.0020142
-0.0016785
-0.0038452
-0.012909
-0.027252
-0.036957
-0.11835
-0.20212
-0.19394
-0.12921
-0.035431
0.091888
0.19873
0.22208
0.20532
0.1922
0.17691
0.12106
0.045471
-0.016388
-0.090332
-0.14447
-0.14868
-0.1001
-0.04657
0.0055847
0.062439
0.099884
0.10275
0.080292
0.055023
0.012787
-0.039032
-0.091339
-0.11789
-0.12646
-0.11636
-0.080902
-0.036072
0.0058899
0.032928
0.060486
0.076965
0.080231
0.067047
0.044037
0.013763
-0.025024
-0.05307
-0.068726
-0.066437
-0.058411
-0.043365
-0.020782
0.0015869
0.022186
0.036743
0.042297
0.02774
0.010773
0.0024719
-0.0056458
-0.01535
-0.019501
-0.019745
-0.017059
-0.0084229
0.0031128
0.012207
0.017731
0.0242
0.028534
0.029999
0.02948
0.025269
0.016754
0.0065002
-0.0010376
-0.0010071
-0.00021362
-0.0040588
-0.0074463
-0.0090027
-0.010773
-0.006958
0.0021057
0.0035095
6.1035e-05
-0.00097656
0.0011292
-0.0022278
-0.0016174
0.0043335
0.0055542
0.00082397
-0.0075073
-0.014069
-0.01825
-0.019653
-0.018738
-0.020172
-0.017212
-0.062531
-0.16034
-0.18466
-0.14035
-0.065125
0.040649
0.15527
0.20026
0.19348
0.18466
0.17847
0.14999
0.081696
0.026886
-0.035583
-0.10287
-0.14139
-0.13074
-0.096527
-0.056061
0.0020142
0.057098
0.086792
0.082123
0.073242
0.048584
0.0074768
-0.043365
-0.080139
-0.099304
-0.11429
-0.10873
-0.078552
-0.038116
-0.0046387
0.03064
0.063446
0.083984
0.086029
0.076569
0.05777
0.024658
-0.01416
-0.046783
-0.06488
-0.071045
-0.063507
-0.046204
-0.029388
-0.010895
0.0090027
0.027039
0.03772
0.040497
0.03598
0.019287
0.00082397
-0.013397
-0.019958
-0.020966
-0.018585
-0.016113
-0.010986
-0.0015259
0.0088806
0.017273
0.021759
0.026642
0.025269
0.017151
0.010986
0.0071411
0.0036926
-0.00015259
-0.00076294
0.0010071
-0.0013733
-0.0041809
-0.0040283
0.00027466
0.0033264
0.0075073
0.0081787
0.0034485
-0.0022278
-0.0062561
-0.0042114
0.0024414
0.0040894
-0.0018005
-0.0079041
-0.020203
-0.023407
-0.012573
-0.0064697
-0.020691
-0.11734
-0.1973
-0.18896
-0.13049
-0.036072
0.099823
0.19391
0.20575
0.18951
0.17709
0.17056
0.13113
0.077179
0.030914
-0.045959
-0.12137
-0.14349
-0.11847
-0.088196
-0.049835
0.004303
0.050964
0.06073
0.057007
0.061646
0.044464
0.006897
-0.036469
-0.065277
-0.090332
-0.10931
-0.099731
-0.067841
-0.035767
-0.01004
0.022095
0.049988
0.066437
0.067261
0.067719
0.060822
0.034271
0.0036011
-0.020355
-0.037384
-0.052124
-0.061523
-0.062622
-0.048737
-0.027557
-0.0018921
0.025726
0.046265
0.047791
0.039459
0.027863
0.01358
-0.00021362
-0.012634
-0.016083
-0.016602
-0.013702
-0.0058899
0.0046082
0.0092163
0.006897
0.0055542
0.0056152
0.002533
-6.1035e-05
0.00354
0.0070496
0.002594
-0.0005188
0.0054321
0.0071106
-0.00073242
-0.0098877
-0.01004
-0.0051575
-0.00091553
0.0094299
0.021606
0.024597
0.016388
0.0063782
-0.00054932
-0.0059814
-0.013733
-0.021027
-0.016815
-0.018951
-0.040253
-0.13388
-0.21167
-0.198
-0.12955
-0.032562
0.098694
0.18689
0.20343
0.20334
0.20065
0.19031
0.14401
0.076843
0.018585
-0.054871
-0.11169
-0.12369
-0.10223
-0.080109
-0.044281
-0.0036926
0.031891
0.045319
0.045044
0.049713
0.03302
-0.0045471
-0.044403
-0.066406
-0.082031
-0.083893
-0.072296
-0.052124
-0.03598
-0.026154
-0.0066833
0.022949
0.050446
0.062439
0.061829
0.04895
0.023407
-0.0035095
-0.01358
-0.017517
-0.024384
-0.030701
-0.031311
-0.024292
-0.01123
0.0023804
0.015045
0.026215
0.030731
0.032288
0.027771
0.021118
0.01358
0.0059204
0.00073242
-0.0057678
-0.013184
-0.020752
-0.02002
-0.010406
0.00021362
0.0045776
0.0013123
-0.0053406
-0.015167
-0.018524
-0.012146
-0.0037842
-0.00061035
-0.0020142
-0.0095825
-0.015564
-0.012238
-0.0025024
0.010529
0.01889
0.020569
0.021881
0.027313
0.034943
0.029327
0.017487
0.01004
0.0018005
-0.0058899
-0.016632
-0.10556
-0.21338
-0.22604
-0.17889
-0.10226
0.033325
0.14703
0.17648
0.18658
0.20093
0.21033
0.18707
0.12207
0.064514
-0.0036621
-0.083984
-0.11792
-0.10028
-0.091309
-0.072662
-0.035828
0.003418
0.023956
0.031647
0.047058
0.055481
0.025391
-0.020538
-0.045074
-0.066132
-0.084778
-0.081299
-0.064667
-0.057251
-0.047852
-0.019653
0.014771
0.042694
0.055634
0.051086
0.04184
0.025238
0.011139
0.0054321
-0.00033569
-0.01828
-0.036285
-0.046295
-0.044708
-0.030945
-0.0083923
0.014832
0.026703
0.026886
0.025696
0.026123
0.028076
0.033295
0.036682
0.028717
0.0061035
-0.013031
-0.015015
-0.010254
-0.0062256
0.001709
0.0069885
-0.00042725
-0.015411
-0.019867
-0.0083923
0.0010681
-0.0007019
-0.0020752
-0.007782
-0.021423
-0.023712
-0.013641
-0.0096436
-0.0042114
0.0046692
0.0049133
-0.0031433
0.0021057
0.02066
0.037689
0.053253
0.051056
-0.058136
-0.20789
-0.23309
-0.17001
-0.1084
0.0061646
0.1239
0.13611
0.13232
0.17719
0.22156
0.22122
0.15805
0.074799
0.011475
-0.059418
-0.10919
-0.076141
-0.060028
-0.085388
-0.076538
-0.0383
-0.017853
0.010956
0.045227
0.054352
0.034027
-0.01532
-0.039032
-0.026337
-0.031067
-0.049896
-0.049042
-0.059692
-0.082672
-0.065338
-0.02179
0.022156
0.046722
0.054108
0.053589
0.049896
0.031952
0.016968
0.015503
-0.0016785
-0.030853
-0.045441
-0.0448
-0.043182
-0.033081
-0.017761
-0.0022888
0.012512
0.02121
0.028595
0.035278
0.033264
0.027679
0.027985
0.020264
0.0052795
0.00012207
0.0029297
0.0021362
0.0034485
0.0044861
-0.00036621
-0.0012512
-0.0021362
-0.0042419
-0.0030212
-0.0017395
-0.0066528
-0.0081177
-0.0066528
-0.017761
-0.028534
-0.025848
-0.017944
-0.015015
-0.011688
-0.0042114
0.0098572
0.031494
0.062195
0.033478
-0.10892
-0.2012
-0.15454
-0.098907
-0.064514
0.031219
0.071777
0.047607
0.10153
0.20728
0.23978
0.21399
0.15201
0.067566
0.017975
-0.006897
-0.035706
-0.05423
-0.080872
-0.12793
-0.12985
-0.06546
-0.015808
0.0057678
0.017578
0.010468
-0.016937
-0.018829
0.0007019
0.014435
0.0039673
-0.023438
-0.052917
-0.065125
-0.055573
-0.028198
0.0048523
0.023376
0.018555
0.012787
0.022827
0.034973
0.035675
0.03009
0.012939
-0.01297
-0.031433
-0.03006
-0.020508
-0.011749
-0.0083313
-0.0072021
-0.0023499
0.0031433
0.0089111
0.015198
0.015442
0.01004
0.008606
0.012878
0.014679
0.013519
0.0090942
0.0041809
0.0007019
0.0030212
0.0033264
-0.002533
-0.0091858
-0.012146
-0.015198
-0.018768
-0.022522
-0.024048
-0.0177
-0.011139
-0.0089417
-0.0038147
0.0047607
0.0097656
0.0085449
0.007019
0.011871
0.02475
0.03363
0.03418
0.026398
0.015564
0.0030212
-0.011932
-0.022675
-0.025208
-0.023682
-0.016663
-0.006134
-0.0061646
-0.01239
-0.0076904
0.011322
0.024078
0.017578
0.00073242
-0.013794
-0.012817
0.006073
0.028503
0.036194
0.028931
0.018433
0.018097
0.026733
0.032715
0.024475
0.00082397
-0.019806
-0.023804
-0.014923
-0.012665
-0.014801
-0.013611
-0.012848
-0.015381
-0.016815
-0.016174
-0.018646
-0.02594
-0.029633
-0.020996
-0.008728
0.0018005
0.0072937
0.0075684
0.0035706
-0.0012512
-0.003418
