0.01593
-0.010162
0.014709
0.015228
0.010468
0.016571
0.010498
0.014313
-0.0037842
-0.0034485
-0.013428
-0.012482
-0.01712
-0.022186
-0.0085449
-0.0078125
0.0035706
0.014313
0.019928
0.018524
0.014801
0.011566
0.0028992
0.001709
-0.0097656
-0.010773
-0.017517
-0.013123
-0.013794
-0.0050354
-0.0057373
-0.0047913
0.0032349
0.0029907
0.009613
0.0077209
0.0099182
-0.01004
-0.0066528
0.0010071
-0.005188
0.01358
0.016144
0.013672
0.026886
0.024506
0.019043
0.012909
-0.0059814
-0.020569
-0.022217
-0.025848
-0.030731
-0.026093
-0.024078
-0.019684
-0.0047302
0.0097961
0.011383
0.01767
0.024353
0.018616
0.020294
0.017578
0.0052185
-0.00085449
-0.0043335
-0.0085449
-0.011017
-0.0087891
-0.013458
-0.011047
-0.011871
-0.0047913
-0.0018616
0.0036926
0.0083008
0.0081482
0.012115
0.012665
0.010223
0.0054626
0.00064087
-0.006012
-0.010834
-0.0082703
-0.011749
-0.013336
-0.0090332
-0.0082092
-0.008728
-0.011261
-0.031097
-0.044006
-0.039764
-0.029633
-0.013733
0.0064697
0.011322
0.022369
0.047638
0.071289
0.080139
0.083344
0.066376
0.043549
0.030731
0.019196
-0.0013733
-0.020996
-0.03772
-0.051727
-0.051331
-0.03653
-0.023834
-0.016083
-0.0080872
-0.0021667
-0.0015564
0.0093384
0.012604
0.004364
-0.006012
-0.020386
-0.027863
-0.025787
-0.022827
-0.019135
-0.015259
-0.013123
-0.0021057
0.01358
0.025299
0.029663
0.024811
0.018585
0.016724
0.013672
0.011261
0.0014648
-0.0079346
-0.014008
-0.012177
-0.0062561
-0.00067139
0.0013428
0.0012512
0.0022278
0.0049438
0.010254
0.012024
0.010986
0.0063477
0.0045471
0.0042419
0.0019531
-0.0061646
-0.01123
-0.01825
-0.020813
-0.022003
-0.024231
-0.025055
-0.016327
-0.01947
-0.012451
-0.067535
-0.14655
-0.14279
-0.11694
-0.06955
0.024811
0.079224
0.082764
0.1243
0.19446
0.22583
0.2132
0.18149
0.092072
0.0010376
-0.029755
-0.048096
-0.078766
-0.10272
-0.11096
-0.10684
-0.064148
0.010071
0.057281
0.067963
0.061096
0.040131
0.0089722
-0.0007019
-0.010864
-0.046753
-0.088654
-0.10791
-0.1152
-0.096069
-0.045898
-0.0067749
0.014343
0.033783
0.053528
0.063477
0.071899
0.06958
0.040375
-0.0010681
-0.029846
-0.050964
-0.061157
-0.054474
-0.045868
-0.038452
-0.024475
-0.0012207
0.02066
0.033661
0.042908
0.043732
0.034637
0.027588
0.02774
0.017761
0.0055237
0.0024109
-0.0014648
-0.0029907
-0.00036621
0.0040283
0.0018311
0.0041199
0.010071
0.013519
0.015289
0.015289
0.010864
0.0053711
-0.00030518
-0.010529
-0.017792
-0.02124
-0.023621
-0.028442
-0.025513
-0.018799
-0.0094299
0.001709
0.012543
0.016144
0.012054
0.0015259
-0.011475
-0.019318
-0.019653
-0.033478
-0.054871
-0.091705
-0.17102
-0.17252
-0.1088
-0.035431
0.054352
0.13812
0.15891
0.16983
0.20575
0.22476
0.1828
0.11252
0.03186
-0.060394
-0.10367
-0.1004
-0.089752
-0.085358
-0.071655
-0.036499
0.0046692
0.06369
0.108
0.10339
0.060242
0.011749
-0.040924
-0.0784
-0.086548
-0.088013
-0.10187
-0.10254
-0.078583
-0.043518
0.0068054
0.057465
0.083649
0.076782
0.060028
0.046417
0.029541
0.0092468
-0.014404
-0.04306
-0.071991
-0.080078
-0.06192
-0.035278
-0.010956
0.0084534
0.016357
0.022858
0.030396
0.033661
0.022644
0.0014648
-0.012207
-0.017303
-0.01355
-0.00094604
0.0075989
0.0088196
0.01709
0.030182
0.037445
0.035919
0.027924
0.016876
0.007782
0.0059509
0.0083618
0.0052795
-0.0036926
-0.012177
-0.014465
-0.012939
-0.0082703
-0.0050354
-0.0066223
-0.0058594
-0.0010376
0.0088806
0.020996
0.021332
0.015045
0.0023804
-0.012817
-0.027435
-0.039978
-0.04129
-0.059692
-0.065369
-0.088623
-0.17749
-0.18604
-0.12125
-0.04129
0.059387
0.15811
0.18085
0.17267
0.19421
0.21283
0.16998
0.099792
0.025909
-0.068665
-0.11526
-0.10516
-0.069519
-0.046875
-0.025421
0.0072021
0.030945
0.067627
0.10153
0.093353
0.040924
-0.016937
-0.074951
-0.11783
-0.11972
-0.098907
-0.088562
-0.072571
-0.04184
-0.01297
0.023499
0.059723
0.080505
0.067535
0.040802
0.015961
-0.010834
-0.02951
-0.036896
-0.044342
-0.052032
-0.049835
-0.033936
-0.011139
0.013763
0.035034
0.039642
0.034912
0.021454
0.0054626
-0.0090332
-0.022308
-0.024872
-0.015442
0
0.016174
0.028717
0.039764
0.045105
0.045715
0.04248
0.028625
0.011078
-0.0054321
-0.014343
-0.012451
-0.0097046
-0.0050659
-0.0057678
-0.013214
-0.012512
-0.0099487
-0.010498
-0.011475
-0.010437
-0.006897
-0.00018311
0.0091248
0.013214
0.012482
0.0083313
0.0034485
-0.012573
-0.028168
-0.032379
-0.04425
-0.060944
-0.065094
-0.14795
-0.21136
-0.15988
-0.074097
0.026154
0.14545
0.20697
0.19556
0.18463
0.19489
0.17773
0.1124
0.045349
-0.036469
-0.11304
-0.12863
-0.093689
-0.04303
-0.015137
0.01767
0.049103
0.063354
0.078674
0.085266
0.054413
-0.0055237
-0.06723
-0.11658
-0.13507
-0.12003
-0.084747
-0.056763
-0.03183
-0.0037231
0.021484
0.05127
0.073334
0.074371
0.046692
0.0086975
-0.019897
-0.040741
-0.04422
-0.038635
-0.036469
-0.037018
-0.027283
-0.0083008
0.010986
0.031586
0.046387
0.042938
0.024689
0.0093689
0.0018005
-0.045593
-0.075226
-0.04715
-0.0063171
0.023926
0.058594
0.068359
0.049042
0.045013
0.057343
0.045624
0.003479
-0.025757
-0.044617
-0.041992
-0.016541
0.01413
0.019012
-0.0057983
-0.020172
-0.018585
-0.017426
-0.0064697
0.0028992
-0.0078735
-0.013916
-0.0032043
0.01001
0.020325
0.023987
0.018158
-0.0032349
-0.015625
-0.022644
-0.057373
-0.086945
-0.17075
-0.25586
-0.21817
-0.11551
0.0097961
0.1416
0.22678
0.23672
0.21896
0.21014
0.19571
0.12808
0.043549
-0.035522
-0.11356
-0.14407
-0.12128
-0.057709
-0.0022888
0.038727
0.0784
0.092438
0.090118
0.080383
0.051483
-0.00094604
-0.061707
-0.11725
-0.14221
-0.13687
-0.10724
-0.067261
-0.030975
0.0005188
0.026489
0.046783
0.062653
0.06601
0.048523
0.013306
-0.022491
-0.048248
-0.058838
-0.048645
-0.032959
-0.022644
-0.010864
0.0010376
0.010254
0.023682
0.039032
0.040741
0.020111
-0.0040588
-0.016388
-0.017334
-0.056702
-0.068237
-0.021454
0.02121
0.046234
0.080231
0.084564
0.055664
0.046265
0.052917
0.0401
-0.004303
-0.030426
-0.044098
-0.042084
-0.016571
0.013367
0.012268
-0.013977
-0.029419
-0.029968
-0.027954
-0.016602
-0.0046387
-0.0099792
-0.0082092
0.0039368
0.01593
0.021484
0.018097
0.0033875
-0.02124
-0.023407
-0.028473
-0.052216
-0.10519
-0.22275
-0.2551
-0.17786
-0.055389
0.094574
0.22357
0.25516
0.23358
0.20898
0.19156
0.15112
0.074127
0.0050354
-0.075104
-0.134
-0.13828
-0.09021
-0.020325
0.031036
0.070923
0.094238
0.086548
0.069061
0.049408
0.0058289
-0.042328
-0.096771
-0.12863
-0.13275
-0.11273
-0.068848
-0.030701
-0.0010376
0.018982
0.030823
0.039948
0.04892
0.045105
0.024536
-0.0097656
-0.040009
-0.058685
-0.059387
-0.036377
-0.020203
-0.011383
-0.0023193
0.0028381
0.012024
0.025543
0.037109
0.026062
-0.0019531
-0.023712
-0.036346
-0.029358
0.0021362
0.031464
0.045715
0.0466
0.036835
0.031677
0.033173
0.036957
0.032257
0.016937
0.0021057
-0.0057373
-0.0089722
-0.0049438
0.00088501
-0.0048218
-0.016876
-0.026489
-0.028931
-0.03186
-0.031464
-0.022583
-0.015991
-0.011566
-0.0024109
0.0097656
0.018463
0.023834
0.021301
0.0096741
-0.00064087
-0.0058594
-0.012054
-0.031952
-0.067169
-0.18231
-0.27322
-0.23492
-0.13364
0.0058899
0.16089
0.24911
0.2485
0.22638
0.21228
0.18695
0.11694
0.038391
-0.037659
-0.11276
-0.14075
-0.12091
-0.060669
0.0026245
0.053955
0.096527
0.10529
0.086731
0.059601
0.024292
-0.021149
-0.078522
-0.12582
-0.13773
-0.12814
-0.09436
-0.046906
-0.0065613
0.021332
0.031525
0.040894
0.048706
0.042328
0.023712
-0.006897
-0.035706
-0.049255
-0.052063
-0.038055
-0.016602
-0.0065918
-0.0036926
-0.0027771
0.0040894
0.016022
0.027771
0.028961
0.014313
0.00061035
-0.036285
-0.071472
-0.040985
0.01358
0.050171
0.084778
0.08374
0.045441
0.024353
0.029236
0.041382
0.020966
-0.0077209
-0.02417
-0.031616
-0.017181
0.013885
0.027496
0.0079956
-0.026459
-0.042053
-0.03775
-0.03064
-0.018555
-0.017578
-0.018738
-0.015717
-0.011993
0.0064697
0.021942
0.020325
0.012268
0.0032959
0.0014343
-0.0088501
-0.039612
-0.12231
-0.25092
-0.27405
-0.19
-0.056061
0.099365
0.22018
0.25024
0.23364
0.21884
0.20752
0.16281
0.077942
0.00067139
-0.080353
-0.13367
-0.13229
-0.080658
-0.014496
0.03537
0.071899
0.095337
0.10004
0.082123
0.05014
-0.00094604
-0.057617
-0.11847
-0.14847
-0.1362
-0.10831
-0.071991
-0.032684
0.0033264
0.025177
0.03949
0.054199
0.055328
0.032593
0.0060425
-0.020996
-0.045349
-0.05426
-0.044037
-0.028351
-0.022125
-0.015991
-0.0072632
-0.0026245
0.0045166
0.013428
0.014679
0.0084229
0
-0.0030518
0.0014648
0.012482
0.02652
0.034637
0.035736
0.03064
0.020935
0.019958
0.022186
0.022034
0.02301
0.019836
0.015442
0.0099487
0.0052185
0.00061035
-0.0037231
-0.0076294
-0.013184
-0.026398
-0.037598
-0.03894
-0.039734
-0.036255
-0.023712
-0.013367
-0.011169
-0.0026245
0.015839
0.02652
0.028015
0.033234
0.028625
-0.004425
-0.060516
-0.19501
-0.29095
-0.25146
-0.14896
-0.0063782
0.15652
0.24469
0.2507
0.2348
0.22556
0.203
0.12726
0.03833
-0.043579
-0.12631
-0.15649
-0.12671
-0.057404
0.0036011
0.047791
0.09137
0.11017
0.10098
0.079315
0.04718
-0.0083313
-0.08139
-0.14377
-0.1571
-0.14041
-0.10742
-0.058197
-0.014252
0.013
0.028259
0.048828
0.064392
0.063568
0.044281
0.011353
-0.031311
-0.064178
-0.06842
-0.048645
-0.023132
-0.0097046
-0.0062866
-0.0083618
-0.0024414
0.010376
0.022888
0.0289
0.020813
-0.005127
-0.021423
-0.016846
-0.0022888
0.018829
0.032715
0.033844
0.022827
0.018677
0.025879
0.036255
0.041992
0.036743
0.0224
0.0025024
-0.0093079
-0.0080566
0.0025635
-0.00021362
-0.0067749
-0.015381
-0.026398
-0.029938
-0.030182
-0.026123
-0.018524
-0.01416
-0.01236
-0.019745
-0.019623
-0.0078125
0.0072937
0.02356
0.027679
0.013641
-0.018921
-0.13138
-0.26636
-0.25781
-0.16748
-0.047363
0.10431
0.21945
0.23956
0.22266
0.2157
0.21756
0.16846
0.070007
-0.013428
-0.098236
-0.14993
-0.14557
-0.08432
-0.018311
0.020416
0.055969
0.092682
0.10211
0.092041
0.072113
0.029846
-0.031433
-0.10809
-0.14713
-0.14536
-0.12631
-0.090179
-0.041565
-0.0078125
0.013245
0.035645
0.060974
0.07486
0.064178
0.042419
0.0096741
-0.035126
-0.069336
-0.077454
-0.066589
-0.046295
-0.024109
-0.0045776
0.0040588
0.010345
0.022583
0.032135
0.034241
0.030029
0.012421
-0.0094604
-0.015106
-0.0046387
0.0071716
0.012817
0.01593
0.016571
0.016296
0.024933
0.045044
0.055115
0.046509
0.026215
0.0045776
-0.016022
-0.023621
-0.016022
-0.011932
-0.015289
-0.018311
-0.019806
-0.025665
-0.024109
-0.010986
-0.0037231
-0.0025024
-0.0035706
-0.0080566
-0.010834
-0.0083618
0.0018616
0.012634
0.0072021
-0.022308
-0.15454
-0.27905
-0.24457
-0.14853
-0.034821
0.12079
0.21713
0.22287
0.2142
0.22324
0.23581
0.17319
0.062012
-0.024261
-0.11395
-0.16275
-0.14151
-0.070312
-0.013489
0.014801
0.044647
0.084595
0.094482
0.086884
0.078247
0.040314
-0.027405
-0.097748
-0.11996
-0.11566
-0.10672
-0.088867
-0.056366
-0.032867
-0.013641
0.022217
0.063843
0.079529
0.063965
0.039429
0.013336
-0.018372
-0.042847
-0.053009
-0.066803
-0.080383
-0.069763
-0.036285
-0.00018311
0.028229
0.042297
0.039642
0.029388
0.026581
0.02887
0.023529
0.0091248
-0.0057983
-0.015594
-0.018066
-0.011993
0.0061951
0.024445
0.034546
0.042236
0.045288
0.040588
0.030823
0.021362
0.011566
-0.0039062
-0.023773
-0.035919
-0.040527
-0.031525
-0.018311
-0.012817
-0.012024
-0.0078125
-0.0038757
-0.00088501
0.0039978
0.0083008
0.015991
0.0177
0.011993
0.00027466
-0.022186
-0.14633
-0.27383
-0.24045
-0.14386
-0.058197
0.079651
0.17438
0.18295
0.19653
0.23459
0.2579
0.20013
0.076019
-0.01474
-0.084686
-0.14191
-0.13184
-0.069855
-0.043945
-0.039948
-0.0073242
0.059326
0.10129
0.10443
0.091614
0.053986
-0.019592
-0.08429
-0.094727
-0.079193
-0.080322
-0.088043
-0.078705
-0.064423
-0.042694
0.0033875
0.062622
0.087189
0.065979
0.036804
0.0177
-0.0015564
-0.0159
-0.018433
-0.029724
-0.067657
-0.089539
-0.073639
-0.039886
-0.00042725
0.041443
0.059692
0.049469
0.032257
0.028198
0.028381
0.022827
0.014709
0.0043945
-0.014984
-0.031281
-0.028656
-0.009491
0.015808
0.035583
0.044159
0.039581
0.026428
0.01178
0.0058289
0.0097046
0.009491
-0.0026855
-0.02301
-0.036774
-0.036285
-0.028595
-0.021851
-0.015533
-0.0059814
-0.0061646
-0.0071411
0.002533
0.022491
0.03479
0.038483
0.043365
-0.016876
-0.19308
-0.28024
-0.20422
-0.12326
-0.050659
0.072388
0.11694
0.12344
0.19012
0.27472
0.28693
0.20737
0.071198
-0.029694
-0.081268
-0.11075
-0.095398
-0.065521
-0.081024
-0.085907
-0.03125
0.042969
0.089569
0.10431
0.081024
0.031677
-0.029022
-0.059082
-0.042877
-0.029144
-0.053101
-0.08017
-0.086823
-0.080566
-0.05011
-0.0005188
0.041504
0.050751
0.035675
0.029663
0.041534
0.043335
0.030731
0.0083008
-0.033264
-0.071869
-0.076416
-0.06076
-0.043335
-0.023132
-0.0020752
0.019562
0.041748
0.053741
0.052612
0.039673
0.022156
0.0078125
0.0055847
0.0044861
-0.0112
-0.023621
-0.020081
-0.011749
0.0033569
0.025146
0.032043
0.017273
0.00097656
-0.002594
0.006134
0.011475
0.0043945
-0.0089722
-0.019928
-0.029053
-0.02356
-0.0094604
-0.0060425
-0.013092
-0.016907
-0.01239
-0.002533
0.014587
0.031189
0.046509
0.058258
-0.0046387
-0.15408
-0.21597
-0.14435
-0.083649
-0.056396
-9.1553e-05
0.028137
0.048553
0.14087
0.24905
0.26147
0.19556
0.097382
0.013336
-0.012939
-0.0062256
-0.030975
-0.076752
-0.11124
-0.11401
-0.0625
0.018097
0.053986
0.036652
0.0067444
-0.01651
-0.025452
-0.0046997
0.021545
0.015198
-0.019867
-0.046417
-0.053345
-0.039734
-0.017731
-0.011475
-0.017761
-0.018494
-0.012543
0.0038452
0.029083
0.041168
0.0289
0.0076294
-0.0072632
-0.01651
-0.020508
-0.016113
-0.017059
-0.024963
-0.023865
-0.0088196
0.010742
0.026001
0.023224
0.0047607
-0.0087585
-0.0032959
0.012299
0.018127
0.0099792
-0.0023193
-0.0074768
-0.00064087
0.013062
0.026489
0.027008
0.013428
-0.0046082
-0.015564
-0.016235
-0.013428
-0.02002
-0.02298
-0.015228
-0.010864
-0.010071
-0.0022888
0.013489
0.019775
0.014679
0.012573
0.0112
0.0076294
0.01181
0.022003
0.029602
0.026672
0.012238
-0.003479
-0.015594
-0.023712
-0.02713
-0.033356
-0.03656
-0.025665
-0.0071106
0.0028381
0.0014343
-0.0095825
-0.021912
-0.02536
-0.013885
-0.0015869
-0.0046997
-0.016541
-0.010071
0.022644
0.058563
0.072906
0.063232
0.047058
0.03714
0.030823
0.025848
0.021179
0.0073853
-0.0081177
-0.014099
-0.012634
-0.010864
-0.011932
-0.018494
-0.028778
-0.033234
-0.029327
-0.02301
-0.020386
-0.017487
-0.012512
-0.0074768
-0.0046082
-0.0031738
-0.0038757
-0.0080566
-0.011108
-0.0055542
0.00354
0.012024
0.016785
0.017822
0.017456
0.012695
0.0013123
-0.0074463
-0.010895
-0.017395
-0.022552
-0.022797
-0.018219
-0.010986
-0.0029907
0.0057068
0.014252
0.021088
0.024933
0.02478
0.022461
0.017975
0.0033264
-0.013611
-0.017761
-0.0112
-0.0014954
0.0067444
0.0094299
0.0064697
0.0026855
0.0035095
0.0097656
0.013885
0.0081787
-0.0041809
-0.011261
-0.007843
0.002594
0.012756
0.015106
0.0050354
-0.013123
-0.028992
-0.035095
-0.030396
-0.015411
-0.0013123
0.0053711
0.0085449
0.0093079
0.0075073
0.0030518
-0.0023804
-0.0050964
-0.0081787
-0.013214
-0.011139
-0.0032043
0.0055542
0.011414
0.0089417
-0.00036621
-0.0064392
-0.0089111
-0.006134
0.0020752
0.010864
0.014862
0.014801
0.013885
0.013184
0.012543
0.0096436
0.0045471
