0.0019531
-0.0011597
0.0013123
0.0033875
0.00048828
0.0037842
-0.00094604
-0.0062866
0.002533
-0.0065918
-0.012482
0.0041809
0.0050049
0.0093079
0.016998
0.013611
0.011932
0.0075989
0.00067139
-0.005188
-0.0071106
-0.010498
-0.014587
-0.010406
-0.0072937
-0.010254
-0.005188
-0.0026855
-0.0021973
0.00039673
0.0059509
0.0055542
0.0068359
0.010925
0.010345
0.0079346
0.0048828
0.0013428
-0.0031433
-0.0052185
-0.0053101
-0.0081177
-0.0043945
-0.0049133
-0.0018311
0.0023804
0.0007019
0.00091553
-6.1035e-05
-0.0014648
0.00064087
0.0005188
0.0022278
0.0039978
0.0013123
0.0054932
0.0027466
-0.0026245
0.0024719
0.0005188
-0.00012207
0.00054932
0.00088501
0.0016479
0.0010681
-0.00097656
0.0024109
0.0033569
0.0027161
0.0035706
0.0013733
-0.0014038
-6.1035e-05
0.0019226
-0.001709
-0.0018921
-0.0021667
-0.0050049
-0.0053406
-0.005188
-0.0078125
-0.0096741
-0.009552
-0.0095215
-0.0050354
-0.0037231
-0.0020752
-0.00054932
0.0028992
-0.0016479
-0.0053101
-0.015503
-0.031677
-0.034576
-0.032776
-0.030548
-0.01535
-0.0027771
0.0091248
0.031677
0.057495
0.071167
0.07843
0.0784
0.066742
0.053741
0.039642
0.017456
-0.0073242
-0.030975
-0.049866
-0.056335
-0.053558
-0.048035
-0.040863
-0.030487
-0.016968
-0.0018311
0.01651
0.024933
0.027039
0.021729
0.015289
0.0068359
-0.00177
-0.017761
-0.02597
-0.042389
-0.048126
-0.041504
-0.030823
-0.020752
-0.00027466
0.013824
0.028076
0.044525
0.049103
0.046661
0.038666
0.027527
0.0099487
0.0039978
-0.0076294
-0.017517
-0.019928
-0.016754
-0.01416
-0.0042114
0.0047913
0.0076904
0.012665
0.017517
0.020447
0.014099
0.0065918
0.00012207
-0.0020752
-0.01239
-0.019257
-0.02771
-0.044739
-0.046356
-0.039886
-0.037964
-0.04306
-0.15314
-0.19418
-0.15762
-0.11218
-0.0466
0.074097
0.093842
0.11096
0.21127
0.2811
0.28552
0.24704
0.16833
0.041534
-0.0035095
-0.032684
-0.087341
-0.14304
-0.17563
-0.18301
-0.12485
-0.018158
0.043976
0.073181
0.083344
0.086548
0.077271
0.084534
0.056946
-0.017609
-0.091827
-0.13525
-0.15262
-0.1377
-0.10437
-0.083313
-0.055878
-0.0055542
0.050537
0.096466
0.1265
0.12167
0.082855
0.049927
0.021362
-0.015289
-0.048615
-0.077942
-0.10181
-0.10184
-0.07724
-0.046417
-0.014343
0.016846
0.040344
0.061462
0.07431
0.079926
0.072144
0.05896
0.035095
0.0085144
-0.012604
-0.026733
-0.031311
-0.031281
-0.025238
-0.022491
-0.0071716
0.0070801
0.023407
0.035919
0.036865
0.025757
0.013245
0.011169
-0.0021667
-0.020264
-0.034088
-0.043091
-0.044861
-0.032288
-0.021362
-0.016235
-0.0016174
0.010864
0.0098572
0.0083313
0.011597
-0.019196
-0.040497
-0.13022
-0.22784
-0.19974
-0.13736
-0.061401
0.047638
0.15149
0.16724
0.22827
0.30646
0.30603
0.23163
0.14627
0.037445
-0.078064
-0.11511
-0.13632
-0.16388
-0.17957
-0.14288
-0.075409
0.013702
0.098022
0.13489
0.121
0.087677
0.051239
0.010284
-0.032196
-0.083862
-0.13904
-0.17346
-0.16318
-0.11505
-0.058533
-0.0040283
0.045288
0.084259
0.10983
0.12717
0.12347
0.08728
0.035522
-0.019928
-0.063965
-0.090027
-0.097137
-0.092896
-0.081818
-0.056641
-0.013153
0.032288
0.052399
0.060638
0.05835
0.041473
0.026062
0.02179
0.0049438
-0.018402
-0.020721
-0.022278
-0.018616
-0.00082397
0.015717
0.014343
0.015259
0.02002
0.024292
0.024292
0.019806
0.015381
0.004303
-0.00088501
-0.0022888
-0.0036621
-0.013489
-0.022827
-0.020813
-0.012726
-0.0082703
-0.0038147
0.008606
0.017212
0.027527
0.032776
0.021118
-0.0012817
-0.023346
-0.05954
-0.085602
-0.20587
-0.2854
-0.22858
-0.14124
-0.037445
0.11124
0.21469
0.21075
0.26553
0.33002
0.29752
0.18393
0.077545
-0.043243
-0.15216
-0.16882
-0.15387
-0.15115
-0.14484
-0.072906
0.016296
0.10281
0.16858
0.1835
0.1261
0.050598
-0.0030823
-0.055206
-0.10196
-0.14297
-0.17529
-0.18839
-0.14752
-0.072723
0.0064087
0.070862
0.11206
0.12906
0.12326
0.10654
0.069031
0.015808
-0.041901
-0.087006
-0.1095
-0.11502
-0.095337
-0.065002
-0.026855
0.0079956
0.046326
0.073822
0.079956
0.064636
0.032928
0.0060425
-0.018921
-0.025787
-0.027405
-0.02301
-0.01474
0.0036926
0.023438
0.039764
0.051514
0.047546
0.036499
0.023285
0.013947
0.00073242
-0.0068665
-0.013336
-0.017487
-0.018677
-0.018616
-0.015137
-0.018677
-0.023438
-0.022095
-0.0081177
-0.0014954
0.0052795
0.01886
0.029053
0.023529
0.0083923
0.0071716
-0.015564
-0.038452
-0.06543
-0.080872
-0.19553
-0.29044
-0.22528
-0.12561
-0.014984
0.13461
0.2583
0.24094
0.25482
0.31512
0.28326
0.16986
0.056641
-0.0495
-0.16919
-0.18991
-0.14218
-0.1134
-0.10324
-0.041412
0.042389
0.10645
0.16025
0.17874
0.11728
0.015533
-0.057404
-0.10641
-0.14111
-0.15906
-0.16129
-0.15659
-0.1236
-0.04834
0.036774
0.097504
0.12695
0.12823
0.098633
0.06192
0.029938
-0.0071106
-0.049011
-0.086212
-0.10132
-0.097504
-0.074524
-0.031494
0.011444
0.039246
0.056
0.064514
0.052002
0.026886
0.012512
0.0013733
-0.014282
-0.016479
-0.0039978
0.0040894
0.013062
0.0289
0.036255
0.02713
0.024231
0.02417
0.014496
0.0029907
-0.0031128
-0.010468
-0.019928
-0.017853
-0.011261
-0.014099
-0.01535
-0.012268
-0.020264
-0.028809
-0.018494
-0.0036316
-0.0023193
0.0030518
0.021484
0.023712
0.017914
0.019379
0.012604
-0.0080872
-0.030548
-0.045135
-0.1095
-0.27402
-0.28339
-0.18399
-0.082367
0.047516
0.21512
0.25729
0.22272
0.28088
0.30887
0.23047
0.10425
0.0014343
-0.11813
-0.19879
-0.1723
-0.11127
-0.093658
-0.072052
0.010345
0.082764
0.12848
0.17081
0.16312
0.066772
-0.038239
-0.098663
-0.13342
-0.15378
-0.15118
-0.13818
-0.12772
-0.083252
-0.0012512
0.079102
0.12064
0.13504
0.11685
0.065948
0.02002
-0.0076599
-0.037415
-0.074646
-0.093536
-0.092102
-0.078979
-0.047638
0.0023193
0.036102
0.046204
0.048706
0.045593
0.027649
0.012604
0.0097961
0.0054016
-0.0048828
-0.00048828
0.010651
0.016724
0.020233
0.024475
0.021149
0.011719
0.010712
0.011719
0.0088196
0.0021057
0.0014343
0.00012207
-0.0035095
0.00039673
0.00064087
-0.0076904
-0.018921
-0.028473
-0.032715
-0.030365
-0.019989
-0.007019
-0.0018005
0.0005188
0.011078
0.020325
0.018036
0.014069
0.017365
-0.011169
-0.07193
-0.23441
-0.32477
-0.2515
-0.15237
-0.024872
0.15332
0.25107
0.23123
0.27087
0.32895
0.28836
0.18033
0.065979
-0.056274
-0.17252
-0.18912
-0.13235
-0.092224
-0.083954
-0.025604
0.048523
0.093018
0.13937
0.16815
0.11496
0.0062561
-0.076843
-0.12976
-0.15625
-0.15262
-0.13251
-0.12479
-0.10971
-0.05014
0.033936
0.1055
0.13806
0.13632
0.094177
0.037842
0.0020752
-0.022888
-0.051422
-0.078949
-0.089905
-0.089325
-0.066101
-0.023438
0.01062
0.038025
0.04715
0.035126
0.023163
0.024353
0.014343
0.0027771
0.0048523
0.0043335
0.0038147
0.01413
0.022797
0.020996
0.021759
0.027374
0.029877
0.02005
0.013428
0.010712
0.0036621
-0.0040588
-0.00039673
0
-0.011841
-0.018768
-0.018707
-0.023193
-0.031189
-0.032532
-0.033173
-0.022614
-0.0065918
0.0047302
0.0048218
0.0047302
0.0054321
0.007782
0.022064
0.012024
-0.05423
-0.2493
-0.33142
-0.24609
-0.14532
-0.012421
0.17969
0.25357
0.22321
0.28131
0.34274
0.30243
0.17776
0.056061
-0.068298
-0.18637
-0.2023
-0.13516
-0.093292
-0.090637
-0.030945
0.049225
0.095886
0.13675
0.16748
0.11761
0.01059
-0.07077
-0.11105
-0.13904
-0.15436
-0.13605
-0.12607
-0.11288
-0.066406
0.018829
0.088287
0.12369
0.13406
0.10248
0.051331
0.016449
-0.0031433
-0.041718
-0.07959
-0.099304
-0.098114
-0.078003
-0.034058
0.011414
0.030334
0.032135
0.028992
0.034058
0.037445
0.034821
0.023438
0.0068665
-0.0057373
-0.00054932
0.013763
0.014587
0.0064697
0.0061035
0.01297
0.025391
0.038696
0.037903
0.023926
0.0090942
-0.0028381
-0.0047302
-0.0079956
-0.015869
-0.022736
-0.03186
-0.035156
-0.027405
-0.023071
-0.016907
-0.0082397
-0.0051575
-0.00082397
0.012726
0.023529
0.016174
0.014038
0.010803
-0.011993
-0.091492
-0.27203
-0.31256
-0.21667
-0.13046
-0.00027466
0.19345
0.24503
0.22934
0.29218
0.33264
0.27902
0.15613
0.044769
-0.074799
-0.1853
-0.19525
-0.12738
-0.1087
-0.10446
-0.029388
0.045502
0.086517
0.129
0.15677
0.10715
0.010132
-0.056427
-0.079895
-0.1105
-0.13016
-0.12277
-0.12552
-0.12164
-0.072357
0.010742
0.074158
0.11127
0.12408
0.098297
0.057007
0.032837
0.014709
-0.023895
-0.065308
-0.097107
-0.11307
-0.09671
-0.051361
-0.0023499
0.026184
0.033142
0.034668
0.039398
0.04425
0.048401
0.041992
0.017609
-0.0071106
-0.01413
-0.0061951
-0.004303
-0.00021362
0.0088501
0.011688
0.015076
0.0271
0.040009
0.0354
0.023193
0.0097961
-0.00061035
-0.011902
-0.020264
-0.023956
-0.027039
-0.025208
-0.031342
-0.035706
-0.02005
0.0013123
0.0048828
0.0074768
0.017975
0.01474
0.014832
0.029907
0.020935
-0.020264
-0.17676
-0.33871
-0.289
-0.18472
-0.10022
0.075165
0.21289
0.19809
0.23495
0.33057
0.34839
0.25751
0.12463
0.021851
-0.10046
-0.18771
-0.16168
-0.10846
-0.13275
-0.11703
-0.033875
0.041077
0.091003
0.13745
0.14819
0.080963
-0.0088501
-0.045776
-0.05127
-0.082733
-0.10696
-0.11337
-0.12866
-0.13327
-0.080261
0.0099792
0.074188
0.095001
0.095367
0.087372
0.062836
0.049713
0.04129
0.0051575
-0.053833
-0.10306
-0.11343
-0.092651
-0.058807
-0.020599
0.0082092
0.015808
0.025391
0.043945
0.059052
0.061737
0.048615
0.02597
0.00033569
-0.013428
-0.01413
-0.01709
-0.017334
-0.0048828
0.0094299
0.021912
0.030487
0.023346
0.01532
0.017151
0.016266
0.0073242
-0.0060425
-0.018372
-0.023315
-0.020172
-0.018341
-0.013977
-0.016602
-0.023926
-0.010956
0.0074158
0.01297
0.023468
0.029724
0.016663
0.0070801
0.0062256
0.0014038
-0.064423
-0.24966
-0.30725
-0.21002
-0.15164
-0.058289
0.14328
0.19186
0.16751
0.25116
0.32828
0.29767
0.19116
0.089813
0.0010376
-0.10611
-0.15353
-0.092896
-0.092102
-0.14603
-0.10406
-0.028961
0.014069
0.069641
0.12247
0.11172
0.050232
-0.002533
-0.0020752
-0.0055847
-0.052612
-0.085785
-0.11346
-0.14682
-0.13205
-0.05835
0.009613
0.043213
0.051636
0.062073
0.073395
0.072235
0.072021
0.052979
-0.0043945
-0.06015
-0.083527
-0.082397
-0.06424
-0.043915
-0.037476
-0.032074
-0.015991
0.0096436
0.04245
0.064606
0.061829
0.048462
0.03363
0.021423
0.018311
0.0096436
-0.0054016
-0.011658
-0.0061035
0.0032654
0.0099792
0.0083618
-0.00057983
-0.0045776
-0.0019226
0.0051575
0.005249
-0.00177
-0.0053101
0.00085449
0.0078125
0.0037842
-0.0082703
-0.021332
-0.026947
-0.019989
-0.008606
0.0041199
0.018219
0.02005
0.014099
0.015656
0.0159
-0.0061951
-0.14996
-0.27533
-0.21414
-0.14359
-0.12579
0.029999
0.14465
0.10373
0.16113
0.28705
0.29694
0.23221
0.14938
0.060455
-0.0075073
-0.069763
-0.073883
-0.046753
-0.12576
-0.17355
-0.092163
-0.031525
-0.016083
0.050995
0.072754
0.038574
0.024628
0.032135
0.049744
0.033417
-0.037323
-0.077393
-0.090759
-0.11859
-0.089325
-0.020233
-0.011597
-0.016571
0.011841
0.037201
0.058685
0.072266
0.055573
0.030304
0.0022888
-0.027924
-0.023712
-0.015594
-0.033203
-0.045105
-0.051239
-0.054199
-0.032288
-0.007782
0.0055237
0.027008
0.035889
0.031128
0.042877
0.048187
0.033783
0.027405
0.024963
0.017548
0.019409
0.0068359
-0.016449
-0.024048
-0.024261
-0.021606
-0.010345
-0.0099182
-0.016663
-0.0050659
0.013306
0.029419
0.031555
0.013031
-0.0078125
-0.019653
-0.022217
-0.014496
-0.007019
-0.0070496
-0.0042419
0.0038452
0.0092773
0.0036621
0.011841
-0.01889
-0.15918
-0.21948
-0.1221
-0.079407
-0.08963
0.015808
0.070953
0.0448
0.12036
0.23761
0.237
0.1778
0.11285
0.068237
0.074097
0.056
-0.0015869
-0.04364
-0.089722
-0.13287
-0.092896
-0.033295
-0.039032
-0.056946
-0.041626
-0.015533
0.013092
0.039825
0.03598
0.016266
-0.010864
-0.027649
-0.016907
0.0032349
-0.007019
-0.03363
-0.03476
-0.021271
-0.010101
0.0056152
0.016113
-0.0024109
-0.020569
-0.0075989
0.010193
0.017883
0.012634
0.0040588
0.00097656
-0.00073242
-0.0079346
-0.012848
-0.019165
-0.032898
-0.032562
-0.014435
0.00030518
0.0078125
0.013153
0.019043
0.026825
0.032959
0.038055
0.040619
0.03009
0.0081482
-0.0085449
-0.013336
-0.01358
-0.015686
-0.019531
-0.021881
-0.021149
-0.014069
0.0019836
0.017548
0.012665
-0.0022278
-0.0033264
-0.0021362
-0.0038757
0.0021667
0.015869
0.020996
0.022919
0.021942
0.012177
-0.0022583
-0.016876
-0.023346
-0.020294
-0.017456
-0.021942
-0.015442
0.0042419
0.017944
0.014435
-0.004425
-0.016602
-0.015869
-0.014343
-0.019318
-0.023041
-0.023163
-0.018402
-0.01123
-0.0057678
0.0015564
0.0056152
0.0082397
0.015442
0.030762
0.044312
0.048309
0.047455
0.050537
0.051971
0.041992
0.031738
0.020111
0.0056152
-0.001709
-0.0033264
-0.0051575
-0.0088196
-0.013672
-0.023468
-0.02478
-0.019775
-0.016449
-0.022675
-0.034332
-0.039612
-0.039429
-0.031799
-0.016663
-0.00042725
0.0044556
0.0010681
-0.0044556
-0.0077209
-0.0061035
-0.0026855
-0.0028992
-0.0092773
-0.016205
-0.013794
-0.00015259
0.010803
0.010834
0.0096741
0.013062
0.016388
0.017883
0.017395
0.012482
0.0026245
-0.0037842
-0.0031738
-0.0027771
-0.006134
-0.0048218
0.0029297
0.0099487
0.0094604
0.0054321
0.0055237
0.0014343
-0.0063171
-0.0028687
0.0054016
0.004364
0.0065308
0.017853
0.019104
0.008606
-0.0011597
-0.0077209
-0.014252
-0.013885
-0.0087585
-0.0079956
-0.0062561
-0.0047302
-0.00027466
0.007019
0.0066833
-0.0043335
-0.0065308
-0.00177
-0.0047913
-0.0097046
-0.0087585
-0.0016785
3.0518e-05
-0.0027771
-0.0016479
0.00036621
-0.0035706
-0.0071411
-0.002533
0.002655
0.0097046
0.014465
0.01712
0.017456
0.01416
0.0062256
0.00030518
-0.002655
-0.0064392
-0.0056458
-0.004425
-0.0023499
0.00067139
-0.00085449
-0.0046692
