-0.00024414
-0.00015259
0.00018311
0.00030518
3.0518e-05
0.00018311
0.00057983
9.1553e-05
6.1035e-05
-0.00015259
-0.00027466
-0.0011292
-0.00088501
-0.00045776
-0.00015259
0.00061035
-0.00018311
-0.00042725
0.00027466
-0.00018311
-0.00061035
0
-0.00039673
-9.1553e-05
-9.1553e-05
0.00064087
0.0014954
-0.00067139
-0.0010071
-0.00033569
0.00091553
0.0018005
-0.0010071
-0.001709
0.0010071
0.001709
6.1035e-05
0.0010986
0.00073242
-0.021698
0.016937
0.010925
-0.017548
0.015137
-0.0019226
-0.0067749
0.0083008
0.0018616
-0.00030518
-0.033844
0.013641
0.017212
-0.018799
0.020416
0.002533
-0.011963
0.013519
0.0027466
0.00027466
-0.0076294
-0.0058594
-0.0012207
-0.0014954
0.00094604
-0.0036621
-0.0011292
-0.0014038
-0.0018005
0.0065002
-9.1553e-05
-0.0022278
0.00015259
-9.1553e-05
0.00067139
0.0033569
0.0013428
-0.0005188
0.0041199
0.00354
-0.0058899
-0.0014343
0.0038452
0.00024414
0.0050964
0.0066528
0.00076294
0.0020142
0.00073242
-0.0021667
-0.0061951
-0.0021362
-0.0032349
-0.0070496
-0.003418
-0.007782
-0.038696
-0.029785
0.02301
-0.00082397
0.014099
0.052124
0.029083
0.035828
0.027618
0.0048523
-0.012817
-0.031097
-0.029175
-0.025757
-0.031342
-0.026764
-0.014679
-0.0087585
-0.0011597
0.0092773
0.019836
0.018768
0.021637
0.023773
0.01239
0.0094299
0.0021973
-0.0079041
-0.010254
-0.012787
-0.015533
-0.013885
-0.0095825
-0.0093689
-0.0030518
0.0076599
0.007782
0.012146
0.014801
0.012604
0.0090027
0.0072632
0.002655
-0.004364
-0.0043945
-0.0020752
-0.0082397
-0.0060425
-0.0014954
-0.0028076
0.0019226
0.0047913
0.0035706
0.0056152
0.0072937
0.0064087
0.0031433
0.0054932
0.0018921
-0.001709
-0.0023804
-0.0052185
-0.0066223
-0.005249
-0.006897
-0.0074768
-0.0040894
-0.0040894
-0.0025024
0.0021667
0.0039673
0.0049133
0.004364
0.0033264
-0.00177
-0.0017395
-0.0033875
-0.0072632
-0.0084534
-0.0094604
-0.015594
-0.014801
-0.0066223
-0.0059814
-0.0028992
0.0034485
-0.001709
-0.017029
-0.052338
-0.068085
-0.064484
-0.050507
-0.023132
0.0072632
0.01709
0.047333
0.088409
0.11768
0.12753
0.12619
0.093719
0.060974
0.041412
0.018494
-0.014862
-0.042999
-0.073547
-0.087311
-0.071655
-0.04715
-0.029602
-0.014954
-0.003479
0.0016479
0.015747
0.029755
0.02594
0.010162
-0.0074158
-0.02594
-0.041046
-0.042267
-0.040192
-0.041046
-0.037445
-0.025848
-0.0080261
0.014282
0.03067
0.03653
0.033478
0.027588
0.021667
0.014435
0.00057983
-0.024475
-0.044861
-0.045685
-0.037689
-0.02478
-0.005249
0.0084229
0.022217
0.040649
0.053406
0.056641
0.049072
0.035828
0.017059
0.0057678
-0.0021362
-0.011353
-0.0159
-0.018555
-0.01709
-0.0074768
0.0026245
0.0063171
0.0016174
0.0018921
0.0030518
0.0014038
0.0044556
-0.0010681
-0.010925
-0.016815
-0.01651
-0.016418
-0.020416
-0.017883
-0.022491
-0.023773
-0.011505
-0.0022278
-0.016327
-0.023438
-0.081177
-0.14883
-0.13654
-0.091431
-0.037811
0.044922
0.10507
0.11392
0.15414
0.20337
0.211
0.16992
0.12091
0.036346
-0.042084
-0.065979
-0.075043
-0.087067
-0.090118
-0.073425
-0.050049
-0.0037537
0.052856
0.080872
0.068115
0.041443
0.0092468
-0.029175
-0.047516
-0.060089
-0.08139
-0.10074
-0.096771
-0.078125
-0.045013
0.0042114
0.041565
0.055573
0.060028
0.060638
0.053162
0.038177
0.022095
-0.0047302
-0.0401
-0.059204
-0.062592
-0.056824
-0.040253
-0.01825
0.00064087
0.015442
0.024963
0.035583
0.035553
0.032227
0.026062
0.015381
6.1035e-05
-0.0057983
-0.0067444
-0.0075073
-0.0024414
0.0061951
0.010986
0.015289
0.020966
0.02182
0.019623
0.016541
0.01355
0.0038757
-0.0037231
-0.0089111
-0.016663
-0.022369
-0.017883
-0.015533
-0.017517
-0.014893
-0.0059814
0.003479
0.0086975
0.018677
0.018463
0.014709
0.01355
0.0027161
-0.013428
-0.024963
-0.032471
-0.040466
-0.05722
-0.068634
-0.13678
-0.17294
-0.12863
-0.060242
0.021332
0.12628
0.16656
0.16022
0.1759
0.19611
0.17181
0.11072
0.047272
-0.042755
-0.10504
-0.10559
-0.083252
-0.062958
-0.037476
-0.007019
0.017761
0.053497
0.091919
0.094208
0.058929
0.0077209
-0.048889
-0.098419
-0.11063
-0.099182
-0.088959
-0.075806
-0.050476
-0.020844
0.014893
0.056763
0.083405
0.077789
0.055481
0.027191
-0.0029602
-0.023926
-0.034943
-0.044495
-0.054688
-0.054291
-0.044373
-0.02652
0.0038147
0.027618
0.035461
0.03598
0.027527
0.011017
-0.0033569
-0.0085754
-0.010864
-0.019226
-0.019165
-0.0073547
-0.0014954
0.011383
0.028961
0.0383
0.038422
0.034546
0.025513
0.014709
0.0085449
0.0047302
-0.0012817
-0.0070801
-0.012421
-0.015045
-0.01297
-0.0091248
-0.0041199
-0.0038147
-0.00030518
0.0036011
0.0033264
0.0072327
0.010742
0.013855
0.0094299
0.0031738
-0.0042725
-0.016541
-0.031769
-0.034363
-0.031891
-0.028473
-0.02652
-0.037079
-0.062531
-0.14499
-0.17166
-0.12137
-0.049255
0.036926
0.13516
0.16934
0.16635
0.18179
0.19186
0.15952
0.094604
0.02948
-0.055359
-0.10815
-0.10132
-0.068695
-0.039337
-0.013824
0.01889
0.040253
0.063599
0.082001
0.071533
0.028534
-0.022858
-0.079376
-0.11807
-0.11911
-0.095734
-0.070038
-0.051361
-0.02594
-0.0040588
0.022766
0.053192
0.069031
0.059723
0.036316
0.0079346
-0.018311
-0.035278
-0.037262
-0.03299
-0.033844
-0.03186
-0.023712
-0.009491
0.008667
0.026764
0.034698
0.028259
0.01709
0.0062866
-0.0050049
-0.016541
-0.013763
-0.0071106
-0.0039062
0.0021362
0.012268
0.017853
0.028442
0.039734
0.040192
0.028656
0.012115
9.1553e-05
-0.010742
-0.01178
-0.0061646
-0.0072632
-0.012573
-0.013428
-0.0080872
-0.0022583
0.0024109
0.0033264
6.1035e-05
-0.0023499
-0.004303
9.1553e-05
0.0074463
0.010681
0.0083618
0.0021973
-0.0011597
-0.011749
-0.021667
-0.025452
-0.022797
-0.017792
-0.035309
-0.052277
-0.098785
-0.18768
-0.18274
-0.10809
-0.02005
0.085083
0.17563
0.19272
0.18124
0.18478
0.18082
0.13589
0.064972
-0.0036621
-0.080109
-0.11411
-0.10086
-0.059784
-0.017212
0.014709
0.045288
0.059631
0.07074
0.069183
0.049011
0.00054932
-0.055817
-0.10678
-0.13129
-0.12018
-0.084412
-0.046844
-0.021667
0.0023499
0.019318
0.037384
0.05481
0.063873
0.05188
0.021179
-0.011871
-0.036285
-0.048401
-0.042358
-0.028687
-0.02182
-0.017181
-0.0073853
0.0062256
0.017059
0.027588
0.032715
0.029083
0.010651
-0.012634
-0.033295
-0.04718
-0.042328
-0.020447
-9.1553e-05
0.016174
0.02713
0.035553
0.050049
0.060608
0.056732
0.036957
0.0091858
-0.015778
-0.030212
-0.024628
-0.01297
-0.01059
-0.012543
-0.016571
-0.011719
0.00042725
0.010437
0.014099
0.009613
0.002655
-0.0020752
-0.0013123
0.0068665
0.0082703
0.0040894
-0.0056458
-0.022369
-0.03363
-0.034149
-0.02301
-0.0032959
-0.0017395
-0.02243
-0.069489
-0.17831
-0.21677
-0.15768
-0.056091
0.062714
0.17419
0.2088
0.19611
0.18997
0.18802
0.1622
0.091553
0.014557
-0.070068
-0.12195
-0.11996
-0.079315
-0.01825
0.020416
0.047211
0.062958
0.067444
0.064758
0.048462
0.010742
-0.038605
-0.10107
-0.13605
-0.12848
-0.093689
-0.048645
-0.016998
0.0027771
0.0087585
0.014771
0.030426
0.043701
0.044739
0.025116
-0.0071106
-0.03125
-0.043396
-0.038605
-0.023804
-0.012756
-0.007019
-0.0055237
-0.0012817
0.0093079
0.018127
0.025757
0.029602
0.012024
-0.012024
-0.022369
-0.025818
-0.018372
0.00057983
0.016052
0.017761
0.015991
0.023346
0.03717
0.045837
0.046234
0.034668
0.0079651
-0.017731
-0.029816
-0.02829
-0.021149
-0.012543
-0.0077515
-0.0053406
-0.0021667
0.00177
0.0050659
0.0073242
0.005249
0.0027771
0.00057983
0.002655
0.0072632
0.0058899
0.0064087
0.0080566
-0.0031738
-0.015961
-0.023529
-0.028595
-0.016052
-0.0039978
-0.014069
-0.065704
-0.18726
-0.23779
-0.18201
-0.076508
0.060303
0.18286
0.22211
0.20651
0.18576
0.18088
0.15604
0.087708
0.015259
-0.065491
-0.1171
-0.1218
-0.083557
-0.016083
0.031036
0.057404
0.072418
0.069763
0.055389
0.033569
0.00039673
-0.042206
-0.10107
-0.13794
-0.13123
-0.10046
-0.056946
-0.017487
0.012421
0.023285
0.022217
0.029785
0.040619
0.038788
0.027405
0.0076294
-0.01712
-0.038391
-0.04303
-0.029114
-0.015198
-0.0050049
0.0014648
0.0072327
0.0079346
0.0047607
0.011963
0.023193
0.021942
0.013123
-0.00061035
-0.012787
-0.016754
-0.0095825
0.0083008
0.016785
0.011993
0.010651
0.017517
0.027649
0.038147
0.039246
0.023041
-0.0031433
-0.023285
-0.031677
-0.027863
-0.019531
-0.015289
-0.014008
-0.011108
-0.0037231
0.00094604
0.004364
0.0062866
0.0092773
0.013184
0.016937
0.014893
0.0065002
-0.0027771
-0.0086365
-0.018982
-0.03009
-0.035217
-0.019012
0.004303
0.013672
-0.038513
-0.17523
-0.24023
-0.19717
-0.097473
0.043518
0.17914
0.21884
0.19983
0.17862
0.17538
0.16046
0.10345
0.040985
-0.039459
-0.10556
-0.12823
-0.09314
-0.029846
0.017517
0.053619
0.075623
0.073975
0.052765
0.035034
0.011505
-0.028198
-0.089325
-0.13034
-0.13611
-0.11551
-0.074921
-0.026031
0.011139
0.020386
0.024017
0.02948
0.035736
0.032532
0.02478
0.011444
-0.010193
-0.030579
-0.037231
-0.031647
-0.021912
-0.010834
-0.0076599
-0.0046692
0.0036621
0.014435
0.021362
0.024628
0.02356
0.016327
0.0068665
0.00021362
-0.00094604
0.00048828
0.00354
0.0051575
0.0070496
0.0091553
0.012543
0.016785
0.023407
0.02829
0.020844
0.0068054
-0.0077515
-0.019165
-0.026154
-0.025696
-0.024719
-0.023468
-0.018402
-0.015381
-0.013489
-0.0065308
0.0079041
0.019409
0.021698
0.019958
0.017365
0.01059
0.0047607
0.0015259
-0.0045471
-0.015778
-0.024261
-0.023071
-0.0041199
-0.0041809
-0.10812
-0.20926
-0.20013
-0.13623
-0.032501
0.11676
0.20166
0.20016
0.17633
0.16788
0.16135
0.11533
0.061554
0.0084229
-0.063995
-0.11447
-0.10718
-0.055115
-0.010162
0.018585
0.054565
0.072083
0.057251
0.042389
0.03009
0.0011902
-0.052216
-0.1033
-0.11877
-0.12073
-0.10648
-0.061493
-0.013458
0.012299
0.019897
0.024658
0.030182
0.03064
0.023651
0.01767
0.0035706
-0.019348
-0.030334
-0.025208
-0.020782
-0.020203
-0.014191
-0.0069275
-0.0045776
0.0055542
0.020752
0.027893
0.029846
0.029816
0.02594
0.018463
0.012909
0.010529
0.0056152
-0.001709
-0.0063477
-0.0061951
-0.00085449
0.0097656
0.019623
0.023346
0.02298
0.015137
-0.0030212
-0.016022
-0.017242
-0.015991
-0.019287
-0.027069
-0.034149
-0.036591
-0.030273
-0.014069
0.00085449
0.0071411
0.011505
0.014404
0.017181
0.023376
0.026093
0.024902
0.020538
0.0085449
0.00079346
-0.037537
-0.17294
-0.26178
-0.21933
-0.12741
-0.0024109
0.14932
0.21664
0.20789
0.18719
0.18829
0.18054
0.11511
0.037842
-0.029999
-0.098969
-0.12943
-0.09494
-0.034882
0.0055847
0.027496
0.06134
0.07428
0.050232
0.028625
0.013275
-0.015839
-0.063171
-0.10165
-0.10318
-0.096039
-0.086426
-0.052612
-0.017792
-0.0039368
0.004303
0.017822
0.036896
0.044678
0.037201
0.025421
0.00039673
-0.032867
-0.046234
-0.038422
-0.023682
-0.013153
-0.0088196
-0.0052185
-0.0018005
0.0051575
0.021576
0.038483
0.040161
0.024628
0.0065308
-0.00067139
0.0021973
0.01181
0.025482
0.028107
0.0090332
-0.0077209
-0.0034485
0.012451
0.022949
0.030029
0.031067
0.013885
-0.011505
-0.023773
-0.020477
-0.021149
-0.025574
-0.027618
-0.028473
-0.034119
-0.034729
-0.022888
-0.01474
-0.017242
-0.013153
0.0014343
0.012787
0.021393
0.031311
0.041687
0.042206
0.039185
0.018585
-0.11404
-0.24719
-0.24149
-0.17505
-0.085358
0.068817
0.17267
0.19769
0.20966
0.22876
0.23315
0.17438
0.07959
0.0021667
-0.078278
-0.13901
-0.12308
-0.067474
-0.031189
-0.010803
0.027313
0.067902
0.076477
0.073273
0.066101
0.024872
-0.049408
-0.11234
-0.13187
-0.12009
-0.092621
-0.05426
-0.025024
-0.020721
-0.015472
0.0079346
0.040833
0.059235
0.051208
0.028076
-0.0012207
-0.029602
-0.041443
-0.033173
-0.025208
-0.028198
-0.033356
-0.03064
-0.020691
-0.0038452
0.022888
0.046509
0.050751
0.041351
0.028687
0.018219
0.014343
0.014465
0.010406
0.00012207
-0.012054
-0.014496
0.00021362
0.022003
0.041138
0.04541
0.034149
0.016296
0.00015259
-0.0072327
-0.006012
-0.0079651
-0.016876
-0.03006
-0.038788
-0.042877
-0.043549
-0.033813
-0.019623
-0.014679
-0.010773
-0.0044861
9.1553e-05
0.011749
0.024597
0.032471
0.04895
0.037445
-0.11139
-0.24359
-0.21384
-0.13956
-0.066681
0.0784
0.15637
0.14255
0.15884
0.20767
0.22723
0.18433
0.094757
0.018768
-0.047394
-0.10733
-0.089447
-0.037445
-0.040253
-0.04718
-0.010895
0.030304
0.049438
0.059937
0.060181
0.031403
-0.031036
-0.078094
-0.073303
-0.065063
-0.078186
-0.078796
-0.069824
-0.074188
-0.059723
-0.011383
0.046448
0.072144
0.057922
0.039795
0.030151
0.012726
0.0047302
0.0084534
-0.013123
-0.054504
-0.071777
-0.059265
-0.034515
-0.0036011
0.020599
0.026245
0.017975
0.016022
0.026337
0.035797
0.033203
0.027069
0.015015
-0.0026245
-0.013519
-0.010498
0.0027161
0.016479
0.022491
0.025665
0.027618
0.020752
0.011383
0.0087585
0.0041504
-0.0021973
-0.0083008
-0.01825
-0.024445
-0.022827
-0.026123
-0.032227
-0.029083
-0.026306
-0.030396
-0.02832
-0.011169
0.014008
0.0336
0.048584
0.07074
0.015717
-0.15366
-0.22946
-0.15842
-0.10718
-0.06015
0.048248
0.081329
0.07901
0.16281
0.26105
0.26715
0.20255
0.09021
-0.0054626
-0.047913
-0.07251
-0.07312
-0.050659
-0.067902
-0.091095
-0.038971
0.033081
0.062714
0.065308
0.042999
-0.0059814
-0.043854
-0.050415
-0.033783
-0.02356
-0.042267
-0.069122
-0.075348
-0.06311
-0.042358
-0.010742
0.018158
0.023407
0.017365
0.024078
0.04071
0.047394
0.040009
0.02182
-0.0037231
-0.035034
-0.053864
-0.054596
-0.04361
-0.02832
-0.0059814
0.012421
0.022522
0.028351
0.026031
0.016907
0.016022
0.01828
0.013763
0.00064087
-0.013977
-0.013306
-0.0027161
0.011047
0.028473
0.038849
0.024658
0.0027466
-0.0089111
-0.0063171
-0.0034485
-0.0041809
-0.013184
-0.027222
-0.033966
-0.028229
-0.013672
0.0025635
0.0086365
0.0039673
-0.00012207
-0.0067444
-0.0081787
0.0025024
0.022095
0.030212
0.029144
0.023224
-0.013824
-0.071594
-0.081512
-0.039825
-0.012878
-0.01358
-0.022369
-0.02887
-0.0030518
0.06134
0.10471
0.092407
0.054749
0.026154
0.023499
0.042145
0.054138
0.033569
0.0005188
-0.014404
-0.0072937
0.0066528
0.014343
0.0066833
-0.017792
-0.042603
-0.049927
-0.036072
-0.017029
-0.0057373
-0.0062866
-0.014832
-0.019379
-0.019318
-0.020355
-0.022919
-0.0242
-0.025208
-0.015961
0.0018005
0.01712
0.02298
0.020416
0.013031
0.0020142
-0.0048828
-0.0029602
-0.0037231
-0.015442
-0.023529
-0.019806
-0.0081482
0.0079041
0.022064
0.02063
-0.00018311
-0.016693
-0.015137
-0.0057983
0.0005188
0.001709
-0.00094604
-0.005127
-0.0046997
0.0046387
0.016205
0.022247
0.023468
0.019531
0.011536
0.0076599
0.0054626
0.00177
-0.0015259
-0.0033875
-0.0047302
-0.0089111
-0.0093384
-0.005127
-0.0029602
-0.00012207
0.0087891
0.013641
0.012939
0.014954
0.018555
0.015411
0.0038757
-0.0049438
-0.012695
-0.024933
-0.033051
-0.029541
-0.023651
-0.015381
0.0020142
0.020142
0.026276
0.021332
0.011963
-0.0024109
-0.017731
-0.026459
-0.025848
-0.02066
-0.016296
-0.0070496
0.0093994
0.0242
0.033203
0.030701
0.017517
0.0039978
-0.00354
-0.0025635
0.0032959
0.0090332
0.014404
0.019318
0.021881
0.022583
0.021057
0.014404
0.00079346
-0.01059
-0.011658
-0.01297
