0.0159
-0.010101
0.014771
0.015137
0.010498
0.016663
0.010468
0.014252
-0.0037842
-0.0034485
-0.013428
-0.012421
-0.017151
-0.022156
-0.0084534
-0.0076904
0.0036011
0.014313
0.019989
0.018646
0.014923
0.011597
0.0029602
0.0018311
-0.0097656
-0.010773
-0.017365
-0.01297
-0.013641
-0.0047607
-0.0054321
-0.0046692
0.0032654
0.0030518
0.009552
0.0077209
0.0099792
-0.01004
-0.0067139
0.0010071
-0.0050659
0.013702
0.016113
0.013641
0.026794
0.024292
0.018951
0.012939
-0.0059509
-0.020599
-0.022156
-0.025665
-0.03064
-0.026093
-0.024109
-0.019653
-0.0045471
0.0099487
0.011505
0.0177
0.024231
0.018402
0.020233
0.01767
0.0053101
-0.00067139
-0.0040894
-0.0083923
-0.011017
-0.0088501
-0.013489
-0.011017
-0.011841
-0.0047607
-0.0018311
0.0037231
0.0083923
0.0081177
0.011963
0.012543
0.010132
0.0053711
0.00039673
-0.0063477
-0.011078
-0.0083618
-0.011841
-0.013428
-0.0091248
-0.0082703
-0.008728
-0.011292
-0.031158
-0.043793
-0.039337
-0.029358
-0.013672
0.0065308
0.011444
0.022339
0.047394
0.070892
0.079956
0.083374
0.066406
0.043488
0.03067
0.019196
-0.0014343
-0.021088
-0.03772
-0.051697
-0.051178
-0.036346
-0.023773
-0.016296
-0.0082703
-0.0021667
-0.0014648
0.0093384
0.012604
0.0045471
-0.0058594
-0.020447
-0.027985
-0.025848
-0.022827
-0.019043
-0.015198
-0.013153
-0.0021362
0.013672
0.025391
0.029633
0.02478
0.018555
0.016663
0.013794
0.011383
0.0014343
-0.0079956
-0.014099
-0.012329
-0.0063171
-0.00061035
0.0014343
0.0013123
0.0022888
0.0049133
0.010254
0.012115
0.011169
0.0065613
0.0045776
0.0041809
0.0018921
-0.0061951
-0.011322
-0.018219
-0.020813
-0.022034
-0.024078
-0.024841
-0.016327
-0.019623
-0.012512
-0.067474
-0.14645
-0.14264
-0.11688
-0.069519
0.024841
0.079193
0.082581
0.12418
0.19452
0.22589
0.2131
0.1814
0.092072
0.0011292
-0.029663
-0.048035
-0.078674
-0.10263
-0.11093
-0.10687
-0.064178
0.0099792
0.057129
0.067932
0.061127
0.040131
0.0088806
-0.00082397
-0.010986
-0.046814
-0.088593
-0.1077
-0.11487
-0.095886
-0.045929
-0.0068665
0.014374
0.033813
0.053406
0.063354
0.071899
0.069672
0.040466
-0.0010986
-0.029907
-0.050873
-0.061096
-0.054626
-0.046021
-0.038422
-0.024261
-0.00097656
0.020874
0.033722
0.042999
0.043915
0.034821
0.02774
0.027893
0.017792
0.0054321
0.0024414
-0.0014648
-0.0032654
-0.00067139
0.0038757
0.00177
0.0040894
0.010132
0.013611
0.015228
0.015045
0.010712
0.0054016
-0.00027466
-0.010529
-0.017822
-0.021393
-0.023834
-0.028564
-0.025635
-0.018951
-0.0095215
0.00177
0.012756
0.016296
0.012085
0.0014648
-0.011383
-0.019104
-0.019531
-0.033447
-0.05484
-0.091705
-0.17102
-0.17239
-0.10867
-0.035461
0.05423
0.13803
0.15881
0.16977
0.20575
0.22482
0.18277
0.11246
0.031952
-0.060242
-0.10358
-0.10037
-0.089691
-0.085297
-0.071655
-0.036469
0.0047607
0.063751
0.10794
0.10339
0.060303
0.01178
-0.040894
-0.078339
-0.086395
-0.087799
-0.10175
-0.10257
-0.078583
-0.043488
0.006897
0.057617
0.083771
0.076782
0.060028
0.046387
0.029449
0.0090637
-0.014587
-0.043182
-0.07193
-0.079987
-0.06192
-0.035278
-0.010925
0.0085449
0.016418
0.022919
0.030518
0.033752
0.022644
0.0015564
-0.012085
-0.017334
-0.01355
-0.00079346
0.007782
0.0088501
0.016937
0.029999
0.037323
0.035828
0.027832
0.016815
0.0077209
0.0057983
0.0082703
0.0053406
-0.0037537
-0.012421
-0.014648
-0.012878
-0.0083313
-0.0053406
-0.0067749
-0.0057983
-0.0010376
0.0089111
0.021179
0.021454
0.014923
0.0022278
-0.01297
-0.027557
-0.040009
-0.04129
-0.059601
-0.065277
-0.088654
-0.17758
-0.18594
-0.12097
-0.040955
0.05954
0.15814
0.18073
0.17264
0.19421
0.21274
0.16983
0.099762
0.026001
-0.068634
-0.11533
-0.1051
-0.069427
-0.047028
-0.025635
0.0071106
0.030914
0.067596
0.10141
0.093201
0.040985
-0.016785
-0.07486
-0.11786
-0.11984
-0.098938
-0.088409
-0.072418
-0.04184
-0.01297
0.02356
0.059784
0.080536
0.067474
0.040588
0.015778
-0.010925
-0.029602
-0.036957
-0.044434
-0.052216
-0.050079
-0.03421
-0.011261
0.013794
0.035004
0.039459
0.034698
0.021393
0.0055847
-0.0088806
-0.022186
-0.02478
-0.015381
3.0518e-05
0.016113
0.028503
0.039703
0.045135
0.045715
0.042419
0.028656
0.011169
-0.0052795
-0.014313
-0.012512
-0.0097046
-0.0050659
-0.0058289
-0.013275
-0.012604
-0.010071
-0.010651
-0.011566
-0.010468
-0.0068665
-6.1035e-05
0.0092773
0.013306
0.012543
0.0083313
0.0034485
-0.012573
-0.028168
-0.032349
-0.044128
-0.060883
-0.065094
-0.14804
-0.21152
-0.16006
-0.074097
0.026276
0.14545
0.20691
0.19556
0.1846
0.19482
0.17767
0.11237
0.045258
-0.036469
-0.11285
-0.12854
-0.093781
-0.042969
-0.014984
0.017761
0.049194
0.063446
0.078796
0.085388
0.054535
-0.0054626
-0.067108
-0.11636
-0.13492
-0.11987
-0.084442
-0.05658
-0.031921
-0.0039673
0.021271
0.051208
0.073547
0.074646
0.046692
0.0085754
-0.019958
-0.040741
-0.044189
-0.038727
-0.036713
-0.037109
-0.027161
-0.0083008
0.010834
0.031555
0.046326
0.042816
0.024658
0.0093384
0.00177
-0.045593
-0.075256
-0.047272
-0.0062256
0.0242
0.058777
0.06839
0.049103
0.045135
0.057434
0.045502
0.0032959
-0.025757
-0.044464
-0.04187
-0.016479
0.014191
0.018951
-0.0059814
-0.020172
-0.018494
-0.017578
-0.0065918
0.0029602
-0.0077515
-0.013885
-0.0031433
0.010254
0.020508
0.023926
0.018158
-0.0031128
-0.015503
-0.022583
-0.057373
-0.087036
-0.17093
-0.25607
-0.21832
-0.1156
0.0097351
0.14145
0.22659
0.23657
0.21884
0.21005
0.19562
0.12805
0.043579
-0.035492
-0.11359
-0.1442
-0.12149
-0.057861
-0.0024109
0.038635
0.0784
0.092407
0.090027
0.080292
0.051331
-0.0010681
-0.061737
-0.11737
-0.14243
-0.13708
-0.10748
-0.067535
-0.031219
0.00036621
0.026489
0.046936
0.062744
0.065918
0.048431
0.013153
-0.022644
-0.048431
-0.059021
-0.048767
-0.03302
-0.022705
-0.010956
0.00097656
0.010254
0.023773
0.039154
0.04071
0.019958
-0.0042419
-0.01651
-0.017334
-0.05661
-0.068176
-0.021484
0.021179
0.046265
0.0802
0.084564
0.055573
0.046112
0.052765
0.039917
-0.0044861
-0.030487
-0.044037
-0.042053
-0.016541
0.013489
0.012451
-0.013855
-0.029388
-0.03009
-0.028107
-0.016632
-0.0045776
-0.0099182
-0.0080872
0.0039978
0.015869
0.021423
0.018188
0.003479
-0.021149
-0.023285
-0.028412
-0.052155
-0.10519
-0.22275
-0.255
-0.1778
-0.055359
0.094635
0.22354
0.25494
0.23331
0.20883
0.19162
0.15109
0.073944
0.0048828
-0.075256
-0.13425
-0.13843
-0.090149
-0.020142
0.031189
0.070953
0.094208
0.086517
0.069061
0.049347
0.0056763
-0.04245
-0.096802
-0.12857
-0.13272
-0.11279
-0.068848
-0.03067
-0.00094604
0.019073
0.030884
0.040009
0.048859
0.044952
0.024414
-0.0099182
-0.040131
-0.058685
-0.059296
-0.036285
-0.020233
-0.011597
-0.002533
0.0028381
0.012054
0.025604
0.037262
0.026093
-0.0020752
-0.023773
-0.036377
-0.029297
0.0023193
0.031677
0.045959
0.046753
0.036865
0.031677
0.033051
0.036865
0.032196
0.016785
0.0020142
-0.0056763
-0.0089111
-0.0049744
0.00082397
-0.0048828
-0.016846
-0.026428
-0.028778
-0.031738
-0.031555
-0.022797
-0.016144
-0.011505
-0.0022888
0.0098572
0.018555
0.023834
0.021179
0.0095825
-0.00054932
-0.0057373
-0.012054
-0.032013
-0.067291
-0.18243
-0.27322
-0.23483
-0.13361
0.0058594
0.16092
0.24921
0.24863
0.22653
0.21231
0.18689
0.11707
0.038452
-0.037781
-0.11292
-0.14078
-0.12085
-0.060577
0.0026855
0.054047
0.09671
0.10538
0.08667
0.059448
0.024231
-0.02121
-0.078522
-0.12567
-0.13745
-0.12793
-0.094086
-0.0466
-0.0062866
0.021606
0.031769
0.040924
0.048492
0.042114
0.023651
-0.006958
-0.035828
-0.049286
-0.052063
-0.038116
-0.016663
-0.0066528
-0.0038147
-0.0029602
0.0040283
0.016083
0.027863
0.028961
0.01416
0.0005188
-0.036316
-0.071564
-0.041229
0.013397
0.050049
0.084656
0.083649
0.04541
0.024384
0.029388
0.041534
0.021057
-0.0077209
-0.024231
-0.031708
-0.017242
0.013947
0.027618
0.0081482
-0.026367
-0.042053
-0.03772
-0.030518
-0.018524
-0.017578
-0.018768
-0.015625
-0.011841
0.0065002
0.021851
0.020172
0.012207
0.0033569
0.0015869
-0.0087891
-0.039764
-0.12256
-0.25113
-0.27432
-0.19025
-0.056122
0.099426
0.22028
0.25037
0.2337
0.21878
0.20755
0.16281
0.07785
0.00061035
-0.080322
-0.13342
-0.13202
-0.080353
-0.014343
0.035309
0.071838
0.095306
0.099976
0.082184
0.050323
-0.00091553
-0.057709
-0.11841
-0.14825
-0.13605
-0.10822
-0.07196
-0.032776
0.0033264
0.025299
0.039581
0.054321
0.055481
0.032684
0.0060425
-0.020966
-0.045227
-0.054291
-0.044037
-0.028229
-0.022034
-0.01593
-0.0071716
-0.0026245
0.0045471
0.013611
0.014832
0.0084229
-0.00012207
-0.0032654
0.0013733
0.012482
0.026459
0.034515
0.035522
0.030548
0.021027
0.019958
0.022034
0.022095
0.023254
0.02002
0.015411
0.0098267
0.0052185
0.00082397
-0.0036621
-0.0075989
-0.013
-0.026306
-0.037689
-0.038971
-0.039703
-0.036346
-0.023926
-0.01355
-0.011261
-0.002594
0.0159
0.02655
0.027893
0.032959
0.028381
-0.0046997
-0.06076
-0.19519
-0.29102
-0.25134
-0.14862
-0.0059814
0.15683
0.24481
0.25073
0.23489
0.22552
0.20282
0.12698
0.038055
-0.043732
-0.1264
-0.15662
-0.12683
-0.057465
0.0035706
0.047791
0.091492
0.11032
0.10101
0.079102
0.046875
-0.0085449
-0.081451
-0.14389
-0.15735
-0.14056
-0.10739
-0.058136
-0.014343
0.012726
0.028015
0.048737
0.064423
0.063538
0.044281
0.011475
-0.031097
-0.064117
-0.068695
-0.048981
-0.023193
-0.0096436
-0.0061951
-0.0082092
-0.0023499
0.010284
0.022736
0.028778
0.020721
-0.005249
-0.021484
-0.016907
-0.0022888
0.018921
0.032867
0.033875
0.022736
0.018616
0.025879
0.036316
0.042053
0.036865
0.022491
0.002533
-0.0093079
-0.0079956
0.0026855
0
-0.0065308
-0.015106
-0.026215
-0.029877
-0.030243
-0.026215
-0.018494
-0.014069
-0.012268
-0.019653
-0.019501
-0.0078125
0.0073547
0.023712
0.027802
0.013641
-0.018951
-0.13135
-0.26639
-0.25784
-0.1673
-0.04718
0.10428
0.21924
0.23947
0.22278
0.21597
0.21777
0.16849
0.069916
-0.013489
-0.098328
-0.14993
-0.14539
-0.084137
-0.01825
0.020447
0.055969
0.092621
0.10208
0.092133
0.072174
0.029724
-0.031647
-0.10812
-0.147
-0.1452
-0.12631
-0.090149
-0.041534
-0.0076904
0.013428
0.035706
0.060913
0.07486
0.064362
0.042603
0.0096741
-0.035126
-0.069244
-0.077362
-0.066559
-0.046295
-0.024139
-0.0045776
0.0041199
0.010468
0.022614
0.032135
0.03421
0.029968
0.01239
-0.0093079
-0.014954
-0.0046082
0.0071411
0.012817
0.015869
0.016418
0.016113
0.024841
0.045044
0.054993
0.046234
0.02594
0.004425
-0.016022
-0.023529
-0.016022
-0.011993
-0.01532
-0.018311
-0.019745
-0.025635
-0.024292
-0.011108
-0.0036621
-0.0024109
-0.0035706
-0.0081177
-0.010742
-0.0082397
0.0018921
0.012695
0.0073547
-0.022278
-0.15469
-0.27917
-0.24454
-0.14835
-0.034607
0.12091
0.21716
0.22293
0.21436
0.22339
0.23593
0.17325
0.062042
-0.024292
-0.11398
-0.1626
-0.14127
-0.07016
-0.01358
0.014618
0.044647
0.084717
0.094543
0.086853
0.078186
0.040314
-0.027496
-0.097992
-0.12
-0.11542
-0.10666
-0.088867
-0.056335
-0.032959
-0.013733
0.022156
0.063843
0.079529
0.063934
0.03949
0.013397
-0.018433
-0.042999
-0.053101
-0.066803
-0.080414
-0.069946
-0.036499
-0.00024414
0.02829
0.042297
0.039551
0.029205
0.026215
0.028503
0.023376
0.0092163
-0.0057678
-0.015656
-0.018005
-0.011841
0.0061646
0.024323
0.034424
0.042114
0.045013
0.040375
0.030762
0.021332
0.011414
-0.0040894
-0.023865
-0.036011
-0.040466
-0.031219
-0.018005
-0.012604
-0.011871
-0.0077515
-0.0038757
-0.00088501
0.0039978
0.0083618
0.016174
0.017731
0.01181
0.00027466
-0.022003
-0.14618
-0.2738
-0.24048
-0.1438
-0.057953
0.079865
0.17435
0.18277
0.19638
0.23453
0.25787
0.20013
0.075989
-0.014832
-0.0849
-0.14197
-0.13184
-0.069794
-0.043915
-0.039948
-0.0073547
0.059204
0.1011
0.10449
0.091644
0.053802
-0.019836
-0.084381
-0.094696
-0.079071
-0.080292
-0.088104
-0.078735
-0.064423
-0.042847
0.0031433
0.062561
0.087311
0.066101
0.036835
0.017639
-0.0015869
-0.015778
-0.018219
-0.029572
-0.067627
-0.0896
-0.073792
-0.040222
-0.00085449
0.041077
0.059448
0.049347
0.032288
0.02832
0.028473
0.022827
0.014709
0.0043335
-0.015137
-0.031342
-0.028595
-0.0093689
0.016022
0.035736
0.044281
0.039825
0.026642
0.011871
0.0057983
0.0095825
0.0093689
-0.002655
-0.022736
-0.03656
-0.036255
-0.028656
-0.021942
-0.015686
-0.0061951
-0.0063782
-0.0072327
0.0025024
0.022522
0.034851
0.038483
0.043365
-0.016815
-0.19315
-0.28043
-0.20435
-0.12323
-0.050537
0.07251
0.11703
0.12344
0.19012
0.27472
0.2869
0.20728
0.071198
-0.029633
-0.081146
-0.11063
-0.095306
-0.06543
-0.081024
-0.086151
-0.031525
0.042816
0.089386
0.10428
0.081055
0.031616
-0.029144
-0.059265
-0.043243
-0.029449
-0.053284
-0.080261
-0.086823
-0.080444
-0.050049
-0.00064087
0.041321
0.050751
0.035767
0.029633
0.041321
0.043152
0.03064
0.0082703
-0.033264
-0.071686
-0.076141
-0.060608
-0.043335
-0.023224
-0.0022888
0.019287
0.041656
0.053772
0.052551
0.039551
0.022003
0.0077515
0.0056458
0.0045776
-0.011139
-0.02356
-0.020111
-0.011871
0.0032043
0.025024
0.03186
0.017181
0.0010071
-0.0024719
0.0062256
0.011627
0.0046997
-0.0086975
-0.019897
-0.029144
-0.02356
-0.0094604
-0.006073
-0.013031
-0.016907
-0.012482
-0.002594
0.014618
0.03125
0.046478
0.058136
-0.0047913
-0.15414
-0.21597
-0.14438
-0.08374
-0.056458
-0.00015259
0.028107
0.048553
0.14093
0.2493
0.26163
0.1955
0.09729
0.013306
-0.012787
-0.0059814
-0.030884
-0.076752
-0.11121
-0.11383
-0.062439
0.018005
0.053955
0.036774
0.006958
-0.016266
-0.02533
-0.0046997
0.021454
0.015076
-0.02002
-0.046509
-0.053345
-0.039642
-0.01767
-0.011475
-0.017761
-0.018463
-0.012543
0.0039368
0.029297
0.041351
0.028961
0.0076599
-0.0071106
-0.016327
-0.020416
-0.016144
-0.017181
-0.025055
-0.023926
-0.0088501
0.010834
0.026184
0.023254
0.0045776
-0.0088806
-0.0032959
0.012268
0.018036
0.0098877
-0.0023499
-0.0074463
-0.00061035
0.013062
0.026367
0.026825
0.013275
-0.0046387
-0.015594
-0.016357
-0.013458
-0.019958
-0.02301
-0.015381
-0.011108
-0.010132
-0.0021667
0.013641
0.019928
0.014862
0.012726
0.011322
0.0077515
0.011902
0.022064
0.029633
0.026642
0.012115
-0.00354
-0.015503
-0.023651
-0.027039
-0.033173
-0.036438
-0.025635
-0.007019
0.0028381
0.0012207
-0.0099182
-0.022095
-0.02536
-0.013824
-0.0014038
-0.0045471
-0.016449
-0.01004
0.022766
0.058777
0.073151
0.063385
0.047119
0.03717
0.030884
0.025848
0.02124
0.0074463
-0.0081482
-0.014252
-0.012634
-0.010773
-0.012024
-0.018768
-0.0289
-0.033203
-0.029236
-0.02298
-0.020416
-0.017426
-0.01236
-0.0074158
-0.0047607
-0.0033264
-0.0038452
-0.0078735
-0.011047
-0.0055847
0.0036011
0.012054
0.016693
0.017731
0.017334
0.012604
0.0012207
-0.0075684
-0.010956
-0.017426
-0.022552
-0.022705
-0.018127
-0.011017
-0.0029297
0.0057678
0.014343
0.021149
0.024963
0.024811
0.022461
0.017944
0.0032654
-0.01358
-0.017578
-0.011108
-0.0016479
0.0065308
0.0093689
0.0063782
0.0024109
0.0032349
0.0096741
0.013824
0.0081177
-0.0042114
-0.011292
-0.007843
0.002655
0.012756
0.015015
0.0049438
-0.013123
-0.028961
-0.035034
-0.030304
-0.01532
-0.0011902
0.0056152
0.0086975
0.0091858
0.0073242
0.0029602
-0.0024109
-0.0050964
-0.0080566
-0.013184
-0.011322
-0.0033569
0.0054016
0.011169
0.0086975
-0.0005188
-0.0064697
-0.0089722
-0.0061646
0.0021973
0.010986
0.014801
0.01474
0.013916
0.013092
0.01236
0.009613
0.0045471
