0.00024414
0.00036621
0.00033569
0.00021362
-0.00042725
-0.00015259
-0.00054932
-6.1035e-05
-0.00064087
-0.00012207
-0.00030518
-0.00021362
0.00048828
-9.1553e-05
0.0005188
9.1553e-05
6.1035e-05
9.1553e-05
-0.00015259
-9.1553e-05
-0.00079346
-0.00045776
-0.00085449
-0.0013428
-0.00042725
-0.00036621
9.1553e-05
-9.1553e-05
0.0007019
0.00091553
0.00079346
0.0028076
0.0022278
3.0518e-05
-0.0011902
-0.00030518
-0.00097656
-0.0064087
0.00027466
0.0015564
-0.027527
0.0095825
0.017212
-0.011963
0.012573
0.018372
-0.011292
0.0098877
0.011719
-0.0057068
-0.00354
-0.0053711
-0.0065613
-0.002655
-0.0027466
-0.0031433
-0.0030212
-0.00076294
-0.002594
0.0038757
0.0069885
0.0021667
0.0021057
0.0046387
-0.0032349
-0.00012207
-0.0040283
-0.0018921
-0.0098267
-0.036194
0.0021973
0.010406
0.0050964
0.023743
0.026337
0.0086365
0.017883
0.013855
-0.0054016
-0.0091553
-0.014252
-0.015076
0
-0.0068054
-0.0093689
0.0037231
-0.0092163
-0.0025024
0.012054
-0.0085144
-0.0066223
-0.015564
-0.015106
-0.028595
-0.024963
-0.016907
-0.0033875
0.018341
0.04303
0.04303
0.044922
0.041718
0.013794
0.00067139
0.010376
-0.021027
-0.025238
-0.012482
-0.027313
-0.019958
-0.0025635
-0.014008
-0.0085754
-0.00018311
0.0031128
0.0053711
0.008667
0.0054626
-0.0023193
0.0016785
0.00091553
-0.0042725
0.0040283
-0.0037537
-0.0048218
0.0048523
0.0032043
0.0041809
0.0075073
0.0061951
0.0093384
0.013336
0.010437
0.0082092
0.0005188
-0.0011597
-0.0066528
-0.010712
-0.0065613
-0.010284
-0.010101
-0.0026855
-0.0018311
0.00048828
0.0026855
0.0022278
0.0039673
0.0066528
0.0068054
0.0024414
-0.00076294
-0.0015869
-0.0064392
-0.0049744
-0.006958
-0.010803
-0.0092468
-0.011414
-0.011932
-0.0067444
-0.0037842
-0.0028687
0.0016479
0.0047302
-0.00018311
-0.0090942
-0.029724
-0.045898
-0.048798
-0.042084
-0.03479
-0.013824
0.00057983
0.021454
0.051331
0.08017
0.093719
0.098846
0.091736
0.076569
0.059143
0.040833
0.014984
-0.016724
-0.041504
-0.056854
-0.063873
-0.059692
-0.053711
-0.048492
-0.03656
-0.02066
-0.0027466
0.014587
0.023315
0.024139
0.019257
0.014557
0.0079346
-0.0018311
-0.015137
-0.023987
-0.031342
-0.034454
-0.028381
-0.022675
-0.01535
-0.005127
0.0052185
0.011261
0.017487
0.016479
0.0087891
0.0013733
-0.00021362
-0.0039673
-0.0031738
0.0038452
0.0054321
0.0072021
0.013885
0.020081
0.021149
0.020752
0.017426
0.011871
0.0079041
0.010895
0.01004
0.0091248
0.0084229
0.0039673
0.0014648
0.00061035
-0.00042725
-0.0073242
-0.013397
-0.015381
-0.016479
-0.016968
-0.015625
-0.0093384
-0.011566
-0.015533
-0.019012
-0.016693
-0.022003
-0.026672
-0.034271
-0.072754
-0.14243
-0.14255
-0.1113
-0.072845
-0.00076294
0.075928
0.091675
0.13907
0.20972
0.23935
0.2211
0.18658
0.11719
0.025787
-0.017517
-0.048492
-0.099426
-0.1413
-0.147
-0.13663
-0.09433
-0.016663
0.041473
0.061798
0.072052
0.078522
0.061584
0.046692
0.023834
-0.027496
-0.085754
-0.11389
-0.12241
-0.11978
-0.088745
-0.052307
-0.023315
0.012573
0.057281
0.086365
0.098694
0.098297
0.07666
0.041504
0.0085754
-0.018677
-0.04776
-0.070465
-0.080627
-0.078003
-0.061859
-0.033295
-0.0022278
0.022858
0.041321
0.054657
0.056641
0.049377
0.03717
0.019562
-0.0017395
-0.011505
-0.016998
-0.019318
-0.014618
-0.0072327
-0.0026245
0.0049438
0.016296
0.020721
0.021698
0.021729
0.019623
0.015442
0.011017
0.0039062
-0.0065308
-0.015045
-0.016052
-0.014282
-0.015289
-0.014648
-0.011749
-0.0055847
0.0024109
0.0079346
0.013306
0.012665
0.0049744
-0.0042114
-0.0055542
-0.016144
-0.031586
-0.05127
-0.070465
-0.10669
-0.17062
-0.15552
-0.10477
-0.044037
0.038635
0.13272
0.15475
0.17636
0.21719
0.22455
0.17499
0.1062
0.035034
-0.057251
-0.10233
-0.10529
-0.1084
-0.10724
-0.078674
-0.029266
0.016907
0.076172
0.11478
0.1076
0.067841
0.028839
-0.020782
-0.062683
-0.084808
-0.10709
-0.12833
-0.12146
-0.083618
-0.040222
0.012939
0.06424
0.088226
0.085388
0.07962
0.068665
0.034943
0.0023804
-0.029907
-0.064575
-0.082611
-0.079865
-0.065826
-0.04657
-0.017578
0.0093994
0.031464
0.051849
0.061127
0.052734
0.034088
0.0086975
-0.01886
-0.037811
-0.044067
-0.04364
-0.036072
-0.013519
0.012024
0.037018
0.057983
0.065552
0.052521
0.037567
0.025879
0.011047
-0.0024109
-0.0089111
-0.015137
-0.018341
-0.0096436
-0.00054932
0.00054932
0.00088501
0.0058899
0.0095215
0.0079956
0.0034485
-0.0013428
-0.0093994
-0.010712
-0.0077209
-0.015259
-0.021027
-0.025757
-0.031769
-0.029053
-0.035156
-0.048645
-0.058624
-0.084686
-0.16193
-0.16602
-0.10822
-0.041168
0.052338
0.15204
0.177
0.17523
0.20294
0.21552
0.16995
0.098267
0.028656
-0.060913
-0.11224
-0.10431
-0.080414
-0.062347
-0.03653
0.0065308
0.040741
0.077576
0.10739
0.095093
0.039093
-0.018646
-0.072906
-0.11136
-0.11746
-0.10852
-0.1051
-0.09375
-0.051788
-0.0042419
0.04303
0.08252
0.095001
0.07489
0.043335
0.018768
-0.0052795
-0.02887
-0.040375
-0.050812
-0.064301
-0.058167
-0.031647
-0.0047607
0.014343
0.030487
0.03952
0.038025
0.038116
0.034485
0.018433
-0.0058899
-0.027618
-0.041565
-0.046234
-0.038879
-0.02655
-0.007843
0.017456
0.044312
0.060516
0.063416
0.053009
0.029236
0.0064087
-0.0074463
-0.016388
-0.026428
-0.030151
-0.02478
-0.013153
0.0018311
0.013855
0.018646
0.015869
0.019257
0.023804
0.01712
0.0077209
0.00094604
-0.0094604
-0.014465
-0.017242
-0.023376
-0.022675
-0.022827
-0.022095
-0.018097
-0.013245
-0.031921
-0.047516
-0.087036
-0.19336
-0.20413
-0.13333
-0.046051
0.058533
0.16818
0.19931
0.19562
0.21091
0.21576
0.16766
0.080536
0.0092468
-0.077972
-0.12946
-0.11771
-0.076996
-0.044128
-0.013153
0.036377
0.069489
0.088379
0.10257
0.085724
0.024597
-0.040253
-0.096802
-0.13113
-0.13535
-0.11392
-0.08609
-0.063934
-0.026611
0.016022
0.054688
0.086243
0.096924
0.072449
0.028107
-0.0072327
-0.029755
-0.044037
-0.049164
-0.044037
-0.041687
-0.036865
-0.016632
0.0061035
0.023224
0.035889
0.039703
0.029633
0.01236
-0.0019226
-0.014984
-0.029633
-0.04303
-0.04953
-0.044037
-0.033142
-0.007843
0.031128
0.059509
0.075073
0.077484
0.062256
0.036987
0.013641
-0.0036316
-0.018127
-0.029114
-0.029663
-0.021271
-0.0093689
0.005127
0.014984
0.017426
0.016571
0.015839
0.0090637
0.0030212
-0.0013733
-0.012878
-0.016388
-0.011627
-0.014008
-0.019104
-0.020782
-0.025421
-0.028351
-0.019806
-0.0046082
-0.016632
-0.039001
-0.095337
-0.21677
-0.22525
-0.13565
-0.030884
0.093628
0.20444
0.22125
0.20609
0.21008
0.2124
0.16101
0.066406
-0.0089111
-0.099731
-0.14499
-0.11966
-0.066803
-0.019012
0.011292
0.048035
0.071411
0.082092
0.092255
0.076324
0.013031
-0.057434
-0.1207
-0.14813
-0.13358
-0.09845
-0.061218
-0.038757
-0.012421
0.015594
0.043732
0.072357
0.080841
0.054596
0.010223
-0.027985
-0.048492
-0.052582
-0.042725
-0.024933
-0.021057
-0.019135
-0.0052795
0.013062
0.029541
0.039368
0.037506
0.02594
0.01413
0.00076294
-0.012695
-0.025177
-0.034271
-0.042999
-0.037994
-0.016205
0.010376
0.039307
0.059021
0.062836
0.050171
0.035645
0.014832
-0.010254
-0.032654
-0.039764
-0.033844
-0.018982
-3.0518e-05
0.01062
0.015869
0.015869
0.014862
0.016296
0.015106
0.0082703
0.00067139
-0.0026245
-0.00354
0.0031128
0.011658
0.012512
-0.00073242
-0.019135
-0.028961
-0.03418
-0.018829
-0.00088501
-0.023071
-0.067078
-0.18695
-0.263
-0.20224
-0.09668
0.029602
0.16397
0.21613
0.20987
0.20538
0.21448
0.20099
0.12094
0.035461
-0.05011
-0.12592
-0.13312
-0.095947
-0.038025
0.0071411
0.032806
0.060211
0.074829
0.075684
0.06723
0.030884
-0.023468
-0.089661
-0.14383
-0.14343
-0.11392
-0.07547
-0.03772
-0.015106
0.0033264
0.018341
0.042847
0.070557
0.071045
0.044586
0.0054321
-0.030731
-0.049438
-0.047882
-0.029175
-0.010986
-0.0063477
-0.0021362
0.0054932
0.013885
0.02243
0.027405
0.028656
0.016876
-0.0054626
-0.019257
-0.03064
-0.039856
-0.035034
-0.017181
0.0020142
0.018036
0.029572
0.042511
0.053314
0.057678
0.050323
0.023407
-0.010651
-0.035431
-0.041107
-0.025696
-0.0085754
0.00073242
0.0037231
0.0042114
0.0058899
0.0078735
0.011108
0.0087585
0.0021667
-0.0065918
-0.013031
-0.007019
0.0098572
0.017761
0.010437
-0.0056458
-0.020721
-0.029419
-0.025604
-0.0045166
-0.0042114
-0.03125
-0.11243
-0.24634
-0.25726
-0.16318
-0.041199
0.10303
0.2131
0.22385
0.20627
0.20148
0.20432
0.16553
0.081024
0.0038452
-0.086182
-0.1373
-0.12546
-0.073029
-0.008728
0.032867
0.05661
0.080841
0.081268
0.069397
0.04541
-0.0054932
-0.054504
-0.11389
-0.14697
-0.13498
-0.10886
-0.067535
-0.021759
0.0050964
0.017609
0.025726
0.044098
0.059631
0.050903
0.034912
0.0054932
-0.032806
-0.056274
-0.057983
-0.040253
-0.020996
-0.0057068
0.010254
0.017914
0.024261
0.033966
0.03714
0.030121
0.011993
-0.0081482
-0.023346
-0.027649
-0.020905
-0.0049438
0.010101
0.019745
0.017975
0.018555
0.027405
0.034027
0.037231
0.032776
0.014252
-0.011353
-0.027863
-0.031891
-0.028198
-0.02005
-0.010864
-0.014465
-0.017212
-0.0075073
0.00033569
0.0084839
0.016388
0.013214
0.0054932
0.0049438
0.0087891
0.012085
0.013824
0.0098572
-0.0028076
-0.019562
-0.023254
-0.010742
-0.0053711
-0.030914
-0.15396
-0.26245
-0.2308
-0.13983
-0.010681
0.14609
0.22192
0.21603
0.19742
0.1947
0.19333
0.13834
0.060699
-0.012421
-0.10117
-0.14178
-0.12027
-0.061188
-0.0078125
0.026184
0.059723
0.082611
0.079132
0.072815
0.054901
0.0065308
-0.058411
-0.12692
-0.15076
-0.13983
-0.10904
-0.062622
-0.018677
0.0028076
0.013092
0.028687
0.049774
0.060364
0.046906
0.026245
-0.00076294
-0.026062
-0.039215
-0.036591
-0.031128
-0.028351
-0.025635
-0.015808
0.0027161
0.019226
0.030914
0.031342
0.025391
0.018463
0.0078735
0.0028076
0.0021057
-0.00091553
-0.0010376
0.0015869
0.0052185
0.0082703
0.012512
0.021912
0.028564
0.029633
0.02774
0.018738
0.0035095
-0.0090027
-0.012482
-0.015656
-0.026398
-0.036987
-0.03598
-0.026855
-0.02121
-0.0087585
0.0055847
0.014557
0.016907
0.020905
0.021576
0.018646
0.014404
0.007843
-0.0038757
-0.018707
-0.020721
-0.017242
-0.024109
-0.065277
-0.19257
-0.23962
-0.17029
-0.090668
0.023132
0.16071
0.20404
0.1937
0.18842
0.20044
0.19016
0.11752
0.042694
-0.022736
-0.10037
-0.12943
-0.094269
-0.046753
-0.018982
0.0021667
0.038025
0.06311
0.064362
0.06955
0.061218
0.013458
-0.054535
-0.10614
-0.12143
-0.12244
-0.10913
-0.076508
-0.040833
-0.02005
0.0031738
0.038086
0.064178
0.065094
0.048645
0.029114
-0.00018311
-0.027405
-0.03299
-0.025604
-0.025238
-0.03125
-0.029663
-0.019379
-0.0072937
0.0084839
0.020477
0.023499
0.018524
0.019012
0.023773
0.028778
0.030701
0.022827
0.011078
-0.00012207
-0.009491
-0.0092468
0.0017395
0.012817
0.023193
0.025635
0.019348
0.010315
0.0019531
-0.0035095
-0.0020142
-0.004425
-0.016632
-0.02832
-0.033783
-0.041656
-0.043701
-0.028748
-0.0065918
0.0084229
0.018555
0.027344
0.027771
0.028992
0.028503
0.021759
0.0021667
-0.014008
-0.027679
-0.037079
-0.11813
-0.25485
-0.2515
-0.14969
-0.06134
0.069366
0.19223
0.19193
0.18268
0.20969
0.23224
0.20352
0.10938
0.019531
-0.04538
-0.11343
-0.1282
-0.069794
-0.041504
-0.039032
-0.014069
0.033508
0.065247
0.068268
0.062042
0.046326
-0.0019226
-0.062561
-0.079987
-0.077026
-0.088989
-0.096375
-0.080017
-0.06189
-0.044159
-0.012939
0.031433
0.063629
0.05719
0.042908
0.032715
0.011108
-0.0098572
-0.014374
-0.018677
-0.035156
-0.05368
-0.055206
-0.037994
-0.016296
0.0076904
0.031982
0.042816
0.034302
0.026001
0.027039
0.029785
0.029785
0.024536
0.017731
0.0097351
-0.0049438
-0.0075378
0.0053101
0.012787
0.013977
0.015717
0.013306
0.0072632
-0.0025635
-0.0063782
-0.005249
-0.012451
-0.019745
-0.021423
-0.026367
-0.03595
-0.035156
-0.028961
-0.023926
-0.0159
-0.0040894
0.0055542
0.018646
0.030548
0.035004
0.03772
0.034027
0.019592
0.02121
-0.059326
-0.23236
-0.26776
-0.16779
-0.112
-0.027252
0.10919
0.13861
0.14539
0.22763
0.28763
0.25739
0.16827
0.056854
-0.019623
-0.055298
-0.080811
-0.075714
-0.075134
-0.11105
-0.10626
-0.027069
0.044617
0.080658
0.084198
0.047516
-0.0034485
-0.043335
-0.054626
-0.035248
-0.028595
-0.066254
-0.096924
-0.088623
-0.064362
-0.032349
0.011688
0.040741
0.035858
0.018127
0.018005
0.036316
0.04126
0.025116
0.0039368
-0.020569
-0.04718
-0.059692
-0.048126
-0.02948
-0.023773
-0.014893
0.0063477
0.02536
0.035614
0.044373
0.048035
0.041901
0.030121
0.024933
0.024658
0.014099
0.0039062
0.0062561
0.0083923
0.0049133
0.0064392
0.0049744
-0.0054321
-0.014099
-0.010101
-0.0015564
-0.0017395
-0.0075378
-0.018616
-0.030151
-0.035034
-0.035065
-0.02832
-0.017853
-0.014771
-0.020447
-0.020386
-0.0037842
0.016327
0.022797
0.029419
0.03595
0.034729
0.022675
-0.044312
-0.13397
-0.13443
-0.05957
-0.018921
-0.0073242
-0.0053101
-0.011383
0.032684
0.12997
0.17542
0.14551
0.11038
0.08606
0.06076
0.057312
0.061859
0.024841
-0.037781
-0.072845
-0.070831
-0.047333
-0.016388
-0.01001
-0.035553
-0.048248
-0.034698
-0.021454
-0.013397
-0.011017
-0.028198
-0.048553
-0.042267
-0.01709
0.0011597
0.0072632
-0.0016785
-0.015503
-0.010956
0.0053711
0.01474
0.013855
0.0045471
-0.0087891
-0.012451
-0.0014343
0.010101
0.0072632
-0.0054626
-0.016632
-0.019043
-0.011627
-0.00048828
0.0065002
0.0027161
-0.0019531
0.0045471
0.016602
0.024323
0.025238
0.019348
0.013367
0.012878
0.02066
0.028595
0.020386
0.0037842
-0.0072021
-0.0076599
0.00067139
0.0036011
-0.0010681
-0.0065002
-0.013275
-0.017181
-0.012299
-0.0097046
-0.018494
-0.028931
-0.026917
-0.016449
-0.0097046
-0.00354
0.0065613
0.011139
0.01001
0.0112
0.010925
0.0048523
-0.0015259
-0.0016785
0.0033264
0.0066528
0.0066528
0.010651
0.014526
0.012421
0.0062256
-0.0028381
-0.015625
-0.023804
-0.025055
-0.019043
-0.0096436
-0.0070496
-0.0073853
-0.0019531
0.0076294
0.012634
0.010132
0.0047302
0.0044556
0.0095215
0.016663
0.022247
0.026489
0.03064
0.028534
0.021881
0.021149
0.02121
0.015839
0.0089722
0.0052795
0.0065918
0.0019836
-0.011841
-0.016876
-0.014008
-0.015015
-0.022461
-0.035675
