-0.01767
0.022614
-0.0038147
-0.012054
0.01358
-0.0067139
-0.0092773
0.0074158
-0.013458
-0.0079346
0.0042114
-0.0065002
-0.00085449
0.0082703
0.0068665
0.011292
0.015991
0.0075073
0.0061035
0.009552
-0.0042725
-0.0053101
-0.0049133
-0.011139
-0.0089111
-0.0054626
-0.010132
-0.0098267
-0.0039368
-0.0058899
-0.0043335
-0.0045776
6.1035e-05
-0.012848
-0.0056458
0.0080261
-0.0020447
0.013245
0.025726
0.018188
0.014465
0.021088
0.017395
-0.0016174
0.0063782
-0.0053711
-0.033386
-0.019073
-0.021088
-0.038483
-0.016113
0.0040283
0.010559
0.023651
0.026428
0.026489
0.027679
0.0067444
0.0036011
0.0073853
-0.0081787
-0.015564
-0.0018616
-0.013641
-0.026093
-0.014191
-0.0082397
-0.011475
0.0037537
0.0063477
0.0022583
0.014801
0.004364
-0.0021667
0.0112
0.012024
0.0073242
0.014771
0.010468
-0.0025635
0.00097656
-0.0039673
-0.012939
-0.016815
-0.022522
-0.022156
-0.014771
-0.010468
-0.0035095
-0.0057373
-0.0087891
-0.017853
-0.038666
-0.042175
-0.037048
-0.03302
-0.018982
-0.0016785
0.0027161
0.026001
0.059265
0.075165
0.083313
0.090912
0.078888
0.064758
0.058563
0.039185
0.0088196
-0.018555
-0.043182
-0.058044
-0.055237
-0.052216
-0.054779
-0.048737
-0.03363
-0.02005
-0.00094604
0.019318
0.026794
0.022858
0.022858
0.020599
0.011719
0.0032349
-0.0096741
-0.024384
-0.032227
-0.036133
-0.039337
-0.033905
-0.028992
-0.025116
-0.010895
0.0079041
0.020081
0.031677
0.043793
0.040649
0.037964
0.037811
0.027161
0.014038
0.0046692
-0.0050964
-0.014374
-0.010437
-0.0043335
-0.001709
0.0056458
0.01358
0.01709
0.022644
0.02536
0.018036
0.006134
-0.0057983
-0.013245
-0.029846
-0.035492
-0.037811
-0.049072
-0.054535
-0.067596
-0.086945
-0.095886
-0.16608
-0.18115
-0.12125
-0.071686
-0.01123
0.11005
0.14172
0.16724
0.24643
0.2872
0.24738
0.21194
0.13446
0.011169
-0.047882
-0.081268
-0.13281
-0.16995
-0.16583
-0.14194
-0.085297
0.0082092
0.084015
0.10352
0.11322
0.11377
0.08786
0.05722
0.019592
-0.049408
-0.12878
-0.16306
-0.17114
-0.15689
-0.112
-0.065338
-0.023682
0.031097
0.091248
0.12869
0.13907
0.12997
0.088745
0.033234
-0.0093384
-0.043732
-0.088318
-0.10696
-0.11212
-0.1059
-0.070526
-0.01886
0.026093
0.048615
0.065338
0.076721
0.077118
0.069855
0.054382
0.028412
-0.0059509
-0.021484
-0.02533
-0.022705
-0.017303
-0.0087585
-0.0079956
-0.0023804
0.017883
0.031219
0.033417
0.032379
0.027344
0.016571
0.0089111
0.0071411
-0.0076294
-0.027832
-0.038422
-0.04718
-0.046844
-0.034973
-0.025574
-0.018677
-0.015045
-0.01355
-0.0075684
-0.0080872
-0.037079
-0.072205
-0.18326
-0.22452
-0.16614
-0.087677
-0.0013733
0.12341
0.18091
0.19495
0.26215
0.32352
0.28809
0.20145
0.10172
-0.02652
-0.12332
-0.14719
-0.15283
-0.18301
-0.17197
-0.10919
-0.033264
0.057922
0.14441
0.17245
0.12756
0.081726
0.039398
-0.020081
-0.072235
-0.11813
-0.17337
-0.20706
-0.17984
-0.1106
-0.035736
0.037933
0.095154
0.12308
0.1358
0.14569
0.12851
0.071014
0.0065002
-0.054504
-0.11008
-0.13528
-0.12033
-0.10037
-0.072998
-0.029175
0.02063
0.068787
0.10144
0.11749
0.099884
0.058807
0.0068359
-0.033051
-0.062775
-0.081909
-0.080536
-0.070709
-0.050659
-0.018188
0.028046
0.068939
0.086517
0.084076
0.066528
0.046692
0.025421
0.005249
-0.012115
-0.03244
-0.044067
-0.037781
-0.020844
-0.0072632
0.0053711
0.012268
0.018799
0.024445
0.027435
0.034821
0.034485
0.025055
0.0015869
-0.027283
-0.050201
-0.066193
-0.086639
-0.1019
-0.12512
-0.23438
-0.25394
-0.15497
-0.049805
0.056885
0.19955
0.24533
0.22314
0.2587
0.29315
0.23743
0.13147
0.026947
-0.1008
-0.19241
-0.1922
-0.14297
-0.12399
-0.093323
-0.014618
0.055725
0.1188
0.18851
0.20166
0.1264
0.034943
-0.038879
-0.10648
-0.15417
-0.16739
-0.17706
-0.18234
-0.14175
-0.056244
0.034332
0.10962
0.16055
0.15927
0.12054
0.079987
0.036407
-0.011078
-0.062622
-0.10419
-0.1376
-0.14072
-0.10736
-0.04895
0.0098267
0.054626
0.079224
0.084503
0.08963
0.087738
0.067078
0.028625
-0.019073
-0.065063
-0.094696
-0.087738
-0.06189
-0.044617
-0.019012
0.014038
0.04483
0.079193
0.10861
0.1015
0.069
0.038544
0.0084229
-0.014801
-0.024933
-0.0336
-0.04718
-0.050079
-0.03125
-0.0041809
0.017303
0.034485
0.038666
0.025391
0.019653
0.021637
0.009613
-0.0011902
-0.018341
-0.041687
-0.060852
-0.067596
-0.065735
-0.056732
-0.062866
-0.072998
-0.13913
-0.23627
-0.19583
-0.090607
0.0038452
0.12238
0.23709
0.23828
0.23282
0.2644
0.26126
0.17871
0.067657
-0.046082
-0.15637
-0.19427
-0.15555
-0.093536
-0.052216
-0.0018616
0.055817
0.1055
0.14374
0.15796
0.11264
0.015137
-0.077209
-0.14807
-0.18198
-0.17328
-0.13565
-0.10168
-0.064209
-0.0074463
0.049255
0.097534
0.12735
0.12561
0.080872
0.018738
-0.026886
-0.057434
-0.077576
-0.078156
-0.065002
-0.054474
-0.0336
0.0033264
0.040619
0.057465
0.061981
0.055847
0.033447
0.013733
0.0045776
-0.0065918
-0.026794
-0.040863
-0.041382
-0.042236
-0.029449
-0.00354
0.019104
0.029327
0.042358
0.052429
0.041931
0.025757
0.010559
-0.0031433
-0.020813
-0.024414
-0.016693
-0.011688
-0.0057068
0.0065002
0.015472
0.011536
0.015717
0.019592
0.011383
0.0082703
0.014709
0.010315
0.010712
0.014282
0.00076294
-0.013855
-0.031036
-0.048035
-0.055969
-0.057129
-0.06778
-0.10202
-0.22897
-0.26654
-0.17679
-0.060059
0.074677
0.21585
0.26965
0.22757
0.2113
0.21671
0.18011
0.094055
-0.0017395
-0.092255
-0.16394
-0.15579
-0.077637
-0.0089111
0.037018
0.075317
0.10461
0.11121
0.10345
0.086578
0.026489
-0.057648
-0.13248
-0.173
-0.17075
-0.12823
-0.072357
-0.026337
0.0087585
0.028625
0.049377
0.06842
0.079346
0.062653
0.019531
-0.026855
-0.063324
-0.075775
-0.067596
-0.044098
-0.022278
-0.0079651
0.0065613
0.020813
0.038971
0.048706
0.041656
0.024994
0.0050354
-0.0097656
-0.029053
-0.040771
-0.045898
-0.041077
-0.030548
-0.0057983
0.012268
0.026031
0.051239
0.071381
0.08429
0.080048
0.058289
0.017822
-0.0093689
-0.02417
-0.028961
-0.030426
-0.031799
-0.030121
-0.025635
-0.010071
0.0063782
0.020813
0.023254
0.018097
0.012665
0.01181
0.013611
0.014496
-0.00015259
-0.020081
-0.032562
-0.051849
-0.067413
-0.063416
-0.068085
-0.074615
-0.14993
-0.24982
-0.21054
-0.10312
0.023102
0.17661
0.28647
0.27179
0.21838
0.20029
0.17984
0.11923
0.035645
-0.043854
-0.13019
-0.1799
-0.14163
-0.054443
0.018341
0.073639
0.10928
0.1163
0.093109
0.073364
0.047638
-0.011414
-0.087616
-0.14984
-0.17288
-0.15778
-0.10861
-0.044189
0.011078
0.037872
0.047119
0.055847
0.05777
0.050446
0.028717
-0.0047607
-0.046173
-0.072052
-0.073456
-0.055176
-0.028229
-0.0079346
0.0068359
0.014374
0.021942
0.031342
0.037781
0.036469
0.025665
0.0071106
-0.010529
-0.021057
-0.030914
-0.032532
-0.01059
0.011322
0.021393
0.03598
0.047699
0.047699
0.052979
0.05188
0.035706
0.011017
-0.016571
-0.031769
-0.035492
-0.033051
-0.025665
-0.022461
-0.027679
-0.021942
-0.010193
-0.0023193
0.0067444
0.01358
0.0088806
0.0066223
0.015106
0.022736
0.021454
0.017151
0.0039368
-0.018433
-0.04306
-0.05246
-0.051941
-0.05835
-0.070953
-0.17084
-0.24207
-0.18228
-0.081848
0.044312
0.20071
0.27679
0.24426
0.19547
0.17181
0.14871
0.090027
0.022156
-0.043213
-0.12451
-0.16281
-0.11838
-0.0401
0.032898
0.082184
0.10602
0.097382
0.067322
0.054626
0.033752
-0.011566
-0.079132
-0.13354
-0.1535
-0.14444
-0.10452
-0.044281
0.010101
0.03244
0.039886
0.046875
0.047729
0.039734
0.024109
0.0029602
-0.032959
-0.059753
-0.063263
-0.047394
-0.023651
-0.0090942
-0.0010376
0.003418
0.0091248
0.020569
0.032104
0.032043
0.021454
0.00024414
-0.024139
-0.024078
-0.011108
0.0013733
0.019135
0.026398
0.021484
0.018188
0.027405
0.040405
0.044281
0.034515
0.021118
0.0052795
-0.011292
-0.013306
-0.0080261
-0.013489
-0.021851
-0.02597
-0.026123
-0.019562
-0.011505
-0.0063782
-0.0031433
0.0012817
0.009491
0.020355
0.028625
0.029938
0.019684
0.0024719
-0.014282
-0.034027
-0.046753
-0.057892
-0.071259
-0.11444
-0.23242
-0.24356
-0.14575
-0.042908
0.087982
0.23151
0.26831
0.23325
0.19922
0.17789
0.14551
0.062225
-0.0081177
-0.070007
-0.14069
-0.15317
-0.089264
-0.016052
0.048126
0.090668
0.11697
0.099884
0.053558
0.032837
0.011536
-0.036346
-0.092712
-0.12827
-0.14243
-0.13367
-0.096954
-0.034332
0.011169
0.0289
0.042023
0.047699
0.042236
0.035919
0.022064
-0.0014038
-0.029572
-0.049469
-0.05191
-0.044739
-0.026276
-0.0112
-0.0058594
0.0010376
0.010864
0.026184
0.038055
0.033081
0.016266
-0.013184
-0.028748
-0.010834
0.0088501
0.020355
0.039124
0.035156
0.013062
0.013855
0.029572
0.038544
0.034027
0.029327
0.020142
0.0011902
-0.010742
-0.0091553
-0.014282
-0.025543
-0.026764
-0.030121
-0.032074
-0.032684
-0.027802
-0.016998
-0.0087891
-0.0039062
-0.0012817
0.01059
0.019989
0.020844
0.019928
0.020782
0.0093384
-0.018127
-0.032623
-0.046143
-0.07251
-0.16931
-0.25513
-0.20587
-0.11191
-0.0067749
0.15802
0.25888
0.23935
0.21439
0.20273
0.17581
0.11572
0.035858
-0.017395
-0.091125
-0.15811
-0.13309
-0.067444
-0.015198
0.042694
0.08667
0.10376
0.080688
0.049042
0.03653
0.0044861
-0.052155
-0.08667
-0.10587
-0.12527
-0.1149
-0.078918
-0.030731
0.0013428
0.015289
0.035645
0.046173
0.045349
0.044189
0.030029
0.00085449
-0.02774
-0.052521
-0.052704
-0.039581
-0.035828
-0.030426
-0.022034
-0.012421
0.0035706
0.026245
0.043335
0.039398
0.0052795
-0.0098267
-0.001709
0.0041504
0.018097
0.036865
0.029663
0.012665
0.0057983
0.01178
0.028656
0.033661
0.035217
0.035553
0.016571
-0.0028381
-0.0033264
-0.0095825
-0.022552
-0.029114
-0.033936
-0.034485
-0.028809
-0.025238
-0.020813
-0.015381
-0.007019
0.00177
-0.0010986
0.0016479
0.012909
0.015411
0.01825
0.019684
0.0023193
-0.018188
-0.023682
-0.021454
-0.054199
-0.18253
-0.23703
-0.16779
-0.10376
-0.0014343
0.1738
0.22223
0.18665
0.19272
0.20355
0.18808
0.12329
0.04599
-0.0092468
-0.092804
-0.15189
-0.1012
-0.05365
-0.035431
0.01532
0.057831
0.065735
0.068359
0.064423
0.053101
0.0098572
-0.062012
-0.087677
-0.091736
-0.10699
-0.09082
-0.062561
-0.050018
-0.036682
-0.010529
0.027618
0.061554
0.058502
0.045471
0.028015
-0.0057678
-0.023193
-0.023224
-0.024414
-0.035706
-0.052338
-0.061432
-0.047272
-0.023743
0.0011902
0.018433
0.02179
0.024475
0.025635
0.031799
0.050049
0.052856
0.035583
0.023651
0.013184
-0.0075378
-0.017303
-0.0084534
0.010223
0.023865
0.027405
0.036163
0.038177
0.020477
0.0083313
0.0092773
-0.0062866
-0.028748
-0.040344
-0.044464
-0.047882
-0.046692
-0.032471
-0.011292
-0.0063171
-0.009613
0.0045166
0.015137
0.016327
0.021484
0.020538
0.0099487
0.00024414
-0.0089417
0.00018311
-0.05304
-0.20682
-0.23666
-0.13889
-0.10007
-0.024109
0.13275
0.15256
0.12946
0.19907
0.25357
0.23471
0.16092
0.058533
-0.0023804
-0.058533
-0.11551
-0.075409
-0.050873
-0.099854
-0.076202
0.0066528
0.042969
0.07547
0.093079
0.060516
0.0097656
-0.045685
-0.063904
-0.036041
-0.055267
-0.099701
-0.086945
-0.081604
-0.08783
-0.030853
0.025665
0.035797
0.036255
0.030914
0.027374
0.039276
0.031738
0.016449
0.0087585
-0.026459
-0.062225
-0.05957
-0.049988
-0.047089
-0.028564
-0.0093689
0.0063477
0.030884
0.049866
0.062012
0.071136
0.057556
0.039429
0.0354
0.022644
0.0013428
-0.014984
-0.02536
-0.024841
-0.0092773
0.0085754
0.020966
0.023438
0.017365
0.011475
0.013824
0.012024
-0.0075073
-0.027161
-0.037323
-0.04715
-0.050446
-0.045105
-0.035004
-0.02002
-0.014954
-0.017883
-0.0019836
0.016968
0.018677
0.028717
0.038757
0.031494
0.01358
-0.084595
-0.20029
-0.16168
-0.069916
-0.067596
-0.018616
0.067169
0.060364
0.080475
0.19833
0.25186
0.19992
0.12872
0.060822
0.030609
0.032074
0.00021362
-0.041687
-0.064087
-0.10229
-0.10751
-0.035614
0.020325
0.015778
-0.0023499
-0.016754
-0.02713
-0.0066833
0.018616
0.010803
-0.019135
-0.049347
-0.067657
-0.053375
-0.020599
-0.0112
-0.024506
-0.033295
-0.032928
-0.014832
0.014008
0.030579
0.031189
0.024109
0.015076
0.0093079
0.011627
0.0090027
-0.0079651
-0.022797
-0.030365
-0.032135
-0.019806
-0.0067749
-0.010132
-0.0076599
0.010803
0.027863
0.0383
0.043518
0.039307
0.026123
0.019653
0.021454
0.018555
0.0014038
-0.015167
-0.022552
-0.02124
-0.0070496
0.0080261
0.0069885
0.00042725
-0.007782
-0.014038
-0.0072021
-0.0042725
-0.018707
-0.035614
-0.039001
-0.030518
-0.017761
-0.0058594
0.0063782
0.017487
0.02063
0.023438
0.031128
0.032471
0.02301
0.0022583
-0.037689
-0.069244
-0.058136
-0.0242
-0.0042114
-0.0052185
-0.027283
-0.037292
0.00091553
0.050995
0.052704
0.031342
0.03299
0.053375
0.079285
0.10138
0.091705
0.054749
0.034241
0.038147
0.031464
0.012787
-0.011322
-0.041016
-0.05426
-0.05423
-0.05954
-0.062927
-0.056
-0.049927
-0.047668
-0.040436
-0.023804
-0.012115
-0.0079651
-0.0040588
-0.0031128
0.0028992
0.015106
0.011932
-0.0029297
-0.0065613
0.0010376
0.010681
0.02002
0.018555
0.0029297
-0.01123
-0.0096436
-0.0039062
-0.00024414
0.00057983
-0.0093079
-0.022186
-0.022491
-0.014038
-0.0050354
0.0031433
0.0073242
0.0080872
0.012482
0.021484
0.030975
0.037201
0.034424
0.021027
0.0069275
-0.00354
-0.0074768
-0.0021057
0.0054016
0.0066528
0.0067139
0.0082397
0.006073
0.0018616
-0.0022888
-0.0093689
-0.017242
-0.024384
-0.027039
-0.026855
-0.02533
-0.017517
-0.005188
0.0054626
0.011841
0.012299
0.012054
0.011017
0.0087891
0.0083618
0.0066223
3.0518e-05
-0.0027161
0.0013123
0.0020752
-0.006073
-0.018524
-0.023712
-0.024811
-0.026428
-0.023407
-0.014618
-0.0063782
0.0038757
0.01712
0.027252
0.032288
0.034882
0.039764
0.045898
0.047852
0.047028
0.044952
0.035828
0.019928
0.0029907
-0.0087891
-0.014374
-0.019287
-0.025513
-0.028778
-0.028564
-0.030029
-0.032257
-0.028534
-0.020264
-0.015991
-0.016937
-0.02179
-0.029297
-0.033417
-0.02713
-0.0066833
0.014526
0.018677
0.011047
0.0041199
0.00042725
0.0053711
0.017456
0.021759
0.011169
-0.0058289
-0.011749
-0.0032043
0.0041504
0.0058289
0.0027466
-0.0047913
-0.0090027
-0.00085449
0.014771
0.020996
0.014679
0.0065308
0.00036621
-0.004303
-0.0047913
0.0023804
0.012421
0.014648
0.0080566
0.0041199
0.0065918
0.0049744
0.00045776
0.00024414
-0.00048828
-0.0081177
-0.014679
-0.017517
-0.022675
-0.023926
-0.017273
-0.010925
-0.0092163
-0.0050659
0.0021667
0.006073
0.0085754
0.0079041
0.0048218
0.0031433
0.002594
0.00085449
0.0022583
0.0061035
0.0039368
-0.0011292
-0.0029907
0.00082397
0.0039062
0.0023193
0.0035706
0.0087891
0.0089417
0.0066528
0.008728
0.013245
0.014435
0.01535
0.01825
0.022186
0.022644
0.014954
0.0052795
-0.0021362
-0.0094604
-0.01239
-0.011017
-0.011597
-0.011566
-0.01001
