0.0020752
-0.0010376
0.0013123
0.0032654
0.00030518
0.0036316
-0.0010376
-0.0062256
0.0026855
-0.0064087
-0.012329
0.0043335
0.0051575
0.0093079
0.016937
0.013611
0.01181
0.0074158
0.00067139
-0.0050964
-0.007019
-0.010468
-0.014587
-0.010376
-0.0072327
-0.010315
-0.0053406
-0.0028381
-0.0023804
0.00018311
0.0058594
0.0056458
0.007019
0.011017
0.010406
0.0080261
0.0050659
0.0015259
-0.0030823
-0.0052185
-0.0052185
-0.0079346
-0.0042419
-0.0048523
-0.0018005
0.0022583
0.00039673
0.0005188
-0.00033569
-0.0015869
0.00057983
0.00057983
0.0023804
0.0040283
0.0011292
0.0053101
0.0027466
-0.0025024
0.002533
0.0005188
-0.00015259
0.00057983
0.00085449
0.0016174
0.0010681
-0.00088501
0.0025024
0.0033875
0.0026855
0.0036316
0.0014648
-0.0012817
3.0518e-05
0.0019836
-0.001709
-0.0019836
-0.0021362
-0.0049438
-0.0052795
-0.0050659
-0.0077515
-0.0097961
-0.009613
-0.0093994
-0.0048523
-0.0036011
-0.0021057
-0.00054932
0.0028381
-0.0018005
-0.0054932
-0.015747
-0.031891
-0.034668
-0.032776
-0.03064
-0.015472
-0.0027161
0.0092773
0.031921
0.057617
0.071106
0.078339
0.078308
0.06665
0.053802
0.039795
0.017609
-0.0072327
-0.030975
-0.049927
-0.056366
-0.053558
-0.048065
-0.040955
-0.030579
-0.01709
-0.0019531
0.016479
0.024933
0.027039
0.021667
0.015106
0.0067444
-0.0017395
-0.017731
-0.026001
-0.042389
-0.048096
-0.041412
-0.030762
-0.020721
-0.00030518
0.013672
0.027924
0.044617
0.049347
0.046967
0.03894
0.027618
0.01004
0.0042114
-0.0073853
-0.017395
-0.019897
-0.016693
-0.014038
-0.0041199
0.0048828
0.0077515
0.012695
0.017456
0.020325
0.013947
0.0064697
3.0518e-05
-0.0021362
-0.012573
-0.019501
-0.027893
-0.044922
-0.046661
-0.040131
-0.038025
-0.043152
-0.1532
-0.19415
-0.15762
-0.11218
-0.046478
0.07431
0.094208
0.11124
0.21146
0.28119
0.28561
0.24725
0.16855
0.041534
-0.00354
-0.032501
-0.087128
-0.14282
-0.17545
-0.18301
-0.12506
-0.018433
0.043823
0.073151
0.083282
0.086395
0.077118
0.084473
0.057037
-0.017426
-0.091827
-0.13538
-0.15262
-0.13773
-0.10434
-0.08316
-0.055756
-0.0056458
0.050354
0.096313
0.12643
0.12161
0.082855
0.050049
0.021576
-0.015106
-0.048401
-0.077728
-0.10172
-0.10187
-0.07724
-0.046265
-0.014069
0.016937
0.040314
0.061401
0.074432
0.08017
0.072235
0.058777
0.034851
0.0082092
-0.012848
-0.026764
-0.031189
-0.031189
-0.025299
-0.022522
-0.0071716
0.006958
0.023285
0.035858
0.036835
0.025848
0.013458
0.011322
-0.0020752
-0.020264
-0.034027
-0.042816
-0.044617
-0.032227
-0.021393
-0.016357
-0.0017395
0.010834
0.0098572
0.0082397
0.011536
-0.019104
-0.040405
-0.13022
-0.22797
-0.19992
-0.13742
-0.06131
0.047821
0.15158
0.16711
0.22815
0.30646
0.30603
0.23154
0.14618
0.037415
-0.078064
-0.11508
-0.13635
-0.16397
-0.1795
-0.14261
-0.075134
0.013763
0.09787
0.13464
0.12079
0.087585
0.051239
0.010254
-0.032166
-0.083862
-0.13904
-0.17331
-0.16293
-0.11487
-0.058289
-0.0037842
0.045441
0.08432
0.10974
0.12692
0.12326
0.087097
0.035431
-0.019958
-0.064026
-0.089996
-0.097015
-0.092773
-0.081726
-0.056641
-0.013275
0.032043
0.052185
0.060425
0.058044
0.04126
0.02597
0.021606
0.0046997
-0.018524
-0.020813
-0.022308
-0.018646
-0.00091553
0.015472
0.014038
0.015137
0.020172
0.024414
0.024292
0.019897
0.015503
0.004303
-0.0010681
-0.0023804
-0.0036011
-0.013306
-0.022675
-0.020721
-0.012817
-0.0084534
-0.0039368
0.008667
0.017395
0.027527
0.032654
0.021027
-0.0012817
-0.023407
-0.059601
-0.085571
-0.20581
-0.28531
-0.22855
-0.1413
-0.037445
0.11133
0.21478
0.21075
0.26559
0.33011
0.29745
0.18387
0.077606
-0.043121
-0.15201
-0.16867
-0.15378
-0.15125
-0.14511
-0.073273
0.016083
0.10278
0.16867
0.18362
0.12613
0.050629
-0.0029907
-0.055054
-0.10184
-0.14291
-0.17529
-0.18839
-0.14755
-0.072815
0.0062256
0.07074
0.11215
0.12924
0.12326
0.10635
0.068909
0.015839
-0.042053
-0.087158
-0.10938
-0.11478
-0.095245
-0.065002
-0.026886
0.0080261
0.046387
0.073883
0.079956
0.064545
0.032898
0.0061035
-0.018921
-0.025696
-0.027191
-0.022949
-0.01474
0.0037231
0.023315
0.039612
0.051483
0.047394
0.036255
0.023254
0.014038
0.00079346
-0.0068359
-0.013214
-0.017242
-0.018433
-0.018524
-0.015137
-0.018738
-0.023651
-0.022308
-0.0081482
-0.0014038
0.0053711
0.018982
0.029114
0.02359
0.0084534
0.0071716
-0.015625
-0.038605
-0.065643
-0.081085
-0.19553
-0.29022
-0.22498
-0.12534
-0.014923
0.13455
0.25824
0.24091
0.25476
0.31512
0.28333
0.16983
0.056488
-0.049713
-0.16943
-0.19006
-0.14215
-0.11334
-0.10324
-0.041382
0.04245
0.10657
0.16049
0.17892
0.11743
0.015656
-0.05722
-0.10617
-0.14096
-0.15909
-0.16138
-0.15671
-0.12372
-0.048401
0.036835
0.097626
0.12708
0.12839
0.098694
0.061859
0.029968
-0.0071411
-0.049133
-0.086365
-0.10147
-0.097504
-0.074432
-0.031464
0.011444
0.039246
0.056
0.064514
0.052094
0.027008
0.012573
0.0012817
-0.014435
-0.01651
-0.0038147
0.004364
0.013275
0.029053
0.036377
0.0271
0.024109
0.024323
0.01474
0.0029907
-0.0031738
-0.010345
-0.019806
-0.017853
-0.011261
-0.014069
-0.01535
-0.012268
-0.020294
-0.028931
-0.018677
-0.0037842
-0.0023804
0.0030823
0.021454
0.023468
0.01767
0.019287
0.012604
-0.0080872
-0.030518
-0.045258
-0.10962
-0.27408
-0.28339
-0.18399
-0.082428
0.047424
0.21503
0.2572
0.22256
0.28076
0.30875
0.23035
0.10413
0.0014343
-0.11798
-0.1987
-0.17239
-0.11145
-0.093872
-0.072113
0.010345
0.082672
0.12839
0.17078
0.16309
0.066742
-0.038086
-0.098419
-0.13324
-0.15372
-0.15103
-0.13809
-0.12781
-0.083466
-0.0013123
0.079254
0.12067
0.13489
0.11676
0.06604
0.020111
-0.0075684
-0.037292
-0.074677
-0.093719
-0.092194
-0.079041
-0.047852
0.0019836
0.03595
0.046234
0.048737
0.045532
0.027588
0.012482
0.0097656
0.0053711
-0.0048523
-0.00039673
0.010681
0.016663
0.020142
0.024506
0.021149
0.011597
0.010681
0.011841
0.0089111
0.0020142
0.0011902
-9.1553e-05
-0.0035095
0.00054932
0.00067139
-0.0077209
-0.018921
-0.028625
-0.032928
-0.030457
-0.02002
-0.0070801
-0.0018921
0.00048828
0.011108
0.020355
0.018066
0.013947
0.017212
-0.011322
-0.072021
-0.23453
-0.32474
-0.25137
-0.15228
-0.024811
0.15326
0.25092
0.23123
0.271
0.3291
0.28845
0.1803
0.065857
-0.056488
-0.17261
-0.18909
-0.13239
-0.092377
-0.084106
-0.025818
0.048248
0.092834
0.13922
0.16815
0.11517
0.0064697
-0.076782
-0.12973
-0.15619
-0.15259
-0.13251
-0.12482
-0.10965
-0.049957
0.034149
0.1055
0.13794
0.1362
0.094055
0.037842
0.0020752
-0.022919
-0.051422
-0.078918
-0.089874
-0.089417
-0.066315
-0.02356
0.01062
0.038055
0.047241
0.035248
0.023376
0.024689
0.014465
0.0026855
0.0047607
0.0042419
0.0036621
0.013977
0.022736
0.020966
0.021667
0.027313
0.029816
0.019897
0.013245
0.01062
0.0036926
-0.0040894
-0.00042725
9.1553e-05
-0.011658
-0.018707
-0.018677
-0.023102
-0.031067
-0.032471
-0.033173
-0.022552
-0.0066223
0.0046997
0.0047302
0.0045471
0.0053101
0.0077515
0.022064
0.012054
-0.054047
-0.24915
-0.33136
-0.24597
-0.1452
-0.012299
0.17969
0.25342
0.22305
0.28128
0.34286
0.30252
0.17783
0.056152
-0.068298
-0.18643
-0.20239
-0.13525
-0.093414
-0.090607
-0.030792
0.049377
0.095947
0.13666
0.16739
0.11755
0.010651
-0.070587
-0.11093
-0.13904
-0.15442
-0.13611
-0.12613
-0.11282
-0.066345
0.018829
0.088196
0.12366
0.13425
0.1026
0.051422
0.016663
-0.0029907
-0.041504
-0.079315
-0.099091
-0.097931
-0.077728
-0.033875
0.011566
0.030426
0.032166
0.029022
0.034119
0.037476
0.03476
0.023346
0.0068054
-0.0057373
-0.00054932
0.013702
0.014404
0.0061951
0.0057983
0.012787
0.02536
0.038605
0.037842
0.023926
0.0089722
-0.0029907
-0.0047302
-0.0079346
-0.015839
-0.022919
-0.032043
-0.035248
-0.027405
-0.022949
-0.016785
-0.0083008
-0.0053711
-0.0010071
0.012604
0.023376
0.016022
0.013947
0.010742
-0.011993
-0.091339
-0.27194
-0.31268
-0.2168
-0.13037
0
0.1936
0.24503
0.22937
0.2923
0.33267
0.27902
0.15634
0.045135
-0.074585
-0.18539
-0.19553
-0.12769
-0.10895
-0.10461
-0.029449
0.045654
0.086639
0.12897
0.15674
0.10718
0.010132
-0.056458
-0.079926
-0.11053
-0.13019
-0.12268
-0.12549
-0.12177
-0.072388
0.010864
0.07431
0.11124
0.1239
0.098236
0.057159
0.032959
0.014648
-0.024139
-0.065643
-0.09726
-0.11304
-0.09671
-0.051453
-0.0023804
0.026154
0.033142
0.034698
0.039551
0.044342
0.048279
0.041901
0.017639
-0.007019
-0.01413
-0.0062561
-0.0043945
-0.00036621
0.0086975
0.011658
0.015137
0.027161
0.0401
0.035431
0.023193
0.0098572
-0.00048828
-0.011963
-0.020325
-0.023895
-0.027008
-0.025269
-0.031433
-0.035736
-0.020081
0.0012817
0.0049133
0.0075378
0.018005
0.014832
0.014984
0.030029
0.020905
-0.020233
-0.17661
-0.33853
-0.28882
-0.18463
-0.10034
0.075012
0.21295
0.19818
0.23483
0.33047
0.34836
0.25735
0.12445
0.021698
-0.10056
-0.18781
-0.1618
-0.10852
-0.13266
-0.11691
-0.033783
0.041107
0.091034
0.13745
0.14819
0.081055
-0.008667
-0.045715
-0.051392
-0.083038
-0.10715
-0.11337
-0.12848
-0.13306
-0.080109
0.01004
0.074127
0.094971
0.095367
0.087311
0.062714
0.049622
0.04126
0.0050354
-0.053955
-0.10306
-0.11331
-0.092529
-0.058777
-0.020691
0.0081482
0.015991
0.025543
0.043945
0.059052
0.061676
0.048492
0.02594
0.00036621
-0.013306
-0.013947
-0.016907
-0.017029
-0.0045471
0.009491
0.02182
0.030487
0.023376
0.015167
0.016846
0.016113
0.0072632
-0.006134
-0.018372
-0.023285
-0.020203
-0.018433
-0.014099
-0.016724
-0.023956
-0.010956
0.0074158
0.013
0.023529
0.029755
0.016663
0.0070496
0.0062256
0.0014954
-0.06427
-0.24957
-0.30734
-0.21024
-0.15186
-0.05838
0.14322
0.19183
0.16751
0.25107
0.32816
0.29776
0.19128
0.089813
0.0010376
-0.10605
-0.15359
-0.092896
-0.09198
-0.14603
-0.10425
-0.029053
0.014038
0.06955
0.12231
0.1116
0.05014
-0.0025635
-0.0020447
-0.0057373
-0.052795
-0.085876
-0.11349
-0.14697
-0.13214
-0.058289
0.0097656
0.043213
0.051483
0.061981
0.073395
0.072144
0.07193
0.053101
-0.0041199
-0.059967
-0.083649
-0.082611
-0.064392
-0.044006
-0.037537
-0.032227
-0.016144
0.0095825
0.042389
0.064514
0.061768
0.048492
0.033661
0.021271
0.018036
0.0093689
-0.0055237
-0.011658
-0.006073
0.0032349
0.0098572
0.0082703
-0.00054932
-0.0045471
-0.0020752
0.0049133
0.0051575
-0.0018311
-0.0054016
0.00079346
0.0076599
0.0035706
-0.0083923
-0.021332
-0.026855
-0.019867
-0.0085144
0.0040283
0.018066
0.019928
0.013947
0.015503
0.015869
-0.0061951
-0.14996
-0.27536
-0.21417
-0.14355
-0.12573
0.030121
0.14465
0.10367
0.16107
0.28702
0.29694
0.23221
0.14935
0.060364
-0.0076599
-0.070007
-0.074158
-0.046814
-0.12567
-0.17352
-0.092194
-0.031372
-0.015869
0.051117
0.072784
0.038605
0.024658
0.032135
0.049774
0.033478
-0.037292
-0.077515
-0.090912
-0.11865
-0.089386
-0.020325
-0.011719
-0.016632
0.011963
0.037354
0.058655
0.072235
0.055725
0.030457
0.0023499
-0.027954
-0.023712
-0.015503
-0.03299
-0.04483
-0.051025
-0.054199
-0.032257
-0.0076904
0.0055237
0.026886
0.035828
0.03125
0.042999
0.048248
0.033844
0.027405
0.024933
0.017609
0.019531
0.007019
-0.016479
-0.024323
-0.024597
-0.02179
-0.010468
-0.0099792
-0.016724
-0.0051575
0.013275
0.02948
0.031677
0.013062
-0.0078125
-0.019501
-0.022034
-0.014435
-0.0072327
-0.0073853
-0.0045166
0.0037537
0.0092163
0.0035706
0.011871
-0.018768
-0.15927
-0.21982
-0.12241
-0.07959
-0.089661
0.015808
0.070953
0.04483
0.1203
0.23746
0.237
0.17773
0.1127
0.068146
0.074066
0.055969
-0.0016174
-0.043701
-0.089844
-0.13303
-0.09314
-0.033417
-0.039062
-0.057068
-0.041779
-0.015594
0.013123
0.039948
0.036041
0.016235
-0.010803
-0.027496
-0.016815
0.0033569
-0.0068054
-0.033386
-0.03476
-0.021454
-0.010132
0.0057068
0.016083
-0.0025024
-0.020599
-0.0075378
0.010254
0.017822
0.012573
0.0039673
0.00091553
-0.0007019
-0.007843
-0.012726
-0.019043
-0.032806
-0.032471
-0.014343
0.00027466
0.0076904
0.01297
0.018951
0.026886
0.03299
0.037872
0.040436
0.03006
0.0081482
-0.0085449
-0.013245
-0.013489
-0.015564
-0.019531
-0.021942
-0.02121
-0.014221
0.0019226
0.017578
0.012634
-0.0023499
-0.0035095
-0.0021973
-0.0038452
0.0021973
0.01593
0.021118
0.02301
0.021973
0.012207
-0.0022583
-0.016937
-0.023438
-0.020264
-0.017395
-0.021851
-0.015442
0.0041504
0.017944
0.014465
-0.004364
-0.016571
-0.016052
-0.014526
-0.019318
-0.023132
-0.023315
-0.018646
-0.011597
-0.0060425
0.0014343
0.0054626
0.0081482
0.015442
0.030792
0.044464
0.048584
0.047668
0.050751
0.052246
0.042267
0.031891
0.020203
0.0056152
-0.0017395
-0.0032654
-0.0050659
-0.0088196
-0.013794
-0.023621
-0.02478
-0.019592
-0.016388
-0.022827
-0.034485
-0.039703
-0.03949
-0.03183
-0.016693
-0.00048828
0.0044556
0.0010681
-0.0044861
-0.007782
-0.006134
-0.0027161
-0.0028381
-0.0092163
-0.016296
-0.013977
-0.00012207
0.010986
0.010895
0.0096436
0.01297
0.016418
0.018005
0.017548
0.012604
0.0025024
-0.0039978
-0.0032959
-0.0027771
-0.0061951
-0.0049133
0.0030212
0.010223
0.0096436
0.0054321
0.0054321
0.0014038
-0.0062866
-0.0029297
0.0053406
0.0043335
0.0064392
0.017883
0.019135
0.0085754
-0.0010986
-0.0075989
-0.01416
-0.013824
-0.008728
-0.0079651
-0.0061951
-0.0045166
-0.00018311
0.0068359
0.0065613
-0.0042725
-0.0064392
-0.00177
-0.0047607
-0.0096741
-0.0089111
-0.0019531
-0.00021362
-0.0028992
-0.0017395
0.00030518
-0.0035706
-0.0070496
-0.0023499
0.0027466
0.009552
0.014313
0.016968
0.017456
0.014465
0.0066528
0.0005188
-0.0025635
-0.0062256
-0.0054626
-0.004425
-0.0023804
0.00064087
-0.00088501
-0.0045471
