-0.0064392
-0.0029907
0.0044556
-0.002655
0.0010376
0.0017395
0.0018616
0.0044861
0.0046082
0.012848
0.012695
-0.007843
-0.0022888
-0.0023804
-0.009552
-0.0037537
-0.0061951
-0.0092163
0.00097656
6.1035e-05
0.0065308
0.0084839
-0.00039673
-0.0026855
0.0014038
0.0021973
-0.0015564
0.0014343
-0.0014648
-0.0072327
0.0054932
0.0032043
-0.0037842
0.0054016
0.0021973
-0.0026855
0.007019
0.0029602
-0.00061035
-0.0024109
0.0010986
-0.00054932
-0.0048218
-0.0020142
-0.00076294
-0.0044556
0.00085449
0.0014954
0.0023499
0.0029297
0.0040588
0.0010986
-0.00042725
0.0015564
-0.0030212
0.00036621
-0.00042725
-0.0040588
-3.0518e-05
0.0033264
-0.00094604
0.0026245
0.0028687
-0.0042419
-0.00030518
-0.0012512
-0.0055847
-0.0037537
-0.0035706
-0.0028687
0.0011902
0.0047607
0.0054626
0.0047302
0.0094299
0.0069275
0.0051575
0.0053711
0.00085449
-0.0045471
-0.0059204
-0.0087585
-0.010193
-0.010162
-0.011597
-0.0082397
-0.0050964
-0.0052795
-0.0058899
-0.0055237
-0.0054016
-0.013062
-0.025879
-0.027527
-0.027771
-0.025665
-0.010162
0.004303
0.013062
0.032349
0.049591
0.060516
0.069397
0.066315
0.052734
0.040558
0.029358
0.010406
-0.0064392
-0.022644
-0.037079
-0.042847
-0.040955
-0.03479
-0.029205
-0.019653
-0.011414
-0.0043335
0.0049744
0.0088501
0.0058899
0.0028687
-0.0016479
-0.0087585
-0.01239
-0.014771
-0.016205
-0.014801
-0.0093384
-0.0048523
0.00048828
0.010132
0.015015
0.018097
0.022491
0.021393
0.016602
0.012787
0.0093384
0.0036926
-0.0022888
-0.0067139
-0.01004
-0.006897
-0.0020142
-0.002533
-0.0018921
-0.00085449
-0.0012512
-0.0022278
0.0018005
0.0013123
-0.0066833
-0.016357
-0.016205
-0.022919
-0.021912
-0.017578
-0.020874
-0.12125
-0.17258
-0.14374
-0.11639
-0.06134
0.045624
0.062653
0.081238
0.17578
0.23752
0.24509
0.21924
0.15454
0.042664
0.0052795
-0.015564
-0.060577
-0.10657
-0.13211
-0.14395
-0.096436
-0.0073242
0.039703
0.060089
0.062103
0.060486
0.044373
0.048584
0.02533
-0.032196
-0.083252
-0.11264
-0.12177
-0.10175
-0.068237
-0.052673
-0.030426
0.0046082
0.044739
0.073822
0.094208
0.081421
0.046509
0.021454
-0.00021362
-0.028656
-0.051666
-0.067566
-0.083557
-0.07254
-0.048492
-0.024994
0.012848
0.045105
0.059845
0.067261
0.072693
0.059906
0.043884
0.028168
0.0036621
-0.026367
-0.037109
-0.0336
-0.024628
-0.0083313
0.0043945
0.009552
0.013885
0.024261
0.031128
0.030731
0.025238
0.010925
-0.0066223
-0.014038
-0.019745
-0.027313
-0.029694
-0.027802
-0.026611
-0.015137
0.0010376
0.0084534
0.0080566
0.011383
0.010376
0.00079346
-0.006073
-0.015015
-0.017059
-0.027802
-0.020264
-0.062317
-0.17325
-0.17682
-0.12881
-0.079834
0.011475
0.11566
0.11655
0.14777
0.21716
0.25165
0.20969
0.14999
0.061646
-0.046844
-0.077209
-0.083832
-0.091461
-0.116
-0.10126
-0.07132
-0.0058289
0.071442
0.11008
0.095276
0.056488
0.021057
-0.019012
-0.034332
-0.062225
-0.10049
-0.13165
-0.12241
-0.092499
-0.043823
0.0080261
0.040375
0.059143
0.069611
0.076813
0.069977
0.053925
0.022797
-0.020782
-0.052917
-0.068939
-0.077087
-0.065887
-0.034515
-0.018707
-0.0050354
0.023651
0.040802
0.044189
0.054962
0.047394
0.016388
-0.0026855
-0.0068054
-0.016235
-0.019165
-0.016052
-0.018555
-0.014008
0.0057678
0.025543
0.033325
0.03183
0.022827
0.01474
0.0093689
0.0075989
0.00082397
-0.0079956
-0.013428
-0.012421
-0.0095215
-0.0062866
-0.0033264
-0.0049133
-0.0064087
0.0010071
0.011536
0.0085449
0.011139
0.0083923
-0.0027771
-0.012146
-0.011292
-0.026215
-0.04007
-0.0737
-0.18689
-0.20453
-0.15161
-0.087463
0.0075073
0.13083
0.15311
0.16614
0.22202
0.24539
0.19708
0.12402
0.04126
-0.070526
-0.11432
-0.11038
-0.090881
-0.085144
-0.059448
-0.015503
0.036224
0.094696
0.12604
0.10986
0.053131
-0.0046692
-0.063873
-0.091003
-0.095612
-0.10587
-0.1214
-0.10754
-0.067963
-0.016083
0.04184
0.081177
0.08316
0.063232
0.046844
0.030029
0.011017
-0.011444
-0.040192
-0.067993
-0.077606
-0.062347
-0.034088
-0.0072632
0.013092
0.021973
0.028748
0.026428
0.019928
0.016754
0.012573
0.0037842
-3.0518e-05
0.00048828
-0.00057983
0.0050659
0.010345
0.014038
0.014587
0.019104
0.023834
0.024689
0.027618
0.028015
0.018982
0.0046082
-0.0022583
-0.0082703
-0.016785
-0.024078
-0.022491
-0.027496
-0.031921
-0.021454
-0.011383
-0.0011292
0.006134
0.013092
0.014313
0.015442
0.014801
0.0056152
-0.0071411
-0.014587
-0.028442
-0.045105
-0.056702
-0.16934
-0.23151
-0.17383
-0.087616
0.0068665
0.13516
0.19302
0.17667
0.20422
0.23871
0.20181
0.11417
0.032013
-0.062164
-0.12579
-0.1163
-0.077179
-0.055359
-0.038696
0.0070496
0.050812
0.090729
0.11618
0.099487
0.036346
-0.030518
-0.082886
-0.11215
-0.11551
-0.1073
-0.099091
-0.086548
-0.05072
-0.0019531
0.041962
0.074036
0.083893
0.066803
0.031769
0.0068665
-0.011841
-0.027496
-0.041382
-0.049927
-0.051514
-0.046112
-0.022491
0.0031128
0.02002
0.025513
0.031891
0.022461
0.0034485
0.0040894
0.0058594
0.0035095
0.0062866
0.012085
0.0073242
0.011322
0.020477
0.021057
0.017609
0.016693
0.019196
0.018555
0.020782
0.017914
0.0039368
-0.010437
-0.0112
-0.010529
-0.016052
-0.02124
-0.020966
-0.023193
-0.025543
-0.019135
-0.014038
-0.0089111
0.0011597
0.0087585
0.010925
0.013702
0.011719
0.0087891
-0.0059814
-0.012817
-0.0090637
-0.022797
-0.056824
-0.18958
-0.24426
-0.18182
-0.091431
0.020081
0.16107
0.21222
0.1839
0.20038
0.2283
0.19553
0.10593
0.012939
-0.079498
-0.14041
-0.12543
-0.065826
-0.025238
-0.0096436
0.029266
0.065887
0.091949
0.11041
0.099335
0.032227
-0.050781
-0.1134
-0.13852
-0.12521
-0.099213
-0.074982
-0.055603
-0.028564
0.008606
0.051697
0.082886
0.084442
0.057739
0.013794
-0.020203
-0.040619
-0.049011
-0.048645
-0.043274
-0.036316
-0.032715
-0.016937
0.0079956
0.027039
0.030457
0.023224
0.0055847
-0.0071411
-0.010223
-0.0029602
0.0065613
0.0080872
0.0088806
0.012573
0.021667
0.028351
0.028351
0.026154
0.02356
0.024231
0.024597
0.023376
0.015137
0.0029297
-0.0062866
-0.010284
-0.014923
-0.020264
-0.023865
-0.026276
-0.028778
-0.025452
-0.01709
-0.0074768
-0.0024414
0.00082397
0.0027466
0.0061646
0.0092468
0.0083313
0.0041199
-0.0027771
-0.012024
-0.014221
-0.040222
-0.18802
-0.27319
-0.20953
-0.12381
-0.005249
0.15759
0.23196
0.20209
0.20895
0.2449
0.22189
0.12784
0.026978
-0.065277
-0.14505
-0.14734
-0.082642
-0.025177
-0.0083923
0.024323
0.066132
0.093231
0.11288
0.10678
0.048737
-0.040833
-0.11749
-0.15292
-0.13614
-0.10269
-0.078278
-0.059235
-0.028961
0.006073
0.043518
0.081512
0.092468
0.065948
0.014923
-0.02594
-0.049011
-0.058136
-0.052948
-0.039886
-0.03299
-0.028656
-0.013062
0.0075989
0.020538
0.015198
0.012726
0.010864
0.0039673
0.0031128
0.010437
0.012421
0.0091858
0.012421
0.017761
0.019592
0.014984
0.015747
0.021759
0.024841
0.029663
0.034393
0.032288
0.018585
0.0039368
-0.0065002
-0.012695
-0.01825
-0.018799
-0.026306
-0.036133
-0.029297
-0.022675
-0.024078
-0.014709
-0.0011597
-0.0031128
-0.0051575
0.00039673
0.0032959
0.0059814
0.013702
0.010925
-0.0021057
-0.039429
-0.18765
-0.28308
-0.21558
-0.12045
-0.0057373
0.15076
0.23331
0.21283
0.2178
0.24973
0.22403
0.12692
0.017426
-0.071503
-0.15002
-0.15298
-0.087128
-0.022675
0.00012207
0.032928
0.077545
0.09845
0.10715
0.10083
0.051331
-0.037323
-0.1188
-0.15872
-0.14771
-0.11621
-0.080444
-0.050262
-0.029846
-0.0034485
0.036438
0.077698
0.0896
0.068268
0.023285
-0.020142
-0.045288
-0.052612
-0.049133
-0.04126
-0.037079
-0.036865
-0.027527
-0.0024719
0.021027
0.033539
0.036621
0.031281
0.020874
0.015533
0.010284
0.00094604
-0.0042114
-0.0052185
-0.002533
0.0020752
0.010315
0.018463
0.026276
0.036407
0.049744
0.046783
0.030853
0.011841
-0.004364
-0.018555
-0.022583
-0.019104
-0.023438
-0.027679
-0.024445
-0.015747
-0.012726
-0.009491
-0.012726
-0.016785
-0.015167
-0.010864
-0.010681
-0.007019
0.0071411
0.020599
0.025665
0.0051575
-0.15741
-0.28107
-0.2283
-0.14279
-0.042389
0.12515
0.21304
0.19641
0.21356
0.25681
0.25327
0.15833
0.038727
-0.056061
-0.15039
-0.17648
-0.11099
-0.040741
-0.017944
0.017609
0.066925
0.10281
0.11227
0.10489
0.066101
-0.017395
-0.104
-0.14151
-0.1268
-0.10696
-0.083344
-0.057129
-0.033966
-0.011017
0.022034
0.061035
0.082367
0.069397
0.027557
-0.0055847
-0.027069
-0.032898
-0.030518
-0.035187
-0.05307
-0.06665
-0.053467
-0.019592
0.019684
0.042206
0.048981
0.036713
0.019836
0.016357
0.020447
0.016449
0.0029297
-0.013977
-0.022003
-0.008606
0.0028381
0.007843
0.020905
0.029572
0.031799
0.043488
0.054321
0.043457
0.01709
-0.0021667
-0.014587
-0.026917
-0.0354
-0.035156
-0.03421
-0.034912
-0.027222
-0.018555
-0.012329
-0.005249
-0.00079346
-0.0033569
-0.0021362
0.012177
0.023743
0.033875
0.023163
-0.1398
-0.29636
-0.26007
-0.17053
-0.074951
0.10349
0.2009
0.17065
0.19553
0.2681
0.29675
0.22137
0.090759
-0.021912
-0.13132
-0.18442
-0.12796
-0.055023
-0.049652
-0.024841
0.027802
0.080902
0.11624
0.1312
0.098938
0.0084229
-0.096069
-0.14999
-0.13452
-0.10834
-0.079041
-0.052368
-0.033386
-0.023285
0.00036621
0.044983
0.077972
0.074768
0.042908
0.0067444
-0.02417
-0.038696
-0.029877
-0.01825
-0.024384
-0.045013
-0.050781
-0.034882
-0.010101
0.014191
0.034576
0.042664
0.035461
0.026733
0.024445
0.021942
0.009613
-0.0021973
-0.010162
-0.015625
-0.016479
-0.013031
-0.00030518
0.016235
0.029755
0.04007
0.048035
0.039459
0.017944
-0.0011597
-0.003418
-0.0031433
-0.014008
-0.033325
-0.04425
-0.048767
-0.046753
-0.029633
-0.0037537
0.0072937
-0.0021973
0.0091858
0.032104
0.042938
0.055115
-0.057861
-0.24295
-0.24707
-0.17068
-0.12857
0.0035095
0.1398
0.12872
0.14444
0.23123
0.28259
0.24817
0.14331
0.052887
-0.029846
-0.11877
-0.13074
-0.072632
-0.08844
-0.091797
-0.022766
0.043823
0.076782
0.10977
0.11523
0.06955
-0.021545
-0.092377
-0.097473
-0.1037
-0.12238
-0.1073
-0.075745
-0.056274
-0.016907
0.039459
0.081146
0.08606
0.061462
0.040833
0.021484
-0.0035095
-0.01358
-0.021698
-0.044617
-0.061462
-0.054504
-0.038391
-0.020172
-0.0051575
0.0056458
0.013245
0.020508
0.033508
0.044434
0.046783
0.038391
0.025421
0.0062866
-0.010071
-0.017975
-0.016998
-0.009552
-0.0018005
0.0045776
0.01059
0.019196
0.023529
0.024719
0.026398
0.02533
0.012421
-0.0084229
-0.02832
-0.043243
-0.047302
-0.048126
-0.050232
-0.043365
-0.026489
0.00057983
0.025696
0.061554
0.051117
-0.12247
-0.23672
-0.15512
-0.097717
-0.072235
0.075623
0.12692
0.079865
0.15176
0.25671
0.25983
0.18433
0.071442
-0.0039062
-0.039307
-0.07782
-0.052734
-0.024475
-0.092926
-0.10873
-0.025726
0.030701
0.055237
0.077454
0.042023
-0.011993
-0.046295
-0.051422
-0.019623
-0.027832
-0.093964
-0.11713
-0.090454
-0.069336
-0.01651
0.037781
0.047821
0.04129
0.044495
0.059906
0.080048
0.065094
0.0091248
-0.030975
-0.05423
-0.063171
-0.04599
-0.0242
-0.022095
-0.022369
-0.0071411
0.01181
0.034821
0.038757
0.027496
0.018219
0.0098267
0.012299
0.024902
0.023804
-0.00027466
-0.013214
-0.0066223
0.0053711
0.011139
0.0090027
0.010132
-0.0020142
-0.019653
-0.020172
-0.0088501
-0.0057068
-0.003418
-0.0035095
-0.0071716
-0.0097351
-0.018433
-0.030487
-0.028809
-0.022949
-0.021637
0.0092773
0.018341
-0.12354
-0.21835
-0.10925
-0.025787
-0.045532
0.04007
0.095245
0.045929
0.11224
0.25574
0.26321
0.18488
0.10361
0.037659
0.033905
0.020172
-0.042145
-0.075317
-0.10901
-0.14276
-0.077209
0.024078
0.025513
-0.00030518
-0.0032654
-0.0086365
-0.011688
0.0010376
-0.0039978
-0.028961
-0.071899
-0.10168
-0.076111
-0.030029
-0.020081
-0.023254
-0.0092163
0.0045471
0.017303
0.039337
0.056946
0.054169
0.03714
0.025146
0.020935
0.010071
-0.011322
-0.031891
-0.040161
-0.034882
-0.023651
-0.0031738
0.015076
0.015106
0.0086365
0.014374
0.0224
0.020294
0.018127
0.016479
0.0030212
-0.010406
-0.0023499
0.014587
0.015076
0.0056152
-0.00073242
-0.0029602
-0.007843
-0.015717
-0.017609
-0.026581
-0.03894
-0.036194
-0.015289
0.00061035
0.00048828
-0.0032043
0.00045776
0.0066833
0.011017
0.015259
0.017792
0.010437
0.00036621
0.0022888
-0.0010376
-0.018311
-0.022186
-0.010071
0.0015869
0.00015259
-0.012543
-0.013947
0.006897
0.026154
0.029083
0.022064
0.013336
0.014343
0.031403
0.048645
0.049835
0.038605
0.027313
0.022888
0.016998
0.0085754
0.0024719
-0.0079041
-0.027252
-0.03833
-0.029572
-0.026489
-0.032227
-0.033325
-0.030548
-0.036255
-0.036591
-0.024292
-0.01181
-0.0048523
-0.0053406
-0.011444
-0.012451
-0.0063477
-0.0020142
0.0066833
0.017303
0.021729
0.022339
0.020996
0.015717
0.013031
0.01828
0.018616
0.0085754
-0.0061035
-0.013641
-0.011169
-0.0067749
-0.0036011
-0.0026245
-0.0088501
-0.014709
-0.011505
-0.0031738
0.0037842
0.0058289
0.0021057
-0.00030518
0.0037537
0.0057678
0.010376
0.018036
0.015106
0.0055237
0.00015259
-0.0037842
-0.0039673
-0.0007019
-0.0045471
-0.0074768
-0.0029907
0.0039062
0.011383
0.012665
0.004303
-0.0064087
-0.010101
-0.007843
-0.0062866
-0.0044861
-0.00045776
0.0014343
0.0025635
0.0072327
0.0072937
0.0024414
0.0022888
0.00039673
-0.010651
-0.018158
-0.01535
-0.01059
-0.008728
-0.012451
-0.019226
-0.023743
-0.016174
0.0018311
0.016876
0.024292
0.026733
0.019226
0.014587
0.022156
0.030334
0.023956
0.011505
0.00088501
-0.0037842
-0.0013123
