0.026245
0.0019226
-0.014404
0.030518
-0.0033264
-0.0015869
0.023071
-0.0021667
0.0036926
-0.002655
-0.010132
0.0031128
-0.0041504
0.0013733
-0.0068665
-0.006958
-0.0005188
-0.0062866
0.0039673
0.0012817
-0.0073853
0.0016785
0.00021362
0.0051575
0.00048828
-0.001709
0.0021362
-0.013062
-0.0080261
0.013885
-0.0016479
0.0049133
0.01944
0.0092468
0.014984
0.012604
0.0048828
-0.0028992
-0.011261
-0.014465
-0.0053711
-0.0093079
-0.013763
-0.019653
-0.018097
-0.012878
-0.0092468
-0.006897
-0.0071411
-0.0041504
-0.00012207
0.010834
0.018555
0.0061951
0.0041199
0.0058899
0.0084839
0.02002
0.027069
0.016144
0.022003
0.025513
0.023315
0.01947
0.0047913
-0.015778
-0.019745
-0.026642
-0.02713
-0.025604
-0.029755
-0.025482
-0.013428
0.00036621
0.0068359
0.010132
0.016357
0.017303
0.017731
0.019653
0.013214
0.006958
0.0011597
-0.0010986
-0.0016479
-0.0073547
-0.011627
-0.01297
-0.013794
-0.0095825
-0.0032043
-0.0041504
-0.0061951
-0.0098572
-0.0083618
-0.0031128
0.0040283
-3.0518e-05
0.0025024
-0.020752
-0.068146
-0.072815
-0.063599
-0.063873
-0.031921
-0.0035095
-0.0014954
0.036316
0.09198
0.11887
0.12839
0.12805
0.091705
0.065887
0.05777
0.028717
-0.01297
-0.044647
-0.076263
-0.089478
-0.067352
-0.046295
-0.040924
-0.029236
-0.012177
0.0022888
0.026947
0.042603
0.035309
0.018799
0.0042114
-0.0090637
-0.019348
-0.023743
-0.037567
-0.051392
-0.047638
-0.034454
-0.019958
0.0013733
0.015869
0.021271
0.028992
0.039124
0.037231
0.029724
0.019348
0.0010071
-0.015564
-0.02066
-0.028595
-0.033905
-0.029205
-0.027985
-0.023163
-0.011139
-0.0039978
0.0064392
0.021973
0.03299
0.035919
0.039673
0.038696
0.031128
0.025543
0.017883
0.0027161
-0.010284
-0.017609
-0.02124
-0.019775
-0.011322
-0.0045776
-0.0024719
0.0074158
0.014954
0.014404
0.013092
0.0074768
-0.0032959
-0.0073242
-0.0079346
-0.011719
-0.015106
-0.012909
-0.012726
-0.012634
-0.007843
-0.0048523
-0.0075073
-0.0070801
-0.0075684
-0.0242
-0.028992
-0.066589
-0.13245
-0.129
-0.10025
-0.069336
0.00039673
0.070221
0.087921
0.12601
0.18402
0.20251
0.17828
0.14044
0.074677
0.00039673
-0.034637
-0.05722
-0.085175
-0.10818
-0.104
-0.078033
-0.033112
0.02713
0.065582
0.071136
0.062805
0.048096
0.028046
0.0112
-0.016022
-0.057343
-0.095154
-0.11017
-0.10233
-0.074493
-0.038849
-0.0092468
0.01413
0.038116
0.061798
0.072998
0.068848
0.050415
0.01828
-0.01297
-0.036652
-0.050934
-0.057373
-0.060028
-0.05426
-0.038818
-0.015015
0.012268
0.036835
0.050568
0.049957
0.045013
0.037842
0.024231
0.0076904
-0.0090027
-0.038452
-0.05661
-0.051025
-0.038116
-0.023468
0.0011292
0.022949
0.035461
0.052063
0.064392
0.057556
0.040497
0.022339
0.0015564
-0.015564
-0.025146
-0.027679
-0.028351
-0.019562
-0.0057983
0.0068665
0.019135
0.025635
0.026184
0.02475
0.021301
0.01004
-0.0089111
-0.023804
-0.028992
-0.028137
-0.024994
-0.021362
-0.023529
-0.019653
-0.011261
-0.0045166
0.0032043
0.0031128
-0.013092
-0.037506
-0.052734
-0.093811
-0.11801
-0.093292
-0.06134
-0.021484
0.040039
0.095581
0.12592
0.15225
0.17267
0.16006
0.11349
0.065002
0.014038
-0.039886
-0.069061
-0.077698
-0.075867
-0.06839
-0.040375
0.00024414
0.038879
0.065491
0.073456
0.060516
0.031555
0.00012207
-0.027893
-0.053711
-0.07663
-0.090088
-0.093353
-0.076996
-0.048981
-0.017242
0.016571
0.039368
0.053101
0.059113
0.055206
0.039856
0.018188
-0.007843
-0.033051
-0.049957
-0.059021
-0.054169
-0.044098
-0.028992
-0.0070496
0.016876
0.034454
0.042725
0.043518
0.037201
0.024506
0.0090942
-0.0075073
-0.024933
-0.039948
-0.047058
-0.044037
-0.031342
-0.015289
0.010376
0.037048
0.05423
0.060852
0.059875
0.049744
0.030701
0.01355
-0.00042725
-0.01413
-0.025116
-0.02475
-0.018982
-0.01062
-0.0005188
0.0067444
0.01059
0.01355
0.016327
0.013397
0.0088196
0.0025635
-0.0075073
-0.02179
-0.025055
-0.025177
-0.027313
-0.022125
-0.013458
-0.01236
-0.011292
0.0018005
0.0079041
0.0082092
0.010437
-0.0075989
-0.03302
-0.045166
-0.089417
-0.12418
-0.10342
-0.07196
-0.029175
0.041962
0.10861
0.13458
0.15112
0.16937
0.16
0.11218
0.060364
0.0091248
-0.050537
-0.086517
-0.085754
-0.071625
-0.060638
-0.030884
0.012207
0.047058
0.069122
0.078339
0.064362
0.027832
-0.013489
-0.047028
-0.071167
-0.086487
-0.087708
-0.079529
-0.060516
-0.032684
0.00073242
0.034576
0.055756
0.062286
0.056519
0.039978
0.017273
-0.004425
-0.024323
-0.043152
-0.055725
-0.061127
-0.057251
-0.04361
-0.020966
0.0010376
0.019165
0.031525
0.03653
0.034119
0.022858
0.009491
-0.007843
-0.029144
-0.042023
-0.040802
-0.02536
-0.0054626
0.018188
0.037567
0.04892
0.051758
0.053589
0.049347
0.037781
0.020294
0.0047302
-0.0027771
-0.0054626
-0.0048218
-0.0038147
-0.0038757
-0.012177
-0.013611
-0.0096741
-0.0073242
-0.0058899
-0.0025024
-0.00048828
0.00067139
0.0041199
0.0048218
0.0035095
-0.0044556
-0.011932
-0.01825
-0.02002
-0.019775
-0.0224
-0.025299
-0.026215
-0.03653
-0.050812
-0.065308
-0.10345
-0.11377
-0.084198
-0.032318
0.029633
0.096985
0.13736
0.14899
0.15424
0.15115
0.12686
0.076691
0.020691
-0.030518
-0.066254
-0.08197
-0.066986
-0.040039
-0.013916
0.016632
0.044434
0.060272
0.060455
0.048767
0.020447
-0.016357
-0.055542
-0.081512
-0.090729
-0.085632
-0.067383
-0.044098
-0.020172
0.0018311
0.024139
0.041931
0.050354
0.048553
0.034821
0.01413
-0.007019
-0.023682
-0.033508
-0.036713
-0.037109
-0.034302
-0.027588
-0.016052
-0.0005188
0.01178
0.019653
0.019318
0.010162
-0.00094604
-0.012909
-0.020874
-0.027435
-0.024506
-0.011993
0.0046387
0.018738
0.033447
0.042847
0.04364
0.040924
0.031738
0.019867
0.002594
-0.0077209
-0.0064697
-0.0012512
0.0042419
0.010803
0.010376
0.0067444
0.0058289
0.0039368
0.0016785
-0.0031738
-0.011139
-0.015259
-0.011597
-0.006012
-0.0033875
0.0016479
0.0047607
0
-0.0041809
-0.0099182
-0.025452
-0.032288
-0.03717
-0.046509
-0.061127
-0.11584
-0.15967
-0.13281
-0.069702
0.0078125
0.10449
0.16299
0.16559
0.16098
0.16312
0.14969
0.1026
0.037628
-0.025177
-0.079285
-0.10864
-0.091522
-0.05011
-0.019836
0.010284
0.043274
0.066284
0.073151
0.071686
0.052399
0.0073547
-0.047119
-0.087982
-0.10504
-0.10501
-0.088013
-0.062347
-0.033569
-0.0064697
0.023743
0.056854
0.07663
0.076904
0.059387
0.030121
-0.0018311
-0.027283
-0.045258
-0.052765
-0.05722
-0.056732
-0.044525
-0.02713
-0.0062256
0.014252
0.028015
0.033325
0.029449
0.012695
-0.00079346
-0.013885
-0.029053
-0.02774
-0.015594
-0.0048218
0.0064087
0.017029
0.023682
0.03241
0.039124
0.037933
0.027985
0.011749
0.00057983
-0.00033569
0.002533
0.0067444
0.0041199
-0.004425
-0.0078735
-0.0067444
-0.0090027
-0.0043335
0.00033569
-0.0014343
0.00054932
0.0082703
0.012604
0.0092773
0.0054016
0.0038757
-0.0063171
-0.012299
-0.017059
-0.026154
-0.028351
-0.019501
-0.014343
-0.021332
-0.096252
-0.18643
-0.17502
-0.11133
-0.042511
0.071472
0.16656
0.16797
0.16013
0.18155
0.18692
0.14377
0.065399
-0.0019836
-0.066162
-0.11954
-0.1138
-0.059998
-0.031738
-0.011261
0.024902
0.054443
0.067169
0.069702
0.063507
0.029694
-0.033203
-0.087952
-0.10352
-0.10641
-0.093201
-0.062775
-0.037445
-0.022766
-0.0046082
0.024689
0.057465
0.071503
0.060791
0.0383
0.0085449
-0.017883
-0.029602
-0.030029
-0.028229
-0.030243
-0.031311
-0.024323
-0.0073853
0.008728
0.018951
0.024109
0.017303
0.0015564
-0.0042725
0.0015259
0.0038452
0.0041199
0.0056763
0.0042114
0.00076294
0.00085449
0.0055542
0.012329
0.016266
0.015839
0.016052
0.0093994
0.0038757
0.0048218
0.0033875
-0.0016785
-0.0024719
-0.0033569
-0.0054321
-0.006958
-0.0068054
-0.0059814
-0.0084839
-0.0047913
0.0058594
0.0069275
0.0049744
0.010986
0.014954
0.011871
0.0094299
-0.0022583
-0.02356
-0.042725
-0.043976
-0.024017
-0.03183
-0.13327
-0.20871
-0.16977
-0.1087
-0.030304
0.11176
0.19278
0.17551
0.16876
0.19296
0.19855
0.1488
0.068878
0.0040283
-0.071472
-0.13364
-0.11053
-0.052795
-0.038513
-0.018097
0.022522
0.047546
0.055267
0.063538
0.065033
0.030823
-0.040619
-0.092407
-0.10144
-0.10895
-0.10162
-0.069031
-0.041595
-0.029083
-0.006073
0.032806
0.066925
0.076233
0.066833
0.050232
0.016663
-0.017731
-0.030609
-0.035583
-0.045227
-0.048859
-0.043152
-0.031952
-0.017517
0.0012817
0.024841
0.032837
0.027618
0.028961
0.029572
0.02179
0.018585
0.015076
0.0050049
-0.0057068
-0.011047
-0.011322
-0.0056152
0.0026245
0.011261
0.020264
0.021942
0.017426
0.015076
0.0067139
-0.0045471
-0.012177
-0.019989
-0.02713
-0.026428
-0.023254
-0.019989
-0.015717
-0.010529
-0.0037537
0.0049133
0.018555
0.025574
0.025146
0.021423
0.014679
0.0096741
0.0029602
-0.0055542
-0.0097656
-0.071686
-0.20233
-0.22897
-0.15326
-0.095825
-0.0063782
0.12671
0.16177
0.14841
0.18503
0.2305
0.21976
0.13647
0.043976
-0.012726
-0.077057
-0.12344
-0.085236
-0.054108
-0.064972
-0.040039
0.015289
0.052765
0.077026
0.080231
0.066833
0.026703
-0.046051
-0.082153
-0.075195
-0.092407
-0.10901
-0.089355
-0.070709
-0.053436
-0.012604
0.03714
0.070374
0.065613
0.042664
0.033569
0.019501
-0.0067749
-0.01358
-0.014252
-0.039551
-0.063324
-0.064636
-0.04541
-0.01886
0.0042725
0.029236
0.051086
0.048676
0.042755
0.051147
0.044739
0.024719
0.0093689
-0.0012512
-0.010681
-0.016022
-0.015106
0.00057983
0.016693
0.019714
0.020935
0.022217
0.013214
0.00073242
-0.0041504
-0.0065918
-0.011658
-0.020905
-0.029114
-0.034027
-0.039185
-0.040375
-0.03009
-0.014862
-0.0065613
0.0045471
0.014771
0.017761
0.023438
0.030609
0.032684
0.044922
-0.025604
-0.19193
-0.23828
-0.15652
-0.11301
-0.039398
0.094055
0.12326
0.12021
0.19577
0.26266
0.25754
0.17844
0.058075
-0.016113
-0.0578
-0.10931
-0.087708
-0.056305
-0.096375
-0.10071
-0.02182
0.037659
0.074432
0.091766
0.063599
0.019012
-0.032745
-0.066437
-0.042908
-0.032593
-0.080017
-0.091278
-0.069946
-0.066986
-0.039032
0.013184
0.039703
0.040924
0.027618
0.026367
0.049652
0.043427
0.0074768
-0.007843
-0.03064
-0.063232
-0.05838
-0.03064
-0.020294
-0.015564
-0.0057983
0.010895
0.033997
0.045441
0.04776
0.043976
0.024567
0.003418
0.0081482
0.017029
0.0074158
-0.0021057
0.00027466
0.0038452
0.0080566
0.014832
0.01416
0.0071106
0.00048828
0.00079346
0.0077209
0.0069885
-0.0077515
-0.019958
-0.022156
-0.023956
-0.025177
-0.025208
-0.03241
-0.038055
-0.032562
-0.019318
-0.0041809
0.012054
0.037292
0.050781
-0.035309
-0.15781
-0.15701
-0.087463
-0.067291
-0.0242
0.038727
0.04364
0.065826
0.16055
0.23239
0.22537
0.15546
0.06781
0.033936
0.036682
0.0048828
-0.039764
-0.070099
-0.10849
-0.11713
-0.057068
0.0061951
0.024933
0.012238
-0.012878
-0.021515
0.00088501
0.019073
0.013824
-0.0039368
-0.037415
-0.064331
-0.058685
-0.039093
-0.033325
-0.02951
-0.023193
-0.011261
0.013031
0.037689
0.043793
0.035828
0.025574
0.016541
0.0085144
-0.0055847
-0.025574
-0.03833
-0.03595
-0.029114
-0.019867
-0.0025024
0.0064697
0.0033569
0.01004
0.024475
0.028198
0.024994
0.019867
0.010193
0.0057373
0.0061646
0.0064392
0.0073242
0.0061646
0.0038452
0.0056152
0.0045776
-0.00054932
-0.0031433
-0.0059814
-0.0091553
-0.014465
-0.020355
-0.020111
-0.017273
-0.019257
-0.015839
-0.0071411
-0.0056763
-0.0064087
-0.0028992
0.0054321
0.018768
0.028625
0.032806
0.036438
0.028717
-0.0049133
-0.036255
-0.035217
-0.023468
-0.022308
-0.024078
-0.032776
-0.039276
-0.01001
0.039795
0.059082
0.041779
0.016052
0.0031128
0.015411
0.041138
0.047119
0.024902
0.0050354
0.015289
0.045013
0.060944
0.046875
0.012421
-0.019928
-0.033539
-0.028076
-0.020996
-0.028748
-0.045624
-0.050903
-0.035828
-0.015564
-0.0092773
-0.017395
-0.027252
-0.030762
-0.025757
-0.014465
-0.0037842
0.00033569
0.0013733
0.0078125
0.015594
0.016754
0.014191
0.0083313
-0.00061035
-0.0048218
-0.0038147
-0.00085449
0.0067749
0.013885
0.013611
0.0046692
-0.0083923
-0.014221
-0.0062866
0.0041199
0.0038757
-0.0058289
-0.016907
-0.017212
-0.0039673
0.013885
0.026337
0.025726
0.015076
0.0082092
0.010345
0.017517
0.019135
0.0061646
-0.0098877
-0.015015
-0.013
-0.0050049
0.0085754
0.012787
0.0038757
-0.0029602
-0.0014038
0.0015564
-0.0010681
-0.0058899
-0.0050659
-0.0045776
-0.0098572
-0.011841
-0.0075073
-0.0071106
-0.011414
-0.013031
-0.011047
-0.0099487
-0.008728
-0.0011292
0.0065918
0.0033264
-0.0040588
-0.0054626
-0.0050049
-0.0036011
0.00021362
0.0035706
0.0030823
0.00094604
0.0072021
0.021851
0.029419
0.025543
0.020294
0.020966
0.022827
0.021606
0.019257
0.017151
0.010956
0.002533
0.0016479
0.0049133
0.00088501
-0.011993
-0.026642
-0.033264
-0.030945
-0.026001
-0.018982
-0.011292
-0.0089111
-0.0094604
