0.014038
0.019928
0.025879
0.030701
0.034088
0.036469
0.036377
0.033691
0.029266
0.023163
0.0159
0.0073242
-0.0016479
-0.01001
-0.018158
-0.025452
-0.030945
-0.034943
-0.037109
-0.036926
-0.034821
-0.031281
-0.026459
-0.020782
-0.014526
-0.0079651
-0.0022278
0.0030212
0.0081177
0.01239
0.015045
0.016571
0.017365
0.016907
0.015747
0.013275
0.010284
0.006958
0.0026245
-0.0021667
-0.0064697
-0.010193
-0.013611
-0.016296
-0.017883
-0.016998
-0.014862
-0.011719
-0.0071716
-0.0020752
0.0039062
0.010468
0.016205
0.02121
0.025116
0.0271
0.028046
0.027313
0.024292
0.020386
0.016205
0.01062
0.0046692
-0.00076294
-0.0062866
-0.011322
-0.015045
-0.017639
-0.019073
-0.019592
-0.019287
-0.017792
-0.015442
-0.012573
-0.0093384
-0.0067444
-0.003418
-0.0011292
3.0518e-05
0.0015259
0.0019226
-0.00021362
3.0518e-05
-0.0018005
-0.0064697
-0.0077515
-0.011505
-0.019775
-0.021942
-0.023071
-0.029449
-0.024597
-0.021942
-0.022675
-0.011841
0.0023193
0.0065918
0.024078
0.039276
0.042999
0.057892
0.071991
0.068298
0.069763
0.074005
0.059052
0.048279
0.042297
0.022858
0.0024719
-0.0064392
-0.024261
-0.041992
-0.048584
-0.055847
-0.065399
-0.063782
-0.05899
-0.057129
-0.049927
-0.038452
-0.029968
-0.021088
-0.007782
0.0018616
0.0075989
0.016113
0.024445
0.026062
0.027588
0.030396
0.027283
0.021942
0.019684
0.013733
0.0050659
-0.00054932
-0.0061951
-0.01413
-0.017639
-0.019012
-0.023193
-0.024017
-0.020355
-0.018402
-0.015381
-0.0090637
-0.0045166
-0.0010071
0.0056152
0.010254
0.012085
0.016174
0.018707
0.019165
0.022064
0.023193
0.020752
0.020416
0.020325
0.017334
0.015503
0.013733
0.0091248
0.0058899
0.0035706
-0.00024414
-0.0035095
-0.0045471
-0.0064697
-0.0085754
-0.0090637
-0.0092163
-0.010132
-0.010254
-0.010468
-0.010803
-0.011017
-0.011169
-0.011353
-0.011017
-0.01062
-0.01001
-0.008606
-0.0080872
-0.0074463
-0.0068054
-0.0064087
-0.0072937
-0.0058594
-0.0085144
-0.011292
-0.012238
-0.016937
-0.0271
-0.02597
-0.026947
-0.031158
-0.02475
-0.020233
-0.015045
0.00021362
0.018097
0.029358
0.048645
0.061096
0.072632
0.085114
0.08902
0.083313
0.078979
0.067108
0.050598
0.03949
0.01944
-0.002533
-0.018646
-0.033569
-0.050385
-0.057037
-0.064819
-0.07019
-0.065918
-0.058105
-0.052612
-0.041809
-0.029358
-0.019501
-0.0046387
0.0083008
0.014404
0.019867
0.025116
0.023834
0.022644
0.019409
0.0074463
-0.0031128
-0.0074768
-0.0159
-0.024109
-0.025513
-0.027435
-0.02774
-0.02002
-0.013214
-0.010864
-0.0039978
0.0031433
0.0027466
0.0043945
0.0072327
0.0045776
0.0030518
0.008606
0.01001
0.012238
0.020508
0.025665
0.029327
0.037262
0.040802
0.038696
0.039825
0.036743
0.027405
0.019867
0.011963
0.00012207
-0.0082092
-0.014374
-0.020996
-0.024628
-0.02652
-0.032257
-0.033356
-0.026703
-0.021912
-0.022217
-0.01889
-0.011505
-0.0054626
-0.0033875
-0.0010681
-0.00354
-0.0067749
-0.011627
-0.021545
-0.025726
-0.039154
-0.035675
-0.081818
-0.116
-0.059814
-0.039825
-0.044586
0.0025024
0.052887
0.068817
0.1474
0.18716
0.1488
0.13904
0.15396
0.10733
0.056763
0.026917
-0.050385
-0.089661
-0.075439
-0.087219
-0.11594
-0.083649
-0.051453
-0.024597
0.022858
0.042755
0.029663
0.046936
0.066467
0.036743
0.0046997
-0.015533
-0.045013
-0.059509
-0.057068
-0.073792
-0.079742
-0.048767
-0.020569
-0.0029297
0.021912
0.038147
0.045227
0.060669
0.057617
0.02713
0.0049133
-0.0070801
-0.02832
-0.046692
-0.055725
-0.064423
-0.057495
-0.033142
-0.028503
-0.030609
-0.00354
0.021149
0.021667
0.036346
0.050079
0.044037
0.055542
0.065887
0.042999
0.029663
0.032776
0.01355
-0.0033875
-0.0059204
-0.017975
-0.021057
-0.0023193
0.0018311
0.00030518
0.017303
0.019836
0.011078
0.0065002
0.0023499
-0.0074158
-0.019958
-0.0271
-0.024261
-0.027557
-0.030212
-0.014374
-0.014893
-0.032806
-0.023376
-0.020752
-0.046722
-0.039215
-0.074921
-0.18823
-0.12576
-0.036987
-0.068451
-0.031555
0.079041
0.10522
0.16879
0.26437
0.20746
0.1474
0.16815
0.12857
0.024567
-0.015106
-0.083252
-0.1434
-0.11127
-0.082428
-0.10428
-0.067871
0.010742
0.046875
0.080475
0.091919
0.063538
0.040588
0.041656
-0.0032654
-0.071442
-0.10529
-0.11469
-0.11371
-0.097717
-0.073761
-0.047241
0.0022583
0.05304
0.079224
0.084625
0.081512
0.074158
0.056274
0.022247
-0.02182
-0.057556
-0.072723
-0.074005
-0.074677
-0.071808
-0.049927
-0.010803
0.014984
0.0085449
0.014069
0.034363
0.036407
0.032776
0.033752
0.023041
0.019287
0.035187
0.033691
0.016663
0.01593
0.015564
0.010925
0.0061951
0.0015259
-0.0019836
0.007843
0.014526
0.0112
-6.1035e-05
0.0018921
-0.004303
-0.021301
-0.022644
-0.028198
-0.039398
-0.02887
-0.015472
-0.019897
-0.00064087
0.020782
0.0095215
-0.0054626
-0.0015259
-0.031189
-0.063019
-0.073669
-0.1893
-0.20822
-0.08252
-0.065247
-0.059784
0.059998
0.13852
0.18588
0.29294
0.28165
0.19073
0.17099
0.13785
0.034119
-0.039581
-0.112
-0.18579
-0.15436
-0.10562
-0.10107
-0.060333
0.019592
0.063721
0.11349
0.12851
0.077698
0.040375
0.031525
-0.020813
-0.093994
-0.1319
-0.1557
-0.1449
-0.09967
-0.074097
-0.049866
0.017731
0.078491
0.10162
0.1127
0.10208
0.071716
0.052917
0.022156
-0.037384
-0.083679
-0.094299
-0.09198
-0.08255
-0.062042
-0.036438
0.0032959
0.031097
0.048859
0.067963
0.068848
0.058136
0.041168
0.020599
0.0079956
-0.0022583
-0.014435
-0.01178
-0.0043335
-0.00036621
0.010681
0.023621
0.022675
0.01767
0.018616
0.014618
0.0069885
-0.0045776
-0.013428
-0.022919
-0.028595
-0.029266
-0.0336
-0.030945
-0.021179
-0.016205
-0.0039368
0.02182
0.021576
0.01358
0.024933
0.011902
-0.034851
-0.052795
-0.12491
-0.25272
-0.18005
-0.10458
-0.12054
-0.041962
0.079285
0.12711
0.24075
0.33087
0.25696
0.21063
0.20654
0.11899
0.018829
-0.033051
-0.14023
-0.1951
-0.13907
-0.10947
-0.10562
-0.032715
0.039398
0.076813
0.12946
0.13007
0.073853
0.045898
0.027313
-0.044708
-0.10986
-0.14938
-0.17612
-0.15945
-0.1134
-0.088623
-0.052979
0.018524
0.078918
0.10718
0.12009
0.108
0.082794
0.062897
0.025665
-0.035156
-0.075378
-0.08725
-0.09433
-0.080353
-0.054016
-0.033386
0.0058899
0.035095
0.042816
0.05899
0.061493
0.04538
0.038177
0.027863
0.010437
0.0071411
0.010773
0.0047302
0.0079041
0.012878
0.0097351
0.012634
0.015076
0.0078125
0.0055847
0.0065002
0.0041199
-0.00042725
-0.012054
-0.016205
-0.016602
-0.031982
-0.044342
-0.040131
-0.036255
-0.036682
-0.022491
-0.0039978
0.013153
0.023865
-0.016663
-0.037384
-0.082764
-0.22244
-0.19089
-0.10992
-0.13791
-0.08667
0.058075
0.10602
0.20157
0.33374
0.29846
0.24133
0.25302
0.1846
0.06189
0.0065002
-0.092377
-0.19141
-0.17206
-0.14185
-0.14923
-0.092072
-0.0092468
0.030487
0.09314
0.13672
0.10788
0.075836
0.068512
0.012634
-0.059479
-0.10254
-0.1449
-0.16501
-0.14188
-0.11285
-0.083679
-0.026428
0.028992
0.06955
0.10541
0.11823
0.098358
0.071167
0.046265
0.0014648
-0.042297
-0.067688
-0.088867
-0.095551
-0.075897
-0.060089
-0.059601
-0.029022
0.015228
0.030273
0.042847
0.06955
0.071747
0.074432
0.087646
0.06308
0.040771
0.042755
0.024231
-0.004364
-0.010834
-0.025696
-0.032715
-0.013519
-0.0079956
-0.0097961
0.0029602
0.0073853
0.0055847
0.0099792
-0.0072632
-0.0271
-0.03241
-0.038391
-0.046875
-0.039185
-0.0354
-0.03479
-0.01535
0.0081787
0.010529
-0.052002
-0.20447
-0.18643
-0.10638
-0.13107
-0.10178
-0.0019836
0.028442
0.14801
0.31808
0.3002
0.23947
0.25793
0.20914
0.12613
0.090363
-0.019928
-0.15173
-0.14975
-0.12622
-0.15588
-0.13141
-0.068665
-0.041748
0.021332
0.090851
0.085327
0.066498
0.089111
0.068207
0.011627
-0.025116
-0.077972
-0.13141
-0.12872
-0.11078
-0.11005
-0.083588
-0.035278
0.0034485
0.046844
0.081421
0.080994
0.07373
0.069305
0.049835
0.021729
-0.013489
-0.057617
-0.085114
-0.089752
-0.083527
-0.068054
-0.050812
-0.02771
0.0087891
0.04776
0.072968
0.090057
0.095337
0.089508
0.074585
0.055725
0.032104
0.012756
-0.0026855
-0.02182
-0.034454
-0.038879
-0.033478
-0.020264
-0.010498
-0.007782
-0.010651
-0.0097351
0.0056458
0.0078735
-0.010956
-0.019836
-0.026794
-0.034271
-0.031281
-0.020386
-0.017792
0.035065
-0.029358
-0.18015
-0.13531
-0.085022
-0.15329
-0.096375
-0.013275
-0.041046
0.077209
0.25168
0.22653
0.20496
0.25684
0.20291
0.1348
0.1463
0.047852
-0.071777
-0.074982
-0.079407
-0.13071
-0.10065
-0.071228
-0.074005
-0.029663
0.020081
0.0018921
0.0011292
0.027039
0.0082092
-0.021698
-0.017303
-0.025757
-0.05127
-0.049377
-0.043549
-0.053223
-0.034241
-0.010956
-0.020203
-0.0089417
0.022766
0.026978
0.025726
0.032074
0.017975
0.00094604
0.0016785
-0.0055847
-0.023743
-0.027344
-0.024628
-0.022339
-0.0046387
0.015106
0.022614
0.037445
0.048767
0.041962
0.034882
0.036499
0.025208
0.012543
0.0079041
-0.0052185
-0.021027
-0.014038
-0.015533
-0.02655
-0.021912
-0.016327
-0.017822
-0.011871
-0.01001
-0.013733
-0.0069885
-0.0080566
-0.01886
-0.023926
-0.019531
-0.017487
-0.0042725
0.010986
0.030762
0.028931
-0.011749
-0.047455
-0.043488
-0.051361
-0.068207
-0.055603
-0.041534
-0.029877
0.023621
0.07312
0.077576
0.090363
0.117
0.11209
0.10886
0.10785
0.076904
0.043427
0.029022
0.0066223
-0.015076
-0.021576
-0.032684
-0.047668
-0.048035
-0.044647
-0.049286
-0.043213
-0.039154
-0.046295
-0.046692
-0.037659
-0.028137
-0.020905
-0.020233
-0.013916
0.0011597
0.01123
0.010742
0.011871
0.0072327
0.0032349
0.00061035
0.0034485
0.0025024
0.00045776
-0.0013428
-0.0028076
0.002655
0.0099182
0.0078125
0.001709
-0.00094604
-0.0010986
-0.00033569
0.00091553
0.0060425
0.012268
0.01181
0.0070496
0.0058289
0.0072937
0.0057373
0.0015869
-0.0005188
-0.0097351
-0.011078
-0.010101
-0.016541
-0.017334
-0.010223
-0.01004
-0.0053406
0.0024109
-0.00021362
0.0091248
0.0057678
-0.0046387
-0.0018616
-0.0037231
-0.0098267
-0.0056763
-0.0032654
0.0044861
0.019897
0.026001
0.025299
0.0177
0.013
0.0093689
0.0090637
0.0083008
-0.0005188
-0.0049133
-0.0032959
-0.0060425
-0.01709
-0.024506
-0.024292
-0.023315
-0.020447
-0.013275
-0.0014954
0.013123
0.019836
0.024445
0.033478
0.028809
0.019806
0.020599
0.018707
0.0073242
-0.00076294
-0.0021362
-0.0028687
-0.0049744
-0.0050964
-0.01001
-0.014923
-0.011017
-0.01181
-0.018036
-0.014313
-0.0034485
0.0080872
0.017365
0.016663
0.0082092
0.0054932
0.0045776
-0.0097961
