-0.035217
-0.031738
-0.024231
-0.014832
-0.0072632
-0.00024414
0.0072021
0.010254
0.012421
0.016937
0.019135
0.016968
0.014099
0.012299
0.0096436
0.0075073
0.0042419
-6.1035e-05
-0.0023804
-0.0039062
-0.0056458
-0.0068359
-0.0066223
-0.0075073
-0.0072021
-0.0049438
-0.0028992
-0.00091553
0.0014954
0.0059509
0.0079956
0.0095215
0.010773
0.011444
0.0097961
0.0089722
0.0057983
-0.0023193
-0.0041199
-0.0059509
-0.0063477
-0.0074768
-0.0085144
-0.0082703
-0.0014038
0.0040894
0.0061951
0.010773
0.01178
0.014343
0.018982
0.020905
0.016754
0.014465
0.012177
0.0084534
0.0064392
0.0013733
-0.007782
-0.012665
-0.011963
-0.014557
-0.019196
-0.021759
-0.022125
-0.020416
-0.016022
-0.012817
-0.011719
-0.0096741
-0.005188
-0.0032349
0.00076294
0.0018921
-0.0018921
0.0027771
0.0020752
-0.008667
0.0007019
0.00057983
-0.005188
0.0063782
0.0070496
0.0012512
0.012451
0.013672
0.0030212
0.0062561
-0.0086975
-0.018066
-0.020721
-0.018555
-0.029572
-0.028931
-0.021423
-0.012451
0.0039062
0.02066
0.032166
0.038086
0.056641
0.06955
0.073486
0.072418
0.067841
0.056915
0.04834
0.040344
0.021027
-0.0011597
-0.020233
-0.034363
-0.048828
-0.059082
-0.068054
-0.073669
-0.07019
-0.062134
-0.055511
-0.048187
-0.037415
-0.02536
-0.01239
0.00018311
0.0087891
0.013123
0.02066
0.028931
0.031952
0.031525
0.02887
0.021667
0.015289
0.011749
0.0046692
-0.0028687
-0.0093994
-0.014679
-0.019104
-0.018829
-0.017303
-0.016785
-0.014252
-0.011932
-0.0076904
-0.00042725
0.0093384
0.014374
0.015015
0.018921
0.02301
0.023682
0.021729
0.020813
0.0011902
-0.0016174
0.00042725
-0.010498
-0.002655
-0.0074463
-0.016602
0.0010681
0.015869
0.0065918
0.019318
0.018341
0.0067139
0.026611
0.030182
0.010376
0.009613
0.010254
-0.0016479
0.0036011
-0.0014038
-0.021271
-0.025391
-0.023346
-0.02536
-0.024658
-0.028015
-0.030243
-0.021484
-0.013916
-0.0080872
-0.0045166
-0.0081482
-0.0012817
0.0067749
0.0030823
0.0020752
0.0011597
-0.0031433
0.0040283
0.0079651
-0.0016479
-0.005127
-0.0021362
-0.0062866
-0.011108
-0.025421
-0.029755
-0.040283
-0.033173
-0.023651
-0.034485
-0.023071
0.0020752
0.015381
0.035431
0.064941
0.063751
0.077667
0.1058
0.10455
0.098358
0.096893
0.079834
0.05896
0.048798
0.025208
-0.0061646
-0.031128
-0.049225
-0.06781
-0.082062
-0.088196
-0.09317
-0.095001
-0.084442
-0.068146
-0.05896
-0.047791
-0.028961
-0.016388
-0.0021667
0.016754
0.022736
0.025146
0.036224
0.038177
0.035339
0.034943
0.025421
0.013672
0.0090637
0.0027161
-0.0090637
-0.017761
-0.022797
-0.025879
-0.026337
-0.024445
-0.022705
-0.02182
-0.014832
-0.0061035
-0.00036621
0.0067444
0.01593
0.022186
0.027069
0.0336
0.034607
0.030518
0.026947
0.021057
0.0098267
0.0036621
0.00082397
-0.0049133
-0.0054016
-0.0057068
-0.004425
0.0013123
0.006958
0.0089111
0.010803
0.011383
0.013794
0.016724
0.014008
0.010803
0.0080261
0.0057373
0.0031128
-0.0016785
-0.010498
-0.015289
-0.018005
-0.021027
-0.022919
-0.024597
-0.024597
-0.023315
-0.016998
-0.014648
-0.012146
-0.009491
-0.0075989
-0.0042114
-0.0011902
-0.0012512
-0.00054932
0.003479
0.0020752
0.0037231
0.003418
-0.0010681
-0.0021362
-0.002533
-0.013367
-0.03067
-0.026611
-0.04541
-0.043915
-0.028137
-0.045197
-0.034119
-0.0028992
0.0062561
0.024536
0.062042
0.063141
0.079651
0.11145
0.11295
0.10873
0.11005
0.09552
0.07547
0.062958
0.037201
0.0074768
-0.021881
-0.042908
-0.058899
-0.077179
-0.089417
-0.093018
-0.098663
-0.094116
-0.077606
-0.071564
-0.062775
-0.041473
-0.026703
-0.014282
0.0055542
0.017181
0.020447
0.030121
0.037048
0.037292
0.036804
0.031219
0.021698
0.015625
0.01123
0.0026855
-0.0067139
-0.015472
-0.019775
-0.020813
-0.022614
-0.025696
-0.025543
-0.019623
-0.0090942
-0.0032959
-0.0031738
-0.00042725
0.014496
0.026794
0.03006
0.028839
0.021118
0.035248
0.042084
0.0354
0.024139
0.013428
0.014465
0.018677
0.011902
-0.0043335
-0.0083008
-0.0097351
-0.0026245
-0.003479
-0.016083
-0.020355
-0.014038
-0.010864
-0.011963
-0.014557
-0.019073
-0.012451
-0.0049744
-0.002655
-0.0079346
-0.0080566
0.00042725
0.0064697
0.0048523
0.0022888
0.0062866
0.0035706
0.0081482
0.0083618
-0.0019226
-0.0065002
-0.0066833
-0.0091248
-0.022308
-0.024475
-0.022339
-0.025055
-0.034363
-0.030853
-0.073883
-0.10724
-0.059235
-0.045624
-0.04071
-0.010498
0.029755
0.064758
0.13464
0.16501
0.13312
0.13132
0.14288
0.11697
0.077057
0.047302
-0.015289
-0.047211
-0.038025
-0.05603
-0.086578
-0.071503
-0.051025
-0.042603
-0.013855
-0.0015564
-0.01059
0.011047
0.034058
0.010712
-0.009491
-0.0097656
-0.030579
-0.044708
-0.042664
-0.059387
-0.068573
-0.043121
-0.027618
-0.02475
-0.0057678
0.013611
0.01889
0.031189
0.033203
0.014008
0.0038147
0.0048828
-0.0093689
-0.022888
-0.021698
-0.024475
-0.024078
-0.0073547
0.0037231
0.0049438
0.020081
0.032135
0.034698
0.040375
0.036133
0.024323
0.0033569
0.0081787
0.0090942
-0.0036621
0.0021667
0.011475
0.012146
0.023865
0.036041
0.020355
0.016785
0.021973
0.0065002
-0.0031738
-0.0034485
-0.014282
-0.01828
-0.009613
-0.011414
-0.021454
-0.017548
-0.0079346
-0.022217
-0.026367
-0.019073
-0.019806
-0.01709
-0.0091553
-0.010468
-0.0092468
0.0055542
0.0030212
-0.0059509
-0.0025024
0.00088501
-0.011047
-0.014038
-0.014404
-0.017548
-0.0027466
-0.014221
-0.022919
-0.06131
-0.13217
-0.080719
-0.020782
-0.02179
0.00177
0.07309
0.11188
0.17087
0.20816
0.14325
0.1001
0.10123
0.059814
-0.0159
-0.041504
-0.078278
-0.092316
-0.054138
-0.036133
-0.037628
0.0028076
0.045807
0.041473
0.041962
0.030548
-0.0022888
-0.023315
-0.033386
-0.062469
-0.083313
-0.072754
-0.063568
-0.053375
-0.028076
-0.003418
0.012238
0.036316
0.044891
0.033264
0.026672
0.0224
0.00064087
-0.021942
-0.035431
-0.052338
-0.058105
-0.046844
-0.0383
-0.033112
-0.012451
-0.0021973
0.003418
0.034363
0.043304
0.018341
0.0075073
0.0093689
-0.014343
-0.0031738
0.013458
-0.010101
0.0032959
0.046661
0.053436
0.052094
0.066528
0.047455
0.036194
0.042755
0.020905
-0.006073
-0.0014038
-0.0039062
-0.01944
-0.015442
-0.018311
-0.026245
-0.019806
-0.013428
-0.018768
-0.019653
-0.010864
-0.004303
-0.0036316
-0.00076294
0.0038452
-0.0046997
-0.0053711
0.0014038
-0.012421
-0.029968
-0.026154
-0.019257
-0.033478
-0.034637
-0.024445
-0.021362
-0.019867
-0.018188
-0.053497
-0.13687
-0.11682
-0.030884
-0.015045
0.0011902
0.06781
0.12344
0.18085
0.22769
0.18011
0.10419
0.094727
0.06189
-0.0081787
-0.052094
-0.074799
-0.092834
-0.05603
-0.015625
-0.0065613
0.015106
0.06076
0.065369
0.040405
0.018585
-0.017365
-0.055298
-0.069458
-0.08847
-0.11041
-0.096588
-0.061707
-0.039795
-0.012726
0.019012
0.034607
0.046997
0.055054
0.038055
0.015259
0.0055847
-0.0082092
-0.034088
-0.046844
-0.048309
-0.040649
-0.024078
-0.0048828
0.0080566
0.015015
0.013733
0.031769
0.039215
0.016632
-0.0010376
-0.0080872
-0.014984
-0.018707
-0.041168
-0.062531
-0.027466
0.0090942
0.016968
0.033997
0.055298
0.066254
0.076538
0.069366
0.028259
0.0079346
0.0081482
-0.0045166
-0.020172
-0.013824
-0.006897
0.0023804
0.0097656
0.0067444
0.0075378
0.014923
0.0062256
-0.015167
-0.021637
-0.012268
-0.011475
-0.020142
-0.020691
-0.017975
-0.024231
-0.027191
-0.035492
-0.039062
-0.028839
-0.020569
-0.019104
-0.020142
-0.024353
-0.025146
-0.083099
-0.15738
-0.091766
-0.017609
-0.010071
0.025513
0.10361
0.15948
0.2114
0.22015
0.14954
0.093964
0.07016
0.023804
-0.042511
-0.078766
-0.099365
-0.081421
-0.032654
-0.0059509
0.013855
0.048706
0.0755
0.066345
0.04245
0.0007019
-0.032715
-0.054688
-0.075989
-0.089752
-0.086548
-0.068756
-0.039886
-0.0090332
0.0097656
0.029938
0.045349
0.043793
0.02121
0.00088501
-0.018463
-0.039215
-0.051636
-0.053558
-0.055664
-0.049133
-0.028137
-0.0065002
0.0063171
0.019104
0.034912
0.035889
0.036987
0.033203
0.0087585
-0.015686
-0.021393
-0.026611
-0.025299
-0.012054
-0.0027466
0.016632
0.044952
0.05545
0.051422
0.04715
0.036499
0.017609
0.0038147
-0.0092468
-0.016357
-0.015015
-0.011047
-0.0085449
0.0020447
0.010681
0.0075073
0.0080566
0.0042419
0.0010071
0.0020447
0.0010071
-0.00079346
0.0039368
0.011292
0.0087585
-0.00067139
-0.01297
-0.022919
-0.035675
-0.048218
-0.044464
-0.045807
-0.037445
-0.037506
-0.05954
-0.108
-0.17789
-0.11496
-0.034607
-0.018463
0.01474
0.1066
0.1796
0.23419
0.24127
0.16937
0.11249
0.089935
0.040771
-0.028015
-0.071533
-0.094452
-0.082947
-0.034027
-0.0090027
0.010559
0.051239
0.078979
0.05957
0.032715
-0.0082092
-0.056152
-0.08313
-0.098755
-0.11774
-0.1152
-0.082428
-0.045319
-0.009613
0.025055
0.04837
0.065521
0.074707
0.061432
0.025513
-0.0031738
-0.0087891
-0.032104
-0.056061
-0.051178
-0.040833
-0.029999
-0.0095825
0.00082397
0.0015259
0.023529
0.032593
0.009491
-0.008606
-0.012115
-0.018097
-0.021027
-0.020386
-0.027222
-0.012543
0.010345
0.017303
0.024963
0.039978
0.044281
0.041565
0.044342
0.034698
0.027374
0.026154
0.012787
-0.0026855
-0.0050049
-0.0075073
-0.013702
-0.010864
-0.020874
-0.02356
-0.006012
0.0050049
0.0010376
0.0022278
-0.00042725
0.00057983
0.0052185
-0.0080872
-0.025482
-0.024719
-0.029327
-0.038025
-0.022583
-0.0021362
-0.022522
-0.068512
-0.19046
-0.18085
-0.067017
-0.026001
-0.033325
0.045654
0.13446
0.22406
0.27127
0.20496
0.10687
0.088898
0.059082
-0.011017
-0.063904
-0.09549
-0.09549
-0.034973
0.0031738
-0.00082397
0.02597
0.075134
0.074799
0.050934
0.018738
-0.0336
-0.061249
-0.063263
-0.084198
-0.1059
-0.089294
-0.060638
-0.038208
-0.011292
0.010162
0.017273
0.046417
0.065399
0.031982
0.011078
0.014221
-0.0044556
-0.024841
-0.030029
-0.048981
-0.050446
-0.020874
-0.008606
-0.0097961
0.00354
0.0093384
0.011322
0.026703
0.023621
0.0036316
0.0050964
0.0091553
6.1035e-05
-0.00018311
0.00018311
-0.0051575
0.0065613
0.023041
0.023376
0.021576
0.025238
0.02301
0.014557
0.0029602
-0.006958
-0.010498
-0.011139
-0.016571
-0.022125
-0.016235
-0.011871
-0.0099487
-0.0090027
-0.0021057
0.011475
0.019409
0.011078
0.0092163
0.017456
0.0092773
0.0028687
-0.0063782
-0.019531
-0.029449
-0.010132
-0.062866
-0.24231
-0.21497
-0.0914
-0.064331
-0.04953
0.043945
0.1011
0.2244
0.31857
0.23669
0.12927
0.13196
0.087921
0.0087891
-0.038361
-0.095123
-0.12683
-0.053345
-0.0099792
-0.018494
0.017944
0.072296
0.067719
0.056091
0.031952
-0.032013
-0.069519
-0.070129
-0.099762
-0.12982
-0.11102
-0.080658
-0.054474
-0.013641
0.0092468
0.020905
0.050568
0.063019
0.033295
0.019836
0.017334
-0.002594
-0.019867
-0.022064
-0.042969
-0.044281
-0.01828
-0.031097
-0.03421
0.0097961
0.030884
0.030151
0.05481
0.056396
0.046173
0.056671
0.044739
0.0034485
-0.006958
-0.0092163
-0.026459
-0.020386
-0.0049438
-0.0083008
0.00067139
0.027039
0.027649
0.015594
0.01886
0.0072632
-0.016937
-0.026276
-0.03183
-0.047333
-0.045532
-0.037781
-0.04361
-0.038177
-0.0096436
-0.0010071
-0.0028687
0.014923
0.035736
0.056976
0.060852
0.096405
-0.022461
-0.22174
-0.18692
-0.1264
-0.16333
-0.11636
-0.034119
0.0090027
0.18677
0.32617
0.24649
0.1712
0.19409
0.12939
0.058411
0.007782
-0.080292
-0.11954
-0.049652
-0.032898
-0.043213
0.0041199
0.055054
0.061096
0.074249
0.05127
-0.020935
-0.051849
-0.04541
-0.075745
-0.11005
-0.10187
-0.093506
-0.084412
-0.049469
-0.037811
-0.03183
0.0083008
0.039246
0.026398
0.027954
0.033539
0.023956
0.017517
-0.0019836
-0.039093
-0.050201
-0.035248
-0.027344
-0.023438
-0.0065918
0.017578
0.045074
0.064453
0.065674
0.055084
0.046631
0.038452
0.029938
0.016144
-0.0053711
-0.018066
-0.011505
-0.00085449
-0.0016174
-0.0075073
-0.0057373
-0.00042725
0.00045776
-0.0057983
-0.0080566
-0.0066528
-0.0057678
-0.01416
-0.027466
-0.030426
-0.034637
-0.041168
-0.050018
-0.037781
-0.023865
0.0023193
0.030884
0.06427
0.004364
-0.078796
-0.096954
-0.088257
-0.10071
-0.088257
-0.085236
-0.048828
0.058441
0.16876
0.17831
0.16183
0.16492
0.16428
0.14371
0.10629
0.032684
-0.018036
-0.018829
-0.01535
-0.035156
-0.038696
-0.026611
-0.012054
0.004364
0.0089417
-0.015137
-0.027985
-0.022766
-0.029816
-0.051544
-0.05484
-0.058472
-0.059326
-0.052856
-0.048676
-0.053925
-0.044403
-0.029694
-0.0092468
0.014832
0.024872
0.02356
0.033844
0.042206
0.033844
0.020905
0.0046387
-0.0097046
-0.014526
-0.014282
-0.018005
-0.017822
-0.012512
0.0065613
0.017944
0.016815
0.019348
0.02536
0.018372
0.0040894
-0.0031128
-0.011841
-0.011536
-0.0055847
-0.010498
-0.018494
-0.012665
-0.0037231
0.00094604
0.0059509
0.0033569
0.00033569
0.0032043
0.01474
0.014648
0.006134
-0.0028381
0.0053101
0.0058594
-0.024811
-0.037628
-0.03421
-0.034912
-0.025665
-0.020569
-0.035645
-0.026459
0.01416
0.033447
0.032135
0.034882
0.041748
0.051727
0.066376
0.067047
0.049652
0.03598
0.032043
0.026367
0.025452
0.022491
0.011841
-0.0015259
-0.011047
-0.020111
-0.031616
-0.039429
-0.038849
-0.035431
-0.027222
-0.014313
-0.0092468
-0.012939
-0.013
-0.012024
-0.016815
-0.022369
-0.027405
-0.028564
-0.017517
-0.005188
0.004364
0.013062
0.022797
0.023438
0.019073
0.012146
-0.0023499
-0.0052185
-0.0082092
-0.013611
-0.012329
-0.0046082
0.0016785
0.0084534
0.0079041
-0.0099182
-0.0098267
-0.0090942
-0.015808
-0.021606
-0.019348
-0.0084229
-0.0052185
0.012115
0.016571
0.0095215
0.008728
0.0064392
0.0066223
0.0028687
-0.0037231
-0.01178
-0.011597
-0.0012817
0.00018311
0.0058289
0.0057678
0.010468
0.014862
0.017639
0.012634
0.012115
0.0080566
-0.0039673
-0.0065613
-0.0067444
-0.0013123
0.0040283
0.010803
0.0086365
0.017883
0.028503
0.026611
0.025116
0.016144
0.0077515
0.0076599
0.014252
-3.0518e-05
-0.0079651
-0.0075989
-0.013824
-0.017548
-0.015503
-0.019165
-0.027802
-0.010468
0.0031738
-0.00076294
-0.0090027
-0.0073853
-0.0046082
-0.0013428
-0.0017395
-0.016022
