-0.0019531
0.0012207
6.1035e-05
0.0038147
0.0059814
0.0053406
0.0072021
0.0088196
0.006897
0.0087585
0.0075378
0.0048523
0.003418
0.0021973
-0.0022583
-0.0048523
-0.0064087
-0.0090027
-0.010162
-0.01001
-0.010162
-0.0094299
-0.0065918
-0.004425
-0.0010986
0.0021057
0.0054626
0.0090942
0.012421
0.014923
0.016846
0.017487
0.017487
0.016083
0.01358
0.010529
0.0066833
0.0022278
-0.0020447
-0.0064697
-0.011719
-0.015533
-0.018372
-0.020142
-0.021698
-0.020721
-0.018402
-0.016113
-0.012115
-0.0071106
-0.0020447
0.0032043
0.0084839
0.01239
0.015839
0.018738
0.019806
0.019409
0.018768
0.016632
0.01297
0.0098267
0.0057373
0.00036621
-0.0037842
-0.006958
-0.01123
-0.01358
-0.013458
-0.014313
-0.014404
-0.011963
-0.010101
-0.0080872
-0.0041809
-0.0022583
-0.0013733
0.0014038
0.0018311
0.0019226
0.0025635
0.0012512
-0.00048828
-0.0013733
-0.0043945
-0.0084229
-0.010437
-0.014954
-0.021851
-0.024353
-0.026489
-0.031097
-0.026642
-0.025055
-0.02417
-0.012695
0.00094604
0.0065308
0.022583
0.039062
0.04483
0.058685
0.072571
0.071747
0.071533
0.076172
0.063446
0.051331
0.044861
0.027252
0.0059204
-0.0042114
-0.020386
-0.03949
-0.046387
-0.05307
-0.063049
-0.064178
-0.058044
-0.057617
-0.052643
-0.041595
-0.032959
-0.025757
-0.012512
-0.0013428
0.0042419
0.012299
0.02066
0.023987
0.025391
0.028107
0.025787
0.021484
0.018646
0.013885
0.005188
-0.0007019
-0.0053101
-0.011902
-0.016327
-0.018036
-0.019684
-0.02121
-0.017792
-0.013916
-0.01062
-0.0048218
0.0018311
0.0062256
0.01123
0.016754
0.019196
0.021088
0.023193
0.022522
0.019806
0.018646
0.014954
0.0088501
0.0040283
-0.0011292
-0.0066833
-0.011536
-0.016693
-0.019836
-0.020874
-0.019684
-0.016571
-0.012177
-0.0072937
-0.0010071
0.0057373
0.010437
0.014709
0.017303
0.017853
0.018158
0.017578
0.014313
0.012329
0.011292
0.0085754
0.0063477
0.0049438
0.0025024
-0.00045776
-0.0038757
-0.0079346
-0.012299
-0.015533
-0.017731
-0.01886
-0.020477
-0.016663
-0.013824
-0.012451
-0.0045471
-0.0012817
-0.0039978
-0.00082397
0.0013733
-0.0032654
-0.0078735
-0.01123
-0.020142
-0.026245
-0.026703
-0.029785
-0.049225
-0.048798
-0.029114
-0.023468
-0.011719
0.011932
0.02887
0.047119
0.086639
0.10001
0.091431
0.093506
0.093292
0.07373
0.054321
0.031555
-0.0083923
-0.029602
-0.034119
-0.046387
-0.059631
-0.053284
-0.047638
-0.034149
-0.0099792
0.0014648
0.00082397
0.010529
0.018738
0.012512
0.0040588
-0.0082703
-0.025269
-0.033203
-0.033081
-0.040466
-0.046356
-0.03775
-0.025055
-0.011963
0.0033569
0.012085
0.016479
0.027802
0.03421
0.027893
0.018402
0.0084229
-0.0028381
-0.0088501
-0.013062
-0.023071
-0.026276
-0.017059
-0.0096741
-0.0030212
0.0074768
0.0069885
0.0094299
0.026428
0.02533
0.013214
0.016052
0.016785
0.011169
0.015015
0.011017
-0.0045166
-0.00015259
0.010834
0.005188
-0.0007019
0.0046692
0.0029297
0.0076904
0.015015
0.0054626
-0.0040588
0.0011597
0.0036316
-0.0013123
-0.0068359
-0.014832
-0.01416
-0.010498
-0.0092163
-0.011597
-0.013367
-0.0073853
-0.0041809
-0.0036621
-0.0054016
-0.012085
-0.014008
-0.015686
-0.019287
-0.038147
-0.052032
-0.035004
-0.026733
-0.10385
-0.10458
-0.029785
-0.028046
-0.014252
0.051331
0.069855
0.094635
0.17792
0.17947
0.12228
0.11002
0.091278
0.04126
0.011902
-0.031921
-0.094849
-0.089081
-0.060638
-0.054626
-0.042175
-0.012695
0.011322
0.049438
0.07193
0.047974
0.022522
0.016327
-0.0033569
-0.036865
-0.065155
-0.09259
-0.09491
-0.07016
-0.05368
-0.042297
-0.012177
0.020294
0.04425
0.064545
0.061188
0.040314
0.030212
0.018311
-0.013123
-0.042542
-0.058472
-0.066986
-0.061462
-0.046631
-0.03537
-0.01709
0.012207
0.032196
0.029663
0.031494
0.030853
0.023926
0.011017
-0.0042114
-0.0019836
0.0071106
0.013397
0.022552
0.031921
0.036743
0.045197
0.046631
0.031128
0.019684
0.010284
0.0039673
-0.00064087
-0.0082703
-0.010895
-0.0078125
-0.008606
-0.012756
-0.016937
-0.018524
-0.020538
-0.022858
-0.026611
-0.02002
-0.012054
-0.013672
-0.0043945
-0.0028076
-0.018494
-0.021271
-0.019501
-0.052277
-0.04538
-0.084015
-0.19287
-0.11929
-0.03775
-0.051117
-0.0023193
0.085968
0.1105
0.19193
0.26996
0.19775
0.14618
0.14542
0.080383
0.00082397
-0.028229
-0.11188
-0.15735
-0.099792
-0.073181
-0.079468
-0.025879
0.0336
0.061859
0.10526
0.10205
0.045593
0.020386
0.016388
-0.03891
-0.093719
-0.11499
-0.13556
-0.12332
-0.076019
-0.052094
-0.030182
0.030334
0.075073
0.0867
0.096405
0.085266
0.052368
0.030396
0.0043335
-0.043915
-0.074921
-0.080017
-0.077759
-0.065308
-0.041931
-0.022064
0.01181
0.044983
0.047699
0.017242
0.0040588
0.035797
0.032715
0.010284
0.013336
0.0052795
0.01004
0.037781
0.030212
-0.0040588
0.0056763
0.010498
0.0040894
0.0065308
0.00033569
-0.0082092
0.013428
0.021362
0.0023499
0.0050354
0.0033875
-0.017883
-0.015167
-0.010681
-0.033051
-0.030182
-0.0075989
-0.0020142
0.008667
0.019897
0.0097656
-0.017181
-0.019257
-0.051483
-0.070496
-0.15833
-0.22827
-0.13962
-0.090912
-0.07486
0.013184
0.09201
0.14005
0.25784
0.30338
0.22214
0.18552
0.16354
0.079834
0.0019226
-0.057495
-0.15906
-0.17654
-0.11813
-0.1011
-0.089478
-0.015472
0.041962
0.079407
0.13025
0.11816
0.063873
0.040955
0.020935
-0.046753
-0.10461
-0.13531
-0.1557
-0.13635
-0.090179
-0.06662
-0.031433
0.035187
0.081726
0.10608
0.11703
0.095673
0.063904
0.048492
0.011963
-0.050232
-0.088318
-0.096588
-0.095734
-0.079987
-0.057892
-0.035583
0.0031738
0.031006
0.042999
0.060547
0.062836
0.048126
0.044647
0.030548
0.0035706
-0.00057983
0.002655
-0.0038452
-0.004303
0.0010986
0.0054932
0.016815
0.026978
0.021271
0.011292
0.011475
0.011688
0.0028076
-0.0072937
-0.020508
-0.035248
-0.034485
-0.035828
-0.03479
-0.024994
-0.01416
-0.0041504
0.020447
0.024597
0.015869
0.0056763
-0.032104
-0.032898
-0.12625
-0.2486
-0.16165
-0.10718
-0.12854
-0.025452
0.078979
0.10745
0.2395
0.33704
0.26297
0.22098
0.22244
0.12436
0.026947
-0.019806
-0.13663
-0.20703
-0.16092
-0.1366
-0.1347
-0.060272
0.011566
0.053009
0.11609
0.14011
0.099396
0.070343
0.055756
-0.010315
-0.077454
-0.1145
-0.15295
-0.16306
-0.13058
-0.099945
-0.069824
-0.012146
0.048767
0.087219
0.11011
0.1145
0.092773
0.066162
0.037476
-0.010803
-0.060791
-0.084991
-0.092316
-0.087128
-0.070892
-0.048462
-0.025391
0.0022583
0.040833
0.056946
0.057281
0.070679
0.07663
0.061615
0.051208
0.04068
0.021454
0.011719
0.0048523
-0.015961
-0.02652
-0.019104
-0.017914
-0.010956
-0.00039673
-0.0036011
0.00094604
0.0092773
0.0015564
-0.0025024
-0.010437
-0.028656
-0.034912
-0.02597
-0.03241
-0.037292
-0.017914
-0.00354
0.011322
0.013062
-0.017334
-0.04364
-0.1749
-0.20538
-0.12439
-0.1272
-0.12656
-0.0097351
0.05661
0.12985
0.27466
0.30807
0.24057
0.24625
0.2309
0.13062
0.055298
-0.016235
-0.13071
-0.16681
-0.14297
-0.15005
-0.1424
-0.068726
-0.017242
0.025391
0.088135
0.10892
0.080872
0.079254
0.071442
0.012299
-0.044769
-0.076294
-0.11401
-0.13202
-0.1188
-0.11176
-0.089233
-0.040314
-0.0026245
0.027496
0.067749
0.087097
0.077057
0.072357
0.063477
0.031464
-0.004425
-0.037201
-0.072845
-0.098419
-0.095795
-0.079224
-0.056885
-0.026459
0.013824
0.056152
0.090302
0.11075
0.11615
0.10358
0.0755
0.046265
0.021637
0.0035095
-0.013428
-0.033386
-0.039642
-0.033142
-0.028839
-0.020447
-0.011169
-0.011658
-0.01358
-0.012024
-0.012299
-0.013794
-0.017303
-0.021454
-0.020599
-0.018616
-0.015747
-0.016235
-0.0159
0.0010681
0.047668
-0.054901
-0.26474
-0.22272
-0.0784
-0.12689
-0.098694
0.022736
0.025024
0.13153
0.34381
0.30954
0.19824
0.2287
0.2038
0.10284
0.079071
-0.0029907
-0.14032
-0.14215
-0.09201
-0.1225
-0.10852
-0.047333
-0.028625
0.0026855
0.060303
0.052368
0.010284
-0.014526
-0.0015564
-0.0090637
-0.050079
-0.054108
-0.036896
-0.055969
-0.035645
0.010559
-3.0518e-05
-0.010376
0.016785
0.021576
0.015289
0.03009
0.020325
-0.00036621
-0.00082397
-0.017151
-0.037048
-0.036346
-0.046448
-0.060699
-0.051971
-0.038208
-0.022156
0.0049744
0.019562
0.031433
0.04483
0.056
0.060913
0.059845
0.0401
0.028137
0.026337
0.017761
0.00082397
-0.0081177
-0.01297
-0.0177
-0.018829
-0.016083
-0.01889
-0.013611
-0.0034485
-0.0024109
-0.0039062
-0.0041809
-0.0074463
-0.011444
-0.008606
-0.0063782
-0.015076
-0.012817
0.017761
0.059814
0.029236
-0.082245
-0.10739
-0.079041
-0.11523
-0.11899
-0.077148
-0.073792
-0.023407
0.098419
0.14981
0.13986
0.16718
0.18521
0.15918
0.14017
0.098846
0.028534
-0.006958
-0.021576
-0.0513
-0.069244
-0.058716
-0.050049
-0.044037
-0.02478
-0.01358
-0.022583
-0.025299
-0.017548
-0.026917
-0.033722
-0.028381
-0.034454
-0.0383
-0.022308
-0.016815
-0.017578
-0.012146
-0.010223
-0.0074463
-0.0043945
-0.0069275
-0.0084534
0.0043335
0.012177
0.0079651
0.012451
0.020172
0.015198
0.014221
0.015778
0.0028992
-0.0064392
-0.00067139
0.00024414
-0.0027161
0.0066833
0.013733
0.010315
0.013397
0.014343
0.014252
0.013184
0.0065002
-0.0042419
-0.0098877
-0.012848
-0.018982
-0.023529
-0.018188
-0.012024
-0.0064697
0.0029602
0.0061951
-0.00067139
0.0010071
0.0052185
-0.0023193
-0.010223
-0.0090027
-0.011139
-0.011444
0.0011292
0.013824
0.029449
0.034393
0.013031
0.0078125
0.01593
-0.0019226
-0.023651
-0.029114
-0.03714
-0.041412
-0.02475
-0.019531
-0.027222
-0.0038757
0.027069
0.038361
0.048492
0.056213
0.045135
0.046906
0.051575
0.034607
0.012329
0.010223
0.0079041
-0.00030518
-0.0022278
-0.0037537
-0.013031
-0.021484
-0.020294
-0.026794
-0.031281
-0.024261
-0.02301
-0.024567
-0.01709
-0.0079346
-0.0047302
0.0075378
0.012146
0.0027161
-0.0039673
0.0012817
0.0054321
-0.0045471
-0.011475
-0.010742
-0.006958
-0.00097656
0.0025024
0.0016479
-0.0040588
-0.0016174
0.0042114
0.00015259
-0.0028076
-0.00054932
-0.0012512
-0.0032654
-0.0031738
-0.0012512
0.0023193
0.00085449
0.00073242
-0.0075989
-0.010681
-0.0088501
-0.011688
-0.012878
-0.00354
-0.0020142
-0.0031128
0.01001
0.016266
0.012665
0.021942
0.026154
0.0045471
-0.010834
-0.0021057
-0.00088501
0.00354
0.010986
0.0039062
-0.0089722
-0.005188
0.007782
-0.00177
-0.0065613
0.0082703
0.017761
0.02182
0.033325
0.027222
0.0065918
-0.00045776
-0.012817
-0.032135
-0.029816
-0.030121
-0.030182
-0.017548
-0.0074768
-0.0058899
-0.004364
0.011505
0.010681
0.0030212
0.015381
0.019531
0.0054932
0.0013123
0.0099487
0.0067139
0.00045776
0.00021362
0.0027161
-0.0027771
0.00033569
-0.0052795
