-0.012482
-0.013794
-0.014801
-0.014221
-0.013519
-0.011261
-0.0072327
-0.0031128
0.0024109
0.0090332
0.014191
0.019073
0.024139
0.027069
0.028503
0.028564
0.026703
0.022644
0.01712
0.010559
0.0036926
-0.0032349
-0.0095825
-0.015137
-0.020111
-0.023163
-0.024475
-0.025665
-0.024567
-0.020935
-0.018829
-0.015076
-0.010132
-0.0062866
-0.0015869
0.0028687
0.0062561
0.008667
0.010498
0.010834
0.011047
0.010681
0.0076904
0.0047607
0.0024719
-0.0014954
-0.0043335
-0.0062866
-0.0091858
-0.0097046
-0.0091858
-0.008728
-0.0052185
-0.0021362
0.00094604
0.007019
0.011322
0.013977
0.018738
0.021393
0.021088
0.022278
0.021759
0.017578
0.014526
0.01059
0.0033875
-0.0010376
-0.0047302
-0.011688
-0.013885
-0.01532
-0.01947
-0.018524
-0.017822
-0.019073
-0.016144
-0.014038
-0.01355
-0.011597
-0.0086365
-0.0081787
-0.0058899
-0.0044861
-0.0059509
-0.0062256
-0.0057983
-0.014618
-0.016602
-0.016144
-0.027893
-0.021881
-0.020905
-0.025391
-0.013275
0.00033569
0.00073242
0.0224
0.037628
0.039276
0.059265
0.072815
0.069061
0.074127
0.07901
0.062347
0.057312
0.050232
0.028046
0.0093689
-0.00036621
-0.020905
-0.037811
-0.044861
-0.057312
-0.066467
-0.065338
-0.063568
-0.063721
-0.055023
-0.045868
-0.036774
-0.024719
-0.012146
-0.001709
0.0071716
0.016754
0.024445
0.027893
0.03186
0.033112
0.029327
0.02652
0.023315
0.015778
0.0079956
0.0018921
-0.0065002
-0.013214
-0.016815
-0.020538
-0.023834
-0.022888
-0.021515
-0.019318
-0.014679
-0.0096741
-0.0054321
0.00057983
0.0073242
0.011475
0.015167
0.018341
0.019196
0.018311
0.018005
0.014435
0.011261
0.0066833
0.0019531
-0.0013123
-0.0038452
-0.006134
-0.0066528
-0.0057373
-0.0052795
-0.0012207
0.00088501
0.0042419
0.0087891
0.011505
0.013824
0.016754
0.016541
0.015076
0.014496
0.011139
0.0075073
0.0039368
-0.00012207
-0.0054626
-0.0086975
-0.012634
-0.01593
-0.017456
-0.019257
-0.021179
-0.020935
-0.019501
-0.020142
-0.017914
-0.014648
-0.012634
-0.0095215
-0.0038757
-0.0033569
0.00021362
0.0036316
0.0029602
0.0017395
-0.00048828
-0.00033569
-0.01181
-0.01651
-0.015198
-0.025024
-0.021576
-0.016846
-0.021851
-0.013397
0.0047302
0.0089722
0.027069
0.045502
0.048767
0.063934
0.080414
0.079681
0.077698
0.078522
0.064178
0.054779
0.045288
0.023529
-0.00076294
-0.015503
-0.03418
-0.050354
-0.059296
-0.072906
-0.080688
-0.078003
-0.072418
-0.065033
-0.05304
-0.043976
-0.030029
-0.01123
0.0032654
0.014069
0.022583
0.025482
0.028656
0.033051
0.030121
0.021057
0.013031
0.006012
-0.0013733
-0.006897
-0.013824
-0.022614
-0.02478
-0.020447
-0.018219
-0.013824
-0.0075989
-0.0021973
0.006012
0.016998
0.019836
0.018555
0.01944
0.014343
0.01059
0.0091553
0.0036316
-0.0014343
0.0015564
0.0012512
0.0072937
0.01886
0.021942
0.025787
0.032745
0.03183
0.028351
0.023895
0.012329
-0.0013123
-0.0084229
-0.017059
-0.024292
-0.027069
-0.02832
-0.028259
-0.021088
-0.016693
-0.016022
-0.0088501
-0.0032959
-0.0005188
0.0021057
-0.00048828
0.0031128
0.0065308
-0.0056152
-0.0024719
-0.0032043
-0.019745
-0.0095825
-0.013641
-0.031616
-0.028168
-0.028412
-0.034698
-0.070831
-0.099396
-0.064056
-0.044952
-0.028625
0.0068054
0.032288
0.063721
0.13654
0.17291
0.14908
0.13708
0.12646
0.098053
0.068695
0.028076
-0.045074
-0.079651
-0.072113
-0.078552
-0.085999
-0.067291
-0.048706
-0.013123
0.033081
0.043243
0.032898
0.039551
0.041199
0.022278
-0.0012207
-0.035339
-0.068512
-0.07309
-0.067902
-0.07428
-0.068665
-0.045807
-0.021851
0.0086365
0.034119
0.038696
0.040649
0.048706
0.042755
0.020416
-0.0041809
-0.028564
-0.045807
-0.048798
-0.051697
-0.054016
-0.042389
-0.018494
0.0051575
0.025757
0.040924
0.044708
0.03894
0.032928
0.013336
-0.0072937
-0.00057983
0.0038452
0.0019836
0.015198
0.029541
0.037018
0.0513
0.050812
0.031006
0.023987
0.018616
0.0012817
-0.0061035
-0.0083923
-0.016907
-0.0085754
0.0018616
-0.0045776
-0.0055542
-0.0010376
-0.010284
-0.017944
-0.019257
-0.031647
-0.031677
-0.027954
-0.018829
-0.015259
-0.014465
-0.0073853
-0.0047607
-0.01358
-0.024323
-0.030151
-0.051056
-0.044159
-0.071442
-0.17755
-0.11826
-0.028107
-0.030457
0.01474
0.10025
0.11078
0.17685
0.26633
0.20071
0.12885
0.12082
0.069672
-0.0077515
-0.034027
-0.10666
-0.16275
-0.10538
-0.05484
-0.054657
-0.011749
0.041656
0.062653
0.10248
0.10776
0.044647
-0.0018921
-0.012695
-0.050934
-0.098358
-0.12064
-0.13382
-0.11859
-0.064819
-0.022125
0.00082397
0.040924
0.081146
0.096741
0.095734
0.072968
0.03125
0.0027161
-0.019623
-0.0578
-0.090607
-0.093628
-0.080048
-0.05838
-0.024109
0.0028687
0.022583
0.054688
0.07663
0.069305
0.050934
-0.023773
-0.047821
-0.012787
-0.036072
-0.067139
-0.032959
-0.0091858
0.02356
0.081482
0.077728
0.048462
0.062805
0.066589
0.036469
0.016418
-0.0050659
-0.026154
-0.012482
-0.00061035
-0.019745
-0.014404
0.0098267
0.011353
0.00036621
-0.0041504
-0.018036
-0.02478
-0.0094604
-0.0082092
-0.027985
-0.02478
-0.0061646
-0.010986
-0.023163
-0.015076
-0.040436
-0.072815
-0.056244
-0.051422
-0.18912
-0.20132
-0.064148
-0.039612
-0.014526
0.097351
0.12564
0.15952
0.28516
0.27371
0.14957
0.11331
0.081909
-0.0029907
-0.047668
-0.094513
-0.17438
-0.14383
-0.056854
-0.019196
0.0098572
0.063354
0.097687
0.12833
0.13278
0.070557
-0.01004
-0.054535
-0.0802
-0.1178
-0.15271
-0.16058
-0.12381
-0.062256
-0.0018311
0.039734
0.067657
0.094666
0.11508
0.10718
0.061493
0.0054016
-0.036316
-0.064789
-0.086823
-0.10303
-0.10654
-0.084167
-0.037933
0.0062256
0.035339
0.060547
0.080902
0.085785
0.064758
0.024292
-0.0093384
-0.034637
-0.052704
-0.056519
-0.057922
-0.043213
0.0042419
0.046326
0.060333
0.068817
0.071899
0.060486
0.048096
0.026917
-0.0069885
-0.025482
-0.028961
-0.031952
-0.028564
-0.019135
-0.019379
-0.0093689
0.0097961
0.014252
0.0068054
0.01062
0.015625
0.012177
0.014862
0.0061035
-0.012726
-0.015442
-0.030334
-0.066254
-0.081512
-0.056366
-0.17963
-0.26819
-0.12695
-0.052155
-0.047394
0.068512
0.14255
0.16528
0.28769
0.3299
0.20731
0.13333
0.085236
-0.004303
-0.061798
-0.10358
-0.1864
-0.17261
-0.080688
-0.026184
0.024017
0.081573
0.099976
0.12936
0.14951
0.08017
-0.011292
-0.060944
-0.1044
-0.14288
-0.15524
-0.16821
-0.15308
-0.07782
-0.0063171
0.033905
0.079803
0.11246
0.11279
0.10928
0.082764
0.016998
-0.033142
-0.054413
-0.080383
-0.095856
-0.083282
-0.063232
-0.02536
0.030182
0.05722
0.059967
0.07605
0.074951
0.043854
0.013947
-0.019226
-0.051178
-0.053864
-0.040863
-0.042267
-0.027008
0.01001
0.034302
0.051239
0.058868
0.047943
0.032318
0.022522
0.0039368
-0.012665
-0.019501
-0.025726
-0.025787
-0.013947
-0.0075684
-0.017761
-0.015106
-0.0079956
-0.0057678
0.0007019
0.0090942
0.013458
0.018066
0.030975
0.042389
0.020721
-0.035156
-0.068756
-0.081909
-0.24939
-0.28452
-0.15808
-0.12619
-0.082825
0.078064
0.13913
0.21185
0.36227
0.34961
0.22644
0.19235
0.11118
-0.018951
-0.062927
-0.11792
-0.22757
-0.19254
-0.094116
-0.054749
0.0076599
0.093903
0.1116
0.1358
0.16406
0.095642
-0.0035706
-0.045898
-0.093414
-0.15216
-0.17014
-0.17041
-0.16232
-0.097748
-0.01535
0.030762
0.070557
0.11215
0.11807
0.10654
0.085693
0.030853
-0.024719
-0.046173
-0.062347
-0.083374
-0.085754
-0.075287
-0.055023
-0.016418
0.0086365
0.018951
0.037659
0.051483
0.052979
0.055023
0.049469
0.033417
0.023743
0.018005
0.00097656
-0.0087585
-0.0093994
-0.0057678
-0.0024414
0.0045166
0.011475
0.016296
0.023804
0.029144
0.025146
0.013062
-0.0035095
-0.026215
-0.041229
-0.05014
-0.063629
-0.074463
-0.050751
-0.013733
0.00085449
0.011475
0.032623
0.038177
0.025024
0.038666
-0.11462
-0.27814
-0.20575
-0.13904
-0.15271
-0.042877
0.035065
0.080719
0.26752
0.39722
0.30185
0.23569
0.20312
0.099792
0.028625
-0.017853
-0.16153
-0.22266
-0.14694
-0.096497
-0.070221
0.0056458
0.047485
0.078644
0.13959
0.13312
0.049713
0.0024109
-0.024475
-0.075378
-0.10107
-0.11505
-0.15009
-0.13528
-0.068542
-0.032196
-0.0061951
0.048462
0.071869
0.069824
0.080872
0.063812
0.01358
-0.02243
-0.05246
-0.095367
-0.1058
-0.082794
-0.068359
-0.042938
-0.00061035
0.026306
0.057892
0.090912
0.090302
0.073761
0.066895
0.042938
0.016327
0.010071
-0.0025024
-0.019958
-0.0072632
0.0053101
0.007843
0.021454
0.029816
0.019196
0.016174
0.012573
0.00042725
-0.012665
-0.021606
-0.031433
-0.030304
-0.027954
-0.034821
-0.038666
-0.03952
-0.028168
-0.014801
0.0005188
0.022644
-0.10373
-0.24347
-0.17899
-0.12109
-0.13287
-0.045471
0.0036316
0.029541
0.21106
0.34225
0.2691
0.21976
0.19678
0.1236
0.080292
0.049164
-0.074799
-0.14203
-0.10217
-0.078033
-0.061188
0.0010681
0.021637
0.033142
0.082153
0.088104
0.029724
-0.005249
-0.034485
-0.073303
-0.10269
-0.12057
-0.1373
-0.12183
-0.07312
-0.030365
3.0518e-05
0.028412
0.050201
0.065826
0.073059
0.067993
0.04129
0.014465
0.0012512
-0.023285
-0.048828
-0.056946
-0.061981
-0.058899
-0.039032
-0.021484
-0.011963
0.013763
0.044769
0.048279
0.050812
0.05838
0.049713
0.039581
0.027222
-0.0031128
-0.016418
-0.0067749
-0.00057983
-0.0048828
-0.0084534
-0.0066528
0.0053406
0.01178
0.0099182
0.0046997
-0.00024414
0.0019836
0.0074463
0.0073853
-0.0012207
-0.019714
-0.034882
-0.033447
-0.024963
-0.026917
-0.0018921
0.0050049
-0.11163
-0.15121
-0.095123
-0.10168
-0.09967
-0.026886
-0.019989
0.027466
0.16638
0.20898
0.16815
0.16733
0.14389
0.096466
0.08493
0.051575
-0.022186
-0.045471
-0.030212
-0.030182
-0.023651
-0.007019
-0.012909
-0.014252
0.0056763
0.00061035
-0.026947
-0.037964
-0.039032
-0.047729
-0.046875
-0.048492
-0.057526
-0.064087
-0.041809
-0.020294
-0.017395
-0.014069
0.0031738
0.019653
0.035187
0.037323
0.02301
0.017456
0.020142
0.0040283
-0.0085449
-0.0037231
-0.0087585
-0.0177
-0.0055847
0.0053711
0.0031128
0.011047
0.015564
0.0051575
0.0081787
0.020721
0.016937
0.012604
0.0088501
0.00015259
0.0058289
0.013123
-0.0007019
-0.016541
-0.019501
-0.01828
-0.017975
-0.018646
-0.021332
-0.027344
-0.022766
0.0007019
0.014191
0.011017
0.010254
0.012238
0.0054932
0.016266
0.027557
-0.02298
-0.06012
-0.039917
-0.042603
-0.061646
-0.035645
-0.029694
-0.038483
0.0093384
0.057434
0.054291
0.070129
0.094635
0.083649
0.077271
0.084503
0.056549
0.024628
0.019501
0.0059204
-0.017273
-0.012604
-0.0060425
-0.017181
-0.012512
-0.0013428
-0.014832
-0.018524
-0.0083313
-0.025085
-0.037628
-0.031799
-0.042053
-0.052246
-0.040924
-0.033417
-0.030945
-0.018799
-0.010925
-0.011871
-0.0027771
0.0083923
0.0097961
0.019531
0.027618
0.017731
0.014557
0.024628
0.027985
0.01828
0.0048523
-0.0075684
-0.0090027
-0.0018616
0.00024414
-0.0059204
-0.012177
-0.014282
-0.012146
-0.0079956
-0.0027466
-0.0065308
-0.0068665
0.0011597
-0.00057983
0.0044556
0.01416
0.0070801
0.00027466
0.0005188
-0.004364
-0.0038452
-0.0039673
-0.012207
-0.015228
-0.011536
-0.0042725
0.00015259
0.0042725
0.0055847
0.0053711
0.013184
0.01825
0.010468
0.0050354
0.0054321
0.0038452
0.0068359
0.0039978
-0.0070496
-0.0054321
0.0012817
0.0011292
0.0088806
0.013794
0.0055237
0.006897
0.019012
0.023193
0.017578
0.016754
0.012512
0.0052795
0.0078735
0.0059204
-0.0059814
-0.01413
-0.015411
-0.015045
-0.013794
-0.021332
-0.024628
-0.018433
-0.01181
-0.006134
-0.0021362
-0.0050049
-0.0028992
0.0029602
-0.0031128
-0.0047913
-0.0046082
-0.0067139
-0.0028992
0.0053711
0.0064697
0.0047913
0.0099182
0.010529
0.012604
0.0093689
0.0046997
-0.0020142
0.0027466
