-0.016724
-0.015656
-0.014923
-0.014313
-0.01178
-0.0097046
-0.0083008
-0.0061035
-0.003418
-0.0020142
-0.00097656
0.0010071
0.0018616
0.0019226
0.0032349
0.0035706
0.0021973
0.0021667
0.0026855
0.00097656
0.00012207
3.0518e-05
-0.0014954
-0.0014343
-0.00045776
-0.00085449
-0.0015564
-0.0011597
-0.00073242
-0.00073242
-0.00042725
-9.1553e-05
-3.0518e-05
0.00091553
0.0021667
0.0021362
0.0029297
0.0042419
0.0043945
0.0052185
0.0066833
0.0062561
0.0061951
0.0077209
0.0073547
0.0075378
0.008667
0.0079041
0.0076294
0.0079041
0.0059204
0.0038147
0.002594
-0.00015259
-0.0020752
-0.0039673
-0.0070496
-0.0088196
-0.0095825
-0.011169
-0.010742
-0.010895
-0.013428
-0.011536
-0.0097961
-0.0068054
-0.0011902
0.00045776
0.0033875
0.0081177
0.004364
0.0040588
0.0078735
0.00354
0.0067444
0.0093079
0.0031128
0.0071716
0.0071716
-0.00061035
0.0040588
-0.00048828
-0.0085449
-0.0033264
-0.01059
-0.017151
-0.012634
-0.024475
-0.029266
-0.024109
-0.033691
-0.029114
-0.022461
-0.029694
-0.015472
-0.0018005
-0.0018311
0.017853
0.033295
0.034485
0.055054
0.066803
0.061768
0.071411
0.072845
0.059174
0.056763
0.047882
0.025848
0.013397
-3.0518e-05
-0.019958
-0.032349
-0.043243
-0.056122
-0.062653
-0.064728
-0.064301
-0.060974
-0.056274
-0.047638
-0.037903
-0.027649
-0.014801
-0.0046387
0.0041809
0.015137
0.022064
0.025665
0.030792
0.031464
0.029358
0.029816
0.026611
0.01944
0.014557
0.0079041
-0.0010986
-0.0064697
-0.011475
-0.018372
-0.021301
-0.021362
-0.021759
-0.019867
-0.01535
-0.011475
-0.0075989
-0.0012817
0.0054626
0.0075989
0.011566
0.016937
0.016815
0.01886
0.020416
0.016754
0.017273
0.016937
0.011566
0.011078
0.010376
0.0052795
0.0052185
0.0043945
-0.00045776
-0.00036621
-0.00048828
-0.0047607
-0.0046692
-0.0044861
-0.0072632
-0.0065613
-0.0064697
-0.0074768
-0.0066223
-0.0066223
-0.0063782
-0.0047607
-0.004425
-0.0034485
-0.0036621
-0.0042419
-0.0031128
-0.0040283
-0.0055237
-0.0046692
-0.0054932
-0.0070801
-0.0056458
-0.0070496
-0.0088501
-0.0062561
-0.0077515
-0.0075378
-0.0042725
-0.0090332
-0.0064697
-0.0074463
-0.010284
-0.004303
-0.015717
-0.01651
-0.0082092
-0.020844
-0.012573
-0.0050354
-0.016968
0.00042725
0.015594
0.012848
0.031311
0.045776
0.042511
0.061432
0.075867
0.065674
0.069702
0.069977
0.053375
0.048615
0.037964
0.012787
-0.0027161
-0.016022
-0.03363
-0.045807
-0.056885
-0.067871
-0.069702
-0.069519
-0.067688
-0.062103
-0.05777
-0.048492
-0.034515
-0.023468
-0.011932
0.0018921
0.012085
0.023468
0.034912
0.038605
0.038513
0.036713
0.031403
0.0242
0.014069
0.0014038
-0.010925
-0.020599
-0.0242
-0.026825
-0.030457
-0.025482
-0.017609
-0.011261
-0.0010376
0.0054932
0.0072937
0.012726
0.017761
0.017975
0.018463
0.018677
0.016876
0.018127
0.021759
0.021729
0.018616
0.02002
0.020386
0.017792
0.015961
0.013367
0.0084534
0.0062866
0.0024719
-0.0040283
-0.0077515
-0.011353
-0.013855
-0.01651
-0.021698
-0.026184
-0.024017
-0.020691
-0.020264
-0.017487
-0.010834
-0.0090942
-0.0016479
0.0053711
0.0042725
0.0064392
3.0518e-05
-0.0024109
0.010895
-0.0051575
-0.021484
-0.011688
-0.01593
-0.02887
-0.029938
-0.024567
-0.03772
-0.11252
-0.080078
-0.033691
-0.052124
-0.0099792
0.037323
0.047943
0.1134
0.19217
0.15527
0.12952
0.15286
0.11252
0.062683
0.03949
-0.035919
-0.092316
-0.067322
-0.080811
-0.10971
-0.070618
-0.04071
-0.026764
0.031616
0.051727
0.02597
0.043213
0.052643
0.012604
-0.013824
-0.033661
-0.074402
-0.082031
-0.07193
-0.087952
-0.076965
-0.031586
-0.0095825
0.01239
0.048401
0.05542
0.054108
0.065948
0.046295
0.0068054
-0.0091248
-0.027649
-0.055634
-0.06192
-0.064178
-0.063416
-0.035339
-0.0052795
0.0085754
0.032684
0.053284
0.055023
0.045074
0.028259
0.024658
0.0028076
-0.015808
-0.010071
-0.014008
-0.012573
0.012451
0.027191
0.019714
0.03891
0.0495
0.038025
0.0401
0.034393
0.016998
0.01709
0.0094604
-0.016632
-0.017151
-0.0099792
-0.026703
-0.029755
-0.018494
-0.023926
-0.019806
-0.0071716
-0.015594
-0.022186
-0.012451
-0.0074768
-0.016418
-0.014618
-0.019745
-0.040222
-0.026215
-0.022797
-0.046295
-0.039032
-0.03598
-0.058807
-0.15771
-0.12106
-0.026611
-0.045502
0.0048523
0.085815
0.10791
0.17462
0.26993
0.20602
0.13251
0.14923
0.088501
0.0018311
-0.034088
-0.099609
-0.15717
-0.097656
-0.067169
-0.075348
-0.007782
0.056274
0.070038
0.10333
0.10779
0.043457
0.013367
-0.0044861
-0.071045
-0.12079
-0.12646
-0.13467
-0.1221
-0.072388
-0.03949
-0.0039062
0.057617
0.092041
0.092072
0.093872
0.077332
0.036621
0.0057373
-0.029968
-0.081512
-0.10028
-0.090424
-0.083801
-0.064087
-0.025665
0.0084534
0.042786
0.077209
0.082397
0.067749
0.053589
0.014832
-0.033325
-0.040314
-0.061127
-0.090454
-0.063782
-0.025452
-0.0037231
0.025665
0.070282
0.087219
0.09375
0.10071
0.079651
0.051331
0.035614
0.0095215
-0.025421
-0.030518
-0.035706
-0.04129
-0.024261
-0.0090027
-0.0041504
0.0050049
0.013428
0.0054321
0.0054932
0.0054932
-0.010773
-0.027924
-0.031036
-0.032776
-0.054779
-0.054047
-0.051575
-0.078583
-0.086975
-0.058289
-0.12866
-0.2204
-0.075745
-0.010193
-0.027832
0.083282
0.15903
0.16556
0.26016
0.30737
0.1636
0.11472
0.11172
0.015259
-0.06665
-0.094727
-0.15741
-0.15363
-0.06488
-0.03775
-0.015381
0.058929
0.11435
0.11658
0.12051
0.077454
0.0050354
-0.035706
-0.071808
-0.12631
-0.16599
-0.15439
-0.11768
-0.070007
-0.018585
0.030609
0.070129
0.1066
0.12686
0.10516
0.060272
0.017548
-0.024323
-0.068329
-0.10239
-0.12085
-0.11493
-0.082214
-0.041321
-0.0061951
0.031067
0.070679
0.093719
0.093903
0.077179
0.038055
-0.007843
-0.044861
-0.08844
-0.088684
-0.075989
-0.069458
-0.021545
0.032593
0.070435
0.10809
0.12506
0.10172
0.080994
0.057739
0.013855
-0.021393
-0.047028
-0.06604
-0.059937
-0.03714
-0.02829
-0.0041199
0.026611
0.026825
0.033478
0.041321
0.024719
0.011322
0.0097046
-0.009613
-0.039398
-0.036163
-0.036743
-0.064728
-0.078339
-0.084961
-0.093597
-0.13998
-0.2431
-0.14673
-0.044159
-0.035034
0.047424
0.14255
0.17999
0.26337
0.32452
0.21774
0.13541
0.10483
0.027863
-0.053284
-0.10013
-0.16379
-0.16025
-0.070892
-0.036987
-0.0013733
0.06958
0.1145
0.12494
0.14069
0.080048
-0.0048523
-0.037811
-0.079498
-0.14697
-0.17322
-0.16418
-0.15112
-0.090424
-0.02356
0.013885
0.064697
0.12115
0.12949
0.11127
0.089508
0.038666
-0.012299
-0.04126
-0.077148
-0.11026
-0.10193
-0.076935
-0.047119
0.00030518
0.032745
0.054596
0.091217
0.09137
0.05368
0.024323
-0.014648
-0.05307
-0.053955
-0.059296
-0.069244
-0.031464
0.016754
0.039429
0.063354
0.071716
0.061859
0.05954
0.041565
0.0049438
-0.013702
-0.02066
-0.03183
-0.029114
-0.018341
-0.014465
-0.014832
-0.0067749
-0.01178
-0.010529
0.0087891
0.0054321
0.0027466
0.013611
0.016541
0.010651
0.0052795
-0.013611
-0.081909
-0.098389
-0.13577
-0.29126
-0.21735
-0.098938
-0.096375
-0.0021667
0.14249
0.18661
0.27997
0.38678
0.28241
0.19717
0.1752
0.064575
-0.045624
-0.080353
-0.17752
-0.23102
-0.13101
-0.080078
-0.052979
0.03598
0.10953
0.11874
0.15729
0.13406
0.03476
-0.014496
-0.052612
-0.13193
-0.17917
-0.17905
-0.18976
-0.14743
-0.059265
-0.0063171
0.040039
0.11398
0.14658
0.13495
0.1304
0.086914
0.014191
-0.024963
-0.059937
-0.11121
-0.12543
-0.10489
-0.07962
-0.034943
0.016968
0.045349
0.053009
0.060455
0.066193
0.040039
0.023468
0.024597
0.0030518
-0.0010376
0.012512
0.005188
0.0025024
0.019287
0.012207
0.0028687
0.013519
0.010834
0.0030212
0.013519
0.01358
0.0061951
0.0057373
-0.010132
-0.028687
-0.038727
-0.057892
-0.068207
-0.059418
-0.053101
-0.030701
0.0047913
0.014069
0.032715
0.053467
0.010773
0.0026245
-0.13544
-0.24277
-0.15262
-0.12781
-0.13211
-0.029968
0.060577
0.12244
0.29605
0.35925
0.26013
0.23566
0.21127
0.1062
0.023224
-0.040771
-0.17883
-0.19989
-0.14175
-0.12512
-0.094543
-0.01059
0.038239
0.083801
0.15018
0.12555
0.0625
0.030914
-0.0032959
-0.068115
-0.10599
-0.13913
-0.16888
-0.14069
-0.094482
-0.06955
-0.021698
0.041626
0.057678
0.083405
0.10468
0.073486
0.034424
0.013458
-0.03299
-0.073059
-0.08429
-0.10098
-0.096039
-0.058685
-0.020569
0.013733
0.061188
0.09314
0.10443
0.11462
0.103
0.067017
0.042328
0.027679
-0.0037231
-0.018616
-0.020081
-0.026459
-0.019287
-0.0014648
-0.0013428
-0.0036011
0.0099487
0.0022278
-0.0070496
-0.0028687
-0.016388
-0.036652
-0.033875
-0.027802
-0.047943
-0.053741
-0.043793
-0.038116
-0.033325
-0.0056763
-0.061218
-0.22913
-0.17267
-0.090668
-0.1113
-0.050751
0.046326
0.050262
0.15881
0.32733
0.2764
0.2114
0.22208
0.15479
0.080719
0.077087
-0.021088
-0.13806
-0.11578
-0.099548
-0.09668
-0.03418
0.0028076
-0.022858
0.036133
0.089203
0.05014
0.015594
0.00061035
-0.047058
-0.074371
-0.074951
-0.11978
-0.13223
-0.082062
-0.048492
-0.031403
0.013977
0.039856
0.040131
0.066803
0.074463
0.044861
0.031708
0.019531
-0.021179
-0.041534
-0.044769
-0.06485
-0.072479
-0.047852
-0.039917
-0.026794
0.0177
0.037994
0.043427
0.063629
0.073059
0.057678
0.057678
0.0513
0.011902
-0.0042725
-0.00061035
-0.014587
-0.022583
-0.014954
-0.018799
-0.017822
-0.0024719
-0.0018311
-0.0029907
0.0076294
0.0093079
0.0040283
-0.00048828
-0.0092773
-0.025909
-0.039764
-0.028961
-0.018494
0.029877
-0.038696
-0.19064
-0.14371
-0.10349
-0.12891
-0.073578
-0.01767
-0.042633
0.063873
0.23514
0.22015
0.1958
0.21378
0.15833
0.10107
0.13159
0.060944
-0.037109
-0.049561
-0.055969
-0.064941
-0.021393
-0.0056763
-0.05838
-0.0401
-0.009613
-0.029999
-0.040222
-0.029816
-0.046356
-0.055756
-0.022247
-0.028351
-0.042633
-0.033997
-0.025879
-0.035675
-0.013641
-0.003479
-0.019836
-0.010315
0.013458
0.019775
0.019684
0.029846
0.019623
0.01358
0.020111
0.0059509
-0.0075989
0.00036621
-0.0029907
-0.0065613
0.016205
0.024231
0.012421
0.0092163
0.013855
0.003479
0.010406
0.015015
-0.0079041
-0.015442
-0.0029907
0.0067444
0.0078125
0.0038147
-0.015533
-0.02594
-0.021515
-0.018951
-0.020905
-0.027802
-0.032562
-0.028656
-0.013
-9.1553e-05
0.0030518
0.0082397
0.017181
0.03833
0.024841
-0.026245
-0.031525
-0.035675
-0.048401
-0.041412
-0.030579
-0.033203
-0.0071411
0.036163
0.048889
0.06723
0.086365
0.089203
0.091003
0.098145
0.07901
0.058167
0.045197
0.014496
-0.0098267
-0.014191
-0.022217
-0.031128
-0.02301
-0.028046
-0.042023
-0.034027
-0.021515
-0.024017
-0.033112
-0.037384
-0.044952
-0.04129
-0.030579
-0.033844
-0.038055
-0.026611
-0.014984
-0.0099182
-0.0047607
0.0013123
0.0064697
0.018555
0.026764
0.018372
0.019989
0.032715
0.02829
0.017456
0.017242
0.01178
-0.0041809
0.0027466
0.0040283
-0.008606
-0.0062866
-0.010284
-0.0092163
-0.014801
-0.0068359
0.00054932
-0.014191
-0.013916
-0.0037231
0.0010071
0.0079346
0.014099
0.0039978
-0.010223
-0.0036621
0.0029602
-0.00030518
0.0020142
-0.00018311
-0.009552
-0.0077515
0.0015869
-0.013702
-0.018768
-0.0036621
-0.012024
-0.0049133
0.018158
0.017944
0.0074158
0.017303
0.018646
0.010284
0.017151
0.0050049
-0.0067749
-0.0025635
0.014526
0.010376
0.0076294
0.01532
0.012634
0.013245
0.011444
0.012054
0.0066833
0.0082092
0.0091553
0.013275
0.01239
0.007019
-0.0022583
-0.012573
-0.022339
-0.024231
-0.029388
-0.042145
-0.039459
-0.022644
-0.014618
0.0023193
0.0065613
0.0037842
0.010193
0.016479
0.0075989
-0.0097046
-0.0022278
-0.0035095
-0.012604
-0.0016174
-0.003479
-0.0018005
0.016663
0.01358
9.1553e-05
0.012054
