0.033417
0.031525
0.0242
0.012573
0.0061646
-0.0026855
-0.01532
-0.021881
-0.026459
-0.035004
-0.038513
-0.037567
-0.039612
-0.039459
-0.033997
-0.030975
-0.027069
-0.018616
-0.012939
-0.0085449
-0.0010986
0.0046997
0.0067749
0.011139
0.014343
0.013153
0.012604
0.012817
0.0096436
0.0062561
0.0057983
0.0028687
-0.0019226
-0.00354
-0.0038757
-0.0058289
-0.0062561
-0.0044556
-0.0045776
-0.0043945
-0.0016785
-0.00054932
-0.00076294
0.0014038
0.00354
0.0040894
0.0048523
0.0075684
0.0086365
0.010162
0.014709
0.016266
0.016388
0.019135
0.02063
0.018829
0.018738
0.017151
0.012482
0.0093689
0.0062256
-0.00048828
-0.0053101
-0.0081177
-0.013885
-0.017731
-0.018005
-0.020844
-0.023193
-0.020447
-0.019623
-0.019257
-0.015442
-0.011932
-0.010864
-0.0072327
-0.0046997
-0.0032349
0.00015259
0.0024109
0.0019226
0.0058594
0.0071716
0.0041199
0.0040894
0.0088806
-0.00015259
-0.006958
-0.0080872
-0.014893
-0.026733
-0.028778
-0.029114
-0.029388
-0.024475
-0.015625
-0.0086975
0.0029602
0.018982
0.035248
0.045868
0.055023
0.064911
0.070984
0.074402
0.074249
0.064728
0.049377
0.037689
0.023499
0.0057983
-0.013245
-0.031097
-0.046234
-0.052429
-0.054443
-0.056396
-0.055115
-0.046783
-0.035278
-0.022766
-0.011566
-0.0039062
0.00085449
0.0050049
0.0088501
0.007782
0.0019531
-0.0046387
-0.0085449
-0.011719
-0.014191
-0.016693
-0.01944
-0.018066
-0.012329
-0.0072937
-0.0031738
0.00079346
0.0063171
0.01297
0.016418
0.01413
0.0099182
0.0037537
-0.0013123
-0.0081787
-0.018372
-0.028107
-0.019318
-0.0056458
0.003418
0.016663
0.032715
0.044617
0.059784
0.065735
0.05072
0.036774
0.028198
0.015564
0.0011292
-0.010376
-0.024261
-0.02597
-0.018341
-0.017517
-0.018311
-0.012817
-0.0093384
-0.0063171
-0.0031128
-0.011749
-0.018372
-0.013885
-0.014893
-0.024658
-0.022034
-0.014343
-0.010803
-0.0063171
-0.0026245
-0.00354
-0.00073242
0.0012817
-0.0014343
-0.0059814
-0.026154
-0.022247
-0.0067444
-0.047485
-0.086975
-0.045044
-0.027069
-0.023865
0.021881
0.046082
0.052124
0.11621
0.14832
0.11267
0.098602
0.083191
0.046082
0.026642
0.00094604
-0.057831
-0.072632
-0.057007
-0.054596
-0.041107
-0.01593
-0.008606
0.015289
0.051605
0.0448
0.022522
0.016266
0.00030518
-0.023773
-0.035095
-0.057098
-0.078308
-0.064911
-0.04422
-0.035614
-0.015961
0.0073242
0.019928
0.039215
0.051758
0.038086
0.020447
0.010376
-0.0061646
-0.02652
-0.039642
-0.051208
-0.048828
-0.031952
-0.019196
-0.0080566
0.0077515
0.017853
0.030518
0.019684
-0.020569
-0.0032654
0.019409
0.0031738
0.0011597
0.018555
0.018799
0.04129
0.058472
0.022522
0.010559
0.01709
0.0089111
0.0024414
0.0060425
-0.011658
-0.005249
0.016571
0.0079041
0.0027466
0.011383
0.0018921
-0.009491
-0.00036621
-0.017914
-0.031128
-0.025421
-0.022736
-0.021545
-0.008667
-0.003418
-0.0054932
0.0024109
0.0067444
-0.0022888
-0.0053406
-0.022583
-0.051483
-0.047333
-0.029877
-0.056183
-0.14481
-0.11786
-0.04657
-0.018494
0.021088
0.069916
0.086548
0.14951
0.2269
0.17639
0.11542
0.090088
0.044891
-0.0027771
-0.021942
-0.082581
-0.12347
-0.074585
-0.033752
-0.01947
0.014557
0.047699
0.058502
0.086639
0.077515
0.016083
-0.027405
-0.042877
-0.07196
-0.096985
-0.10129
-0.10507
-0.078064
-0.023804
0.0067749
0.022217
0.051056
0.07077
0.068481
0.057556
0.028107
-0.010712
-0.030945
-0.040771
-0.058563
-0.070007
-0.064331
-0.046112
-0.01767
0.011353
0.023773
0.033691
0.043213
0.045624
0.023987
-0.052917
-0.042297
-0.0057068
-0.024902
-0.023163
0.0062866
0.011963
0.051453
0.099335
0.050049
0.026489
0.039429
0.020325
-0.00048828
0.003479
-0.027863
-0.02832
0.0086365
0.0045166
-0.0048523
0.0086975
0.0072327
-0.00018311
0.0088196
-0.0079041
-0.026337
-0.021057
-0.014709
-0.013824
-0.0092773
-0.0040283
-0.0055542
0.010254
0.01825
-0.0072327
-0.017883
-0.020294
-0.048676
-0.045044
-0.037415
-0.16541
-0.1749
-0.05603
-0.031219
-0.012756
0.078217
0.094788
0.12814
0.2515
0.22061
0.1109
0.087524
0.05423
-0.019897
-0.037384
-0.083984
-0.15338
-0.10092
-0.026367
-0.014587
0.014984
0.073486
0.079163
0.095551
0.099335
0.030182
-0.04071
-0.054657
-0.077942
-0.11563
-0.11691
-0.11136
-0.088928
-0.026764
0.028992
0.041351
0.061768
0.085999
0.08078
0.065735
0.037109
-0.011871
-0.043579
-0.044891
-0.056824
-0.073578
-0.063385
-0.038239
-0.013855
0.017151
0.03891
0.036194
0.037598
0.039917
0.006012
-0.020264
-0.018097
-0.02832
-0.030823
-0.015411
-0.013702
-0.0015259
0.033783
0.045471
0.037292
0.038818
0.032867
0.023438
0.023376
0.0082397
-0.009552
-0.0071716
-0.005249
-0.0094604
-0.0083313
-0.010864
-0.012543
-0.0052185
0.00091553
-0.0022888
-0.0098877
-0.0073853
0.002594
0.0029907
0.0027771
-0.00054932
-0.010223
-0.0089722
-0.0089722
-0.025848
-0.033691
-0.043304
-0.042419
-0.054382
-0.16666
-0.15466
-0.05365
-0.024414
0.0054321
0.089233
0.11279
0.15973
0.25571
0.21118
0.11615
0.082764
0.0383
-0.0289
-0.046539
-0.0961
-0.14536
-0.092896
-0.026154
-0.0066833
0.029083
0.075073
0.0755
0.0867
0.083832
0.018219
-0.050171
-0.06839
-0.091095
-0.11243
-0.10446
-0.097839
-0.080536
-0.0224
0.032196
0.04541
0.059418
0.073212
0.064301
0.048859
0.027832
-0.01474
-0.047089
-0.05072
-0.055054
-0.059021
-0.045715
-0.020416
-0.0013123
0.019806
0.035553
0.030212
0.027069
0.031738
0.020782
0.0042419
0.0013123
-0.0066833
-0.011414
-0.0059814
-0.0082092
-0.0083923
0.0075073
0.02179
0.019318
0.016754
0.01236
0.0089417
0.01062
0.0084839
-0.00024414
-0.0097046
-0.013428
-0.011169
-0.01239
-0.022644
-0.028931
-0.023956
-0.0093994
0.0067444
0.0091858
0.017365
0.033966
0.040039
0.038208
0.025665
-0.0042419
-0.015564
-0.021545
-0.029968
-0.11243
-0.24365
-0.19617
-0.10068
-0.077545
-0.019104
0.068481
0.10757
0.20694
0.30646
0.2309
0.13834
0.10599
0.048401
-0.016724
-0.043823
-0.11536
-0.1452
-0.077576
-0.021149
-0.0010681
0.041809
0.069733
0.071503
0.086182
0.064331
-0.011993
-0.066895
-0.074982
-0.083954
-0.097321
-0.10513
-0.10553
-0.077454
-0.025726
0.012604
0.027557
0.041351
0.055634
0.065582
0.054321
0.028717
0.0039368
-0.017059
-0.027344
-0.034698
-0.047638
-0.037323
-0.010437
-0.0064697
-0.0097046
0.013306
0.027771
0.023407
0.03006
0.030609
0.019592
0.024567
0.026276
0.010498
0.0027466
-0.00012207
-0.0041504
-0.0054626
-0.0043945
-0.0057983
-0.00094604
0.0059204
0.01001
0.0096741
0.0091858
0.0072937
-0.0024719
-0.020142
-0.034302
-0.039093
-0.041687
-0.034241
-0.026703
-0.013855
0.0048218
0.0159
0.018402
0.032715
0.036926
0.032928
0.035461
0.014038
-0.13583
-0.22903
-0.17374
-0.13757
-0.11789
-0.026215
0.036469
0.085388
0.22702
0.28928
0.22238
0.17108
0.1261
0.05249
0.015564
-0.022186
-0.094421
-0.10095
-0.058533
-0.03183
0.0066223
0.052521
0.060577
0.067291
0.0737
0.033936
-0.02298
-0.055237
-0.075531
-0.099396
-0.10501
-0.10077
-0.095917
-0.075775
-0.033417
-0.0022583
0.015533
0.034088
0.042084
0.038208
0.039032
0.028351
0.0036011
-0.012573
-0.023346
-0.041138
-0.046051
-0.038574
-0.033539
-0.017975
0.0016785
0.014648
0.02832
0.047882
0.061188
0.054138
0.040741
0.030762
0.022888
0.013885
-0.0027466
-0.013184
-0.013245
-0.003418
0.0067749
0.013031
0.010071
0.0041504
0.011139
0.015076
0.00048828
-0.019012
-0.028809
-0.036163
-0.031982
-0.027985
-0.043976
-0.050964
-0.027496
-0.0097046
-0.015015
-0.011078
-0.0023499
0.0083923
0.032623
0.05069
0.050476
0.055176
0.0041504
-0.08493
-0.11713
-0.10483
-0.10678
-0.091095
-0.051025
-0.01532
0.060669
0.15442
0.17825
0.15201
0.13202
0.1051
0.067047
0.038361
-0.0031128
-0.036987
-0.033844
-0.019012
-0.0074158
0.017548
0.033447
0.03421
0.033417
0.019531
-0.0031128
-0.024628
-0.042755
-0.061035
-0.062531
-0.06366
-0.066437
-0.05658
-0.041443
-0.02887
-0.016907
-0.0082397
-0.0075378
-0.0065613
0.002655
0.0094299
0.0050964
-0.0019226
-0.00097656
0.00021362
-0.0068359
-0.010406
-0.012634
-0.012329
-0.0024414
0.0074768
0.0080566
0.016083
0.02652
0.026428
0.024139
0.019806
0.013306
0.010742
0.0062866
-0.0080566
-0.013763
-0.0053101
0.0057068
0.011871
0.013367
0.010406
0.0088806
0.0069275
-0.0046997
-0.014435
-0.016876
-0.019348
-0.014709
-0.0089722
-0.0078735
-0.0064392
-0.0029297
-0.0055237
-0.010315
-0.012024
-0.012939
-0.01181
0.0051575
0.017181
0.026886
0.031586
0.0047913
0.006012
0.0023804
-0.023865
-0.026367
-0.016327
-0.0448
-0.042542
0.0022888
0.0095215
0.012543
0.03598
0.03775
0.022919
0.041504
0.037842
0.018372
0.023651
0.019989
0.009613
0.024811
0.028656
0.012146
0.022797
0.022858
0.0020447
-0.0049438
-0.0072632
-0.021881
-0.023895
-0.018097
-0.022217
-0.020966
-0.023773
-0.027435
-0.021118
-0.014709
-0.01825
-0.016357
-0.0091858
-0.002533
0.0005188
-0.00067139
-0.00088501
-0.0018616
0.0014038
0.0033264
-0.0023804
-0.0074158
-0.0057068
-0.0007019
0.0046997
0.0019226
-0.0049744
-0.005188
-0.004425
-0.0017395
-0.00091553
-0.0038452
-0.0085144
-0.0043335
0
-0.0032959
-0.0033569
-0.00018311
0.0007019
0.00054932
0.0048828
0.0014648
0.00354
0.013275
0.014526
0.013916
0.01059
0.005249
-0.0023193
0.0050049
0.0022888
-0.010651
-0.0095215
-0.0037842
-0.0035095
0.0026245
-0.00030518
-0.0057983
-0.0036011
0.0076599
0.018402
0.0048523
-0.0083008
-0.0021362
-0.00021362
0.00036621
0.0047607
-0.0024414
-0.0053101
0.013855
0.025208
0.014069
0.0041809
-0.00012207
-0.0053406
-0.0012817
-0.0046997
-0.017303
-0.017395
-0.0053711
