0.012268
0.0064697
0.0022583
-0.005188
-0.012054
-0.016052
-0.02002
-0.023315
-0.024292
-0.024963
-0.024628
-0.0224
-0.020355
-0.0177
-0.01358
-0.0091553
-0.0053406
-0.0021057
0.0014343
0.0041504
0.0056763
0.0069885
0.0073242
0.0068359
0.0058594
0.004303
0.0026245
0.0011902
-0.00027466
-0.001709
-0.0030212
-0.0043335
-0.0050049
-0.0049744
-0.005127
-0.0050964
-0.0047913
-0.0046082
-0.0046692
-0.0023804
-0.0010986
0.0007019
0.0033875
0.0059509
0.0082092
0.011414
0.013
0.014557
0.017365
0.017944
0.01709
0.017822
0.016479
0.013092
0.011841
0.008606
0.0030212
0.0007019
-0.0028381
-0.007782
-0.010101
-0.011841
-0.014923
-0.0159
-0.015076
-0.015747
-0.014313
-0.011932
-0.01123
-0.0090332
-0.0054932
-0.0037231
-0.0015564
-6.1035e-05
0.0010071
0.0021973
0.0028992
0.0015564
0.0012512
0.00082397
-0.00097656
-0.0027466
-0.0038452
-0.0063171
-0.0085144
-0.0098267
-0.011749
-0.013489
-0.015961
-0.017609
-0.017792
-0.016144
-0.013824
-0.011871
-0.0067444
0.0011597
0.0087585
0.018036
0.029694
0.038055
0.046356
0.056274
0.061554
0.061859
0.061523
0.056763
0.046906
0.037994
0.02713
0.011719
-0.0037231
-0.017059
-0.03006
-0.04071
-0.048523
-0.055145
-0.058319
-0.056396
-0.052948
-0.048981
-0.042664
-0.034485
-0.025848
-0.016693
-0.0076294
0.00027466
0.0066528
0.012482
0.017609
0.020233
0.020844
0.020691
0.019043
0.015289
0.011017
0.0065002
0.0017395
-0.0027466
-0.0071716
-0.01062
-0.012146
-0.013031
-0.013733
-0.01297
-0.010071
-0.006958
-0.0036316
-0.00079346
0.0020752
0.0035095
0.0067444
0.009491
0.011108
0.011993
0.015167
0.01651
0.018402
0.020416
0.020386
0.021057
0.022308
0.021149
0.019012
0.01767
0.013
0.008667
0.006134
0.001709
-0.0049133
-0.0082703
-0.01181
-0.01651
-0.019135
-0.020599
-0.022522
-0.022003
-0.019806
-0.019867
-0.017242
-0.014587
-0.012634
-0.0094604
-0.0054016
-0.0027466
-0.00088501
0.0024414
0.0044556
0.0039673
0.0063171
0.0054932
0.0010376
0.0014954
-0.0015564
-0.0090637
-0.010559
-0.015869
-0.031738
-0.028198
-0.037354
-0.040527
-0.033539
-0.034058
-0.031525
-0.0057983
0.0039062
0.015289
0.045197
0.055389
0.065643
0.092468
0.098785
0.093719
0.10175
0.09256
0.07373
0.067871
0.048248
0.018158
-0.002594
-0.022308
-0.045959
-0.058807
-0.071259
-0.082703
-0.087555
-0.083771
-0.078583
-0.070496
-0.061066
-0.048004
-0.034546
-0.022278
-0.0068054
0.005249
0.013184
0.022797
0.030457
0.031525
0.03418
0.032745
0.026184
0.022247
0.016541
0.006012
-0.0023804
-0.0089722
-0.017914
-0.022827
-0.023743
-0.025391
-0.026642
-0.02298
-0.017242
-0.013824
-0.0070496
0.00018311
0.0048523
0.0082703
0.014618
0.013855
0.016907
0.021545
0.02121
0.023926
0.029236
0.029785
0.033905
0.039062
0.036346
0.036194
0.03476
0.027252
0.022217
0.016022
0.0040283
-0.0055847
-0.012726
-0.022827
-0.027863
-0.032013
-0.037933
-0.039642
-0.038116
-0.038544
-0.03537
-0.030273
-0.025513
-0.017151
-0.0099792
-0.0043945
0.0012207
0.0082092
0.011719
0.014221
0.013763
0.011017
0.0067749
0.0052185
-0.0038147
-0.015625
-0.031921
-0.038605
-0.056885
-0.053131
-0.053284
-0.062927
-0.049652
-0.022888
-0.011993
0.015747
0.055206
0.061493
0.086823
0.12411
0.12921
0.12607
0.1355
0.11911
0.09436
0.086365
0.060516
0.023254
-0.0041199
-0.025085
-0.050781
-0.067963
-0.082794
-0.095734
-0.10355
-0.099518
-0.091187
-0.08432
-0.07605
-0.061676
-0.046478
-0.028412
-0.0075989
0.0038452
0.012482
0.026062
0.035339
0.039032
0.04361
0.038849
0.029663
0.025696
0.022736
0.0089722
-0.0039978
-0.014679
-0.025543
-0.029297
-0.030121
-0.037506
-0.043427
-0.040344
-0.03186
-0.017883
-0.013336
-0.0052795
-0.0049438
0.0019531
0.028473
0.044342
0.039673
0.041107
0.053741
0.059937
0.078186
0.078766
0.05835
0.046753
0.047943
0.036926
0.019928
0.00024414
-0.024719
-0.036072
-0.035675
-0.041534
-0.057861
-0.062317
-0.057373
-0.052002
-0.041382
-0.036438
-0.032745
-0.013336
0.0072937
0.010773
0.0081787
0.015259
0.017944
0.016327
0.0034485
-0.02179
-0.0466
-0.053253
-0.085938
-0.14844
-0.12781
-0.085175
-0.06366
-0.022064
0.036194
0.071777
0.1478
0.22214
0.21008
0.18466
0.18277
0.15463
0.10471
0.05957
-0.018463
-0.090546
-0.09494
-0.098419
-0.11737
-0.10742
-0.073853
-0.045807
0.010254
0.049896
0.043762
0.0448
0.064148
0.046265
0.011414
-0.014282
-0.054047
-0.082703
-0.080811
-0.087219
-0.097076
-0.067291
-0.030426
-0.0091248
0.025024
0.049377
0.049591
0.061127
0.064056
0.031219
0.0077209
-0.0076904
-0.036011
-0.055511
-0.059906
-0.065552
-0.06015
-0.032227
-0.01355
-0.0055847
0.019623
0.044373
-0.0029297
-0.015961
0.03244
0.034393
0.01825
0.043579
0.038727
0.041931
0.084961
0.057587
-0.004425
0.0010376
0.0047607
-0.020203
-0.013153
-0.011292
-0.01889
0.020844
0.043121
0.015594
0.014648
0.030212
0.006073
-0.0097046
-0.014099
-0.035339
-0.031036
-0.01123
-0.0086365
-0.01886
-0.018646
-0.027954
-0.033936
-0.036774
-0.04834
-0.070099
-0.085144
-0.096893
-0.14536
-0.17206
-0.088531
-0.029266
0.008606
0.090942
0.15051
0.18201
0.25757
0.26694
0.17679
0.13443
0.10693
0.028717
-0.03241
-0.068115
-0.13123
-0.13165
-0.074371
-0.057495
-0.038483
0.018066
0.049683
0.066132
0.087585
0.047058
-0.0088501
-0.024811
-0.044159
-0.092834
-0.11536
-0.10748
-0.094788
-0.058502
-0.0159
0.0097961
0.035095
0.076996
0.087616
0.07077
0.053284
0.0271
-0.0082703
-0.028137
-0.050385
-0.079224
-0.080872
-0.059723
-0.054993
-0.03833
-0.0057068
0.016876
0.020935
0.040588
0.0079346
-0.040588
-0.010895
0.019745
0.0059204
0.019684
0.044159
0.053406
0.089844
0.10095
0.049622
0.021088
0.022797
-0.0012512
-0.024872
-0.021942
-0.021332
-0.0088501
0.011475
0.0019531
-0.01828
-0.0099182
-0.0065918
-0.026886
-0.037628
-0.037964
-0.019501
0.0031433
-0.0010681
-0.012756
-0.0013733
-0.0018311
-0.012085
-0.028259
-0.061523
-0.09848
-0.10132
-0.15576
-0.20425
-0.098022
-0.016174
0.015503
0.10611
0.19061
0.2207
0.27835
0.28079
0.16809
0.09848
0.068176
-0.012024
-0.091736
-0.11511
-0.13684
-0.1207
-0.050537
-0.0071106
0.01709
0.067719
0.10812
0.094086
0.070343
0.027679
-0.03009
-0.07074
-0.095245
-0.13052
-0.14771
-0.12216
-0.082916
-0.044464
-0.0021057
0.03717
0.065308
0.084229
0.08374
0.056458
0.018707
-0.012604
-0.039459
-0.059845
-0.070526
-0.071655
-0.050873
-0.018005
0.0097351
0.029114
0.045898
0.058624
0.041016
0.0026855
-0.023499
-0.024628
0.0028381
0.016907
0.0062256
0.024689
0.052338
0.069977
0.058929
0.029602
-0.0081482
-0.0072937
-0.011505
-0.027008
-0.03067
-0.011505
-0.0032654
0.0090942
0.0028992
-0.017731
-0.019379
-0.010803
-0.037811
-0.046906
-0.022064
-3.0518e-05
0.0045776
0.021027
0.030548
0.014038
0.0044861
0.0018005
-0.032043
-0.079895
-0.12927
-0.21628
-0.25943
-0.13257
-0.045105
-0.016907
0.076721
0.19672
0.26639
0.32986
0.30597
0.18674
0.11978
0.083771
-0.011017
-0.098206
-0.13672
-0.15561
-0.11166
-0.028198
0.010345
0.049744
0.1109
0.13727
0.11444
0.074402
-0.00015259
-0.074036
-0.10739
-0.14548
-0.19055
-0.18542
-0.14175
-0.099182
-0.03772
0.022614
0.058136
0.092834
0.12048
0.098267
0.058563
0.02597
-0.023193
-0.062439
-0.074615
-0.082306
-0.079437
-0.041351
-0.0044556
0.021057
0.052643
0.067902
0.053864
0.028015
-0.0020142
-0.021942
-0.027283
-0.020325
-0.0072632
0.0083618
0.033752
0.060547
0.069763
0.059296
0.043976
0.025299
0.0093079
-0.0010071
-0.0082397
-0.008667
0.0041809
0.0068359
0.0024719
-0.0033264
-0.013123
-0.027618
-0.04187
-0.052216
-0.049683
-0.038971
-0.015137
-0.005249
-0.01178
-0.023743
-0.0098572
-0.0062256
-0.047424
-0.10986
-0.17776
-0.27069
-0.19867
-0.073212
-0.031708
0.023376
0.16183
0.25787
0.34583
0.37961
0.27905
0.1608
0.12167
0.042084
-0.08316
-0.14667
-0.18103
-0.18182
-0.090454
-0.005188
0.017853
0.076111
0.15228
0.15219
0.11557
0.065918
-0.034088
-0.1123
-0.12878
-0.16599
-0.20566
-0.17563
-0.11844
-0.06366
0.018219
0.080658
0.09375
0.12524
0.13992
0.087708
0.026459
-0.012421
-0.068787
-0.1076
-0.11261
-0.11987
-0.10895
-0.047394
0.0062866
0.029236
0.048889
0.056427
0.049042
0.049591
0.024231
-0.018402
-0.011597
0.016724
0.021576
0.028595
0.043213
0.046692
0.061951
0.069885
0.044037
0.02124
0.027283
0.027588
0.016541
0.010468
0.0016479
-0.0095825
-0.016113
-0.037811
-0.056824
-0.06485
-0.063843
-0.062805
-0.045441
-0.043091
-0.023987
-0.012329
-0.0054016
0.00082397
-0.019409
-0.086151
-0.15082
-0.23956
-0.23544
-0.1232
-0.051727
-0.0010071
0.11963
0.23962
0.32501
0.38235
0.32626
0.20477
0.1311
0.067017
-0.052856
-0.14621
-0.19186
-0.19858
-0.13101
-0.032166
0.020599
0.069916
0.14471
0.17068
0.14575
0.089172
0.0011902
-0.093109
-0.1369
-0.16504
-0.19547
-0.18887
-0.13248
-0.062469
0.0084839
0.069855
0.092896
0.11948
0.12967
0.092468
0.029602
-0.010803
-0.055878
-0.089661
-0.10483
-0.1127
-0.10254
-0.05246
-0.0079651
0.0049438
0.018494
0.047546
0.057434
0.034088
0.030121
0.029968
0.020416
0.02417
0.026398
0.011566
0.019897
0.032898
0.018677
0.016907
0.030853
0.028229
0.027893
0.037323
0.031097
0.021057
0.022888
0.0061951
-0.013855
-0.021545
-0.037354
-0.067596
-0.069305
-0.061584
-0.055359
-0.045227
-0.02536
-0.02066
-0.0085754
-0.0092163
-0.047821
-0.15024
-0.25323
-0.17014
-0.079956
-0.045776
-0.0079651
0.10626
0.1958
0.32239
0.34528
0.24359
0.14899
0.13599
0.07373
-0.034454
-0.10583
-0.16452
-0.16293
-0.093231
-0.019165
-0.00045776
0.054688
0.1145
0.12421
0.099915
0.059265
-0.020569
-0.095398
-0.11295
-0.1474
-0.17493
-0.14627
-0.091339
-0.041138
0.033234
0.090546
0.096802
0.1138
0.11618
0.069611
0.0050049
-0.029877
-0.077759
-0.10403
-0.10352
-0.10165
-0.089905
-0.045288
-0.006134
0.0055542
0.039032
0.058014
0.060913
0.058258
0.05838
0.044281
0.043427
0.039185
0.0177
-0.0093994
-0.01886
-0.017792
-0.012238
0.005188
0.016083
0.021118
0.033844
0.045929
0.036652
0.016022
0.0038757
-0.0080566
-0.024384
-0.038849
-0.053314
-0.059723
-0.048126
-0.040955
-0.043823
-0.034332
-0.0074158
0.0014954
-0.020966
-0.097626
-0.26184
-0.21408
-0.092377
-0.032043
-0.029022
0.088226
0.15369
0.29016
0.37387
0.29065
0.12573
0.090912
0.073883
-0.019958
-0.073944
-0.12909
-0.14301
-0.085724
0.022614
0.025452
0.032654
0.083252
0.10422
0.072174
0.032959
-0.01889
-0.10123
-0.11066
-0.10776
-0.13513
-0.15689
-0.10461
-0.061462
-0.024536
0.031891
0.056885
0.058014
0.082184
0.10062
0.05835
0.026703
0.0025635
-0.038727
-0.061279
-0.07309
-0.097046
-0.089142
-0.037415
-0.0084229
0.01889
0.056091
0.082367
0.088654
0.09079
0.064423
0.020966
0.0050049
-0.0028687
-0.020233
-0.039734
-0.029083
-0.0076599
0.012299
0.034058
0.034851
0.019104
0.010223
0.017426
-0.0032654
-0.022003
-0.031219
-0.035004
-0.037506
-0.030731
-0.025269
-0.041321
-0.037231
-0.0072021
0.015717
0.059723
-0.077789
-0.29968
-0.25412
-0.1116
-0.093475
-0.069946
0.018799
0.056488
0.24203
0.40833
0.35284
0.16565
0.15512
0.12363
0.051544
-0.014526
-0.077057
-0.16208
-0.12778
-0.013977
0.0096741
0.011353
0.05423
0.083649
0.063934
0.049011
-0.012207
-0.10611
-0.11069
-0.086456
-0.11371
-0.14917
-0.11014
-0.080811
-0.034912
0.024231
0.040771
0.024292
0.056091
0.084076
0.048737
0.010498
-0.0028992
-0.021118
-0.03421
-0.030731
-0.039886
-0.042999
-0.0057373
0.022766
0.026001
0.03775
0.059814
0.064026
0.062622
0.059906
0.027924
-0.0039978
-0.0084839
-0.013184
-0.035339
-0.040802
-0.034698
-0.033203
-0.013824
0.0097656
0.016785
0.015564
0.025085
0.020691
0.0096741
0.0016785
-0.012177
-0.045807
-0.064392
-0.063324
-0.053436
-0.0401
0.018097
0.040771
-0.10489
-0.1723
-0.12985
-0.099762
-0.087524
-0.0078125
-0.016327
0.024017
0.17773
0.27527
0.21414
0.16196
0.13849
0.093903
0.087006
0.072693
0.0022278
-0.053894
-0.023773
0.014221
0.01825
0.025787
0.014435
-0.0032654
0.0042419
0.013702
-0.047455
-0.093231
-0.081482
-0.066376
-0.078857
-0.080261
-0.086304
-0.10114
-0.061646
-0.019745
-0.021423
-0.034912
-0.017365
0.0010071
0.019409
0.033325
0.02475
0.016541
0.032928
0.042725
0.019531
0.0021362
0.0018311
0.0037842
0.0089417
0.007782
-0.0015869
0.01236
0.047089
0.049652
0.038666
0.030426
0.024353
0.0066223
-0.012939
-0.0289
-0.046112
-0.050049
-0.035217
-0.014832
-0.0097046
-0.0041504
0.008606
0.007782
0.004364
0.01535
0.017487
0.0025635
0.0099182
-0.018341
-0.062958
-0.067535
-0.055389
-0.072296
-0.066925
-0.058777
-0.056091
-0.015472
0.049835
0.074036
0.078217
0.095856
0.10382
0.09613
0.091888
0.078674
0.041748
0.006897
0.0070801
0.021271
0.022675
0.024506
0.025574
0.010864
0.007019
0.0099182
-0.0093384
-0.036224
-0.037323
-0.033112
-0.04068
-0.046814
-0.051239
-0.057831
-0.050507
-0.031708
-0.032135
-0.04187
-0.031403
-0.012909
0.0026855
0.018005
0.022949
0.014893
0.0058594
0.010315
0.0053711
-0.0029297
-0.0093079
-0.014526
-0.017853
-0.011841
-0.00027466
0.0045166
0.0049133
0.0076904
0.0063782
0.0022888
0.013763
0.015717
0.00064087
-0.010071
-0.0047913
0.002533
0.0077515
0.016907
0.0053406
-0.0072021
-0.0074463
-0.0014038
-0.0028687
0.00024414
-0.0071106
-0.020477
-0.005249
-0.0027466
-0.0037231
0.0015259
0.0072021
0.0057373
0.010651
0.016327
0.0037537
-0.00085449
0.0045776
0.010559
0.013458
0.01474
0.011841
0.013733
0.032501
0.037964
0.032715
0.02359
0.019348
0.015381
0.018463
0.013519
0.0023499
-0.0044556
-0.0033875
-0.008667
-0.018158
-0.024719
-0.023682
-0.021088
-0.026337
-0.032043
-0.029114
-0.016571
-0.0095215
-0.0098572
-0.0097046
-0.0058594
-0.0042725
-0.0063782
-0.0086365
-0.01178
-0.011688
-0.010193
-0.014404
-0.011444
0.0034485
0.014099
0.015961
0.0072021
0.014709
0.022614
0.012756
0.018066
0.0015564
-0.021027
-0.019348
-0.0079651
-0.0041809
