0.0012512
0.0011902
0.0019226
0.00067139
-0.0005188
-0.00027466
-0.0018616
-0.0039978
-0.0046082
-0.0058594
-0.0074768
-0.0073242
-0.007843
-0.0084229
-0.0061646
-0.0040283
-0.0027161
0.0011292
0.0047913
0.0074463
0.011627
0.014862
0.016571
0.019379
0.021149
0.019867
0.018524
0.016724
0.012756
0.0092773
0.0053406
-0.00024414
-0.005249
-0.0091553
-0.013428
-0.016785
-0.018402
-0.019928
-0.020752
-0.019562
-0.017853
-0.0159
-0.012909
-0.0093384
-0.0063171
-0.0024414
0.0010986
0.0039978
0.0077209
0.010101
0.010895
0.01239
0.013489
0.012329
0.012054
0.011444
0.008667
0.0061646
0.0044861
0.0016174
-0.00073242
-0.0018311
-0.0040894
-0.0059204
-0.0059204
-0.006958
-0.0077209
-0.0069885
-0.0064392
-0.0057068
-0.0043945
-0.0038757
-0.0038147
-0.0019836
-0.0010071
-0.0019836
-0.0016785
-0.0014954
-0.0023193
-0.0011597
-0.00073242
-0.0021362
-0.00097656
-0.0029907
-0.0034485
-0.0022278
-0.0078125
-0.016022
-0.014679
-0.023132
-0.024384
-0.02002
-0.027161
-0.026306
-0.0084839
-0.0048218
0.0039978
0.02652
0.029846
0.037598
0.063293
0.06778
0.0625
0.075439
0.069336
0.05365
0.055237
0.04361
0.015778
0.0065613
-0.0052185
-0.029388
-0.038086
-0.044678
-0.062378
-0.065765
-0.058929
-0.06369
-0.060333
-0.047821
-0.043091
-0.035919
-0.018951
-0.01001
-0.0044556
0.0069275
0.016449
0.020111
0.026031
0.030151
0.02774
0.025635
0.02478
0.020111
0.014587
0.0099792
0.0028076
-0.0045166
-0.0080261
-0.010895
-0.01593
-0.017975
-0.01709
-0.017365
-0.014923
-0.0094299
-0.0064392
-0.0038147
0.0029602
0.007019
0.0096741
0.014618
0.016235
0.016083
0.018219
0.017426
0.014709
0.013855
0.010315
0.0068359
0.0054932
0.0015259
-0.0022888
-0.0038147
-0.0075684
-0.0088196
-0.0070801
-0.0079346
-0.0072021
-0.0042114
-0.0032349
-0.00033569
0.0035706
0.0038757
0.0055847
0.0075684
0.0065002
0.0063477
0.0060425
0.0032959
0.002533
0.00030518
-0.0023193
-0.0029297
-0.0063782
-0.0091553
-0.0072327
-0.0096436
-0.013062
-0.0075684
-0.0074463
-0.010101
-0.0041809
-0.0012512
-0.0068054
-0.0051575
-0.0016174
-0.0031433
0.0015564
0.0047913
-0.00082397
-0.00036621
0.0027466
-0.0039368
-0.0063171
-0.016754
-0.038116
-0.042542
-0.036224
-0.04068
-0.035706
-0.024231
-0.015137
0.010284
0.045319
0.061218
0.07132
0.086182
0.093353
0.094269
0.0914
0.071045
0.04306
0.024475
0.007782
-0.017395
-0.039764
-0.056488
-0.069763
-0.070709
-0.060394
-0.055237
-0.049469
-0.030151
-0.0093994
0.0044556
0.01825
0.023865
0.020172
0.021332
0.019226
0.0028687
-0.011322
-0.020966
-0.03183
-0.034546
-0.033295
-0.035797
-0.03067
-0.0159
-0.0033875
0.008667
0.018982
0.023254
0.027039
0.03186
0.026672
0.015045
0.0060425
-0.005127
-0.015503
-0.016022
-0.020935
-0.023926
-0.011749
-0.00039673
0.0072937
0.02359
0.034241
0.035919
0.043121
0.043091
0.030609
0.021271
0.010712
-0.0069885
-0.016266
-0.023987
-0.03421
-0.033539
-0.025146
-0.021637
-0.012146
-0.00177
0.00027466
0.0075684
0.017853
0.016144
0.01358
0.012115
0.0068054
0.0028076
-0.0014648
-0.008728
-0.012787
-0.014587
-0.015106
-0.019928
-0.021423
-0.0088806
-0.0019836
-0.0065308
-0.0054016
0.0063171
-0.0021667
-0.022003
-0.0091553
-0.069702
-0.13284
-0.068329
-0.049347
-0.065857
-0.0014038
0.044128
0.060791
0.155
0.20258
0.14572
0.13718
0.13885
0.081116
0.039215
0.0014648
-0.082764
-0.11105
-0.085571
-0.093079
-0.092102
-0.043823
-0.013794
0.017853
0.067383
0.070221
0.045654
0.048279
0.034668
-0.0073242
-0.037476
-0.069
-0.09967
-0.096924
-0.080566
-0.075226
-0.055084
-0.016388
0.018524
0.046783
0.067139
0.067383
0.05838
0.05069
0.028351
-0.0059814
-0.034149
-0.057526
-0.065063
-0.058105
-0.055878
-0.044922
-0.017303
0.007843
0.02832
0.042664
0.041443
0.040649
0.044373
0.035889
0.018677
0.0056458
-0.0033264
-0.0059204
-0.0034485
-0.0097961
-0.010559
0.0013733
0.01355
0.020813
0.027557
0.030548
0.032715
0.035339
0.030975
0.016052
0.0015869
-0.0093079
-0.019043
-0.022308
-0.034576
-0.039948
-0.025787
-0.017334
-0.017365
-0.0069885
-0.0036011
-0.005127
0.0069885
0.0050964
-0.0080261
-0.0075378
-0.017883
-0.025818
-0.023956
-0.049622
-0.044708
-0.087372
-0.18811
-0.11276
-0.041656
-0.047638
0.021576
0.10144
0.12277
0.20932
0.27451
0.1958
0.14154
0.12576
0.055786
-0.017426
-0.058563
-0.13965
-0.16962
-0.11392
-0.077362
-0.056824
0.0043945
0.054871
0.086792
0.12262
0.10944
0.056427
0.016296
-0.017792
-0.067596
-0.11157
-0.14084
-0.14886
-0.12311
-0.082062
-0.039917
0.0057678
0.050262
0.087982
0.10858
0.10318
0.077698
0.045776
0.0086365
-0.02713
-0.062653
-0.093903
-0.095428
-0.075531
-0.053925
-0.024109
0.010498
0.040314
0.067657
0.081451
0.058685
0.031616
0.02002
-0.0014343
-0.029022
-0.049103
-0.059296
-0.04715
-0.019501
0.00064087
0.015259
0.03418
0.049164
0.057953
0.059631
0.045959
0.030212
0.02597
0.013611
-0.0045166
-0.0080566
-0.016876
-0.018646
-0.013
-0.019897
-0.017944
-0.0066223
-0.0079041
0.0031433
0.01825
0.01178
0.010376
0.0080566
-0.019989
-0.036591
-0.038361
-0.047821
-0.076721
-0.084351
-0.073151
-0.19821
-0.20895
-0.053314
-0.025818
-0.0092163
0.10516
0.14978
0.19043
0.29874
0.27216
0.15277
0.11575
0.068512
-0.010345
-0.056671
-0.12149
-0.18436
-0.14035
-0.076477
-0.044922
0.0076904
0.061981
0.094116
0.13998
0.13544
0.061615
0.0050354
-0.030548
-0.084076
-0.12244
-0.14725
-0.16888
-0.13303
-0.062164
-0.021149
0.022919
0.073853
0.099365
0.11401
0.11374
0.074188
0.021606
-0.015076
-0.053497
-0.084106
-0.096466
-0.10251
-0.085999
-0.046936
-0.012756
0.021423
0.059021
0.076721
0.071228
0.058868
0.028961
-0.0015259
-0.024323
-0.045288
-0.058136
-0.054932
-0.032501
0.00061035
0.035706
0.057404
0.065521
0.069244
0.063538
0.048187
0.024323
0.0032043
-0.01297
-0.026855
-0.031006
-0.025665
-0.024475
-0.021454
-0.01004
-0.00091553
0.010071
0.013458
0.015656
0.027313
0.030243
0.01828
0.0043945
-0.010742
-0.02951
-0.041138
-0.071625
-0.10086
-0.10089
-0.2511
-0.27579
-0.10159
-0.057129
-0.025208
0.112
0.172
0.22711
0.35822
0.32391
0.18274
0.13425
0.061127
-0.040436
-0.079407
-0.15063
-0.2262
-0.15338
-0.05957
-0.021454
0.050507
0.11661
0.1232
0.16071
0.1619
0.059235
-0.028351
-0.070282
-0.13312
-0.17441
-0.1756
-0.18268
-0.14951
-0.059357
0.0041199
0.045349
0.10062
0.12793
0.12073
0.11658
0.077667
0.0030823
-0.040009
-0.065948
-0.098236
-0.10782
-0.092102
-0.067932
-0.024048
0.028107
0.061035
0.075775
0.08493
0.074615
0.047577
0.014771
-0.023285
-0.060638
-0.069122
-0.058807
-0.05423
-0.028992
0.010651
0.041901
0.065857
0.078186
0.071503
0.052277
0.03064
0.008667
-0.0085449
-0.023438
-0.032745
-0.036682
-0.029663
-0.02066
-0.018188
-0.017487
-0.0021057
0.015656
0.016052
0.021545
0.040344
0.04068
0.02359
0.0090942
-0.014648
-0.039734
-0.079407
-0.10919
-0.27585
-0.33575
-0.16953
-0.10114
-0.06366
0.077637
0.15219
0.2341
0.40543
0.39679
0.23364
0.17596
0.10843
-0.0082092
-0.063751
-0.13617
-0.25305
-0.21564
-0.094208
-0.042755
0.011353
0.096954
0.12012
0.15286
0.18817
0.10837
-0.0093079
-0.058685
-0.1066
-0.16995
-0.18689
-0.1926
-0.18652
-0.10629
-0.01004
0.036591
0.084595
0.13556
0.13788
0.12616
0.1004
0.03183
-0.029541
-0.056824
-0.084717
-0.11267
-0.11475
-0.09552
-0.055481
0.0018616
0.042236
0.059143
0.068176
0.066803
0.057373
0.042236
0.015594
-0.0112
-0.02005
-0.017242
-0.018707
-0.0049133
0.013733
0.027679
0.038361
0.038025
0.029175
0.024872
0.022186
0.013519
0.00082397
-0.010925
-0.019073
-0.02533
-0.029297
-0.040588
-0.050751
-0.044281
-0.029114
-0.0074463
0.0069885
0.014282
0.03067
0.043152
0.044891
0.024658
-0.020508
-0.071838
-0.2662
-0.31641
-0.18835
-0.15024
-0.10547
0.043671
0.12228
0.23175
0.4097
0.41083
0.27225
0.20856
0.12964
0.015045
-0.052826
-0.14435
-0.25601
-0.22821
-0.1373
-0.083038
-0.006897
0.082672
0.11426
0.15405
0.18549
0.12524
0.027069
-0.029388
-0.089355
-0.14902
-0.1637
-0.17874
-0.18463
-0.12125
-0.038696
0.015015
0.067352
0.10107
0.096863
0.10541
0.11194
0.051849
-0.017853
-0.054169
-0.08847
-0.10779
-0.092621
-0.079529
-0.068878
-0.027832
0.013763
0.03775
0.063049
0.075348
0.068054
0.058838
0.052124
0.032043
0.015503
0.012085
-0.0035706
-0.0036316
0.012939
0.019073
0.018555
0.023956
0.019897
0.015808
0.019379
0.010559
-0.00085449
-0.0043335
-0.017426
-0.035522
-0.034332
-0.034576
-0.052094
-0.05246
-0.025055
-0.0097351
-0.01239
0.0059814
0.010284
0.010529
0.032501
0.010315
-0.20343
-0.2868
-0.18411
-0.16315
-0.1221
0.0098267
0.032867
0.11777
0.33047
0.38867
0.28806
0.24725
0.16409
0.055634
0.029114
-0.031281
-0.17447
-0.19193
-0.12723
-0.10095
-0.039795
0.041504
0.046051
0.075867
0.13025
0.10278
0.024536
-0.015991
-0.054016
-0.097107
-0.1015
-0.11292
-0.14346
-0.12164
-0.064026
-0.026672
0.018433
0.06134
0.067413
0.080902
0.09668
0.070007
0.033051
0.010132
-0.025116
-0.06543
-0.081879
-0.096344
-0.10245
-0.069244
-0.040344
-0.021454
0.022064
0.059204
0.069214
0.084076
0.081757
0.050415
0.041046
0.035217
0.0025024
-0.014587
-0.010223
-0.015228
-0.012787
0.0026855
0.007843
0.010437
0.022949
0.032593
0.02652
0.018463
0.010651
-0.011078
-0.029633
-0.034271
-0.037872
-0.044525
-0.040497
-0.035645
-0.032867
-0.0085754
0.015778
0.069122
0.041992
-0.15231
-0.19089
-0.12723
-0.16299
-0.13721
-0.053345
-0.058716
0.017609
0.21997
0.27655
0.23669
0.24356
0.20227
0.14053
0.13528
0.059265
-0.071564
-0.1174
-0.10651
-0.1076
-0.075653
-0.039337
-0.030304
0.011871
0.076538
0.073578
0.030273
0.0091553
-0.018433
-0.04837
-0.05838
-0.078186
-0.10153
-0.093689
-0.06311
-0.038757
-0.013123
0.0057678
0.010773
0.021576
0.038025
0.042786
0.037445
0.025238
0.0023499
-0.013641
-0.019928
-0.024994
-0.031616
-0.034027
-0.032013
-0.021698
-0.0087891
0.01059
0.028412
0.042633
0.060669
0.061157
0.040863
0.022552
0.0092773
0.0012817
-0.001709
-0.0083008
-0.024323
-0.03183
-0.020721
-0.0081177
-0.0063477
-0.0067749
-0.00094604
0.0061646
0.011871
0.017426
0.011658
-0.0046692
-0.014191
-0.015656
-0.019928
-0.023438
-0.021576
-0.010559
0.026276
0.032623
-0.032196
-0.066071
-0.054749
-0.071045
-0.075836
-0.057434
-0.055786
-0.029816
0.047638
0.092316
0.096039
0.10291
0.10715
0.098938
0.1011
0.090057
0.057983
0.030426
0.015015
0.00039673
-0.0093994
-0.014893
-0.026245
-0.036621
-0.029022
-0.026123
-0.033569
-0.029175
-0.029297
-0.034058
-0.032257
-0.029938
-0.034973
-0.039368
-0.027679
-0.020477
-0.023285
-0.010742
0.0036011
0.0070496
0.014099
0.014801
0.0018616
0.0048218
0.016174
0.013855
0.0049744
0.0029297
-0.0055237
-0.0030212
0.010651
-0.0007019
-0.022858
-0.021027
-0.0074463
-0.0041504
0.0046997
0.017334
0.011322
0.0098877
0.019012
0.022888
0.019836
0.014465
0.0031128
-0.013031
-0.017273
-0.01712
-0.021179
-0.029236
-0.025421
-0.017456
-0.0039368
0.014465
0.018311
0.017517
0.022034
0.020325
0.01297
0.0027771
-0.0074463
-0.015289
-0.0058289
0.0040283
-0.0080872
-0.0090637
-0.0013733
-0.0018616
0.0027466
0.0068054
0.00073242
-0.004364
0.0063171
0.011993
0.010895
0.014557
0.011292
-0.0012817
-0.00091553
0.0037537
0.0041504
3.0518e-05
-0.0019836
0.0049438
0.0099792
0.016571
0.021942
0.013611
0.008667
0.0061646
-0.00061035
-0.0059204
-0.010071
-0.014099
-0.018341
-0.025482
-0.025055
