-0.00027466
-0.00015259
0.00024414
0.0005188
0.00033569
0.00015259
0
0.00015259
-0.00015259
-0.00015259
0.00018311
0.00039673
0.00073242
0.0012207
0.0014954
0.0011292
0.00088501
0.0010986
0.0013123
0.0011902
0.0011292
0.00091553
0.00076294
0.00073242
0.00033569
0.00030518
0.00018311
0.00018311
0.00030518
0.00054932
0.00042725
0.00021362
0.00042725
0.00057983
0.00048828
0.00012207
-0.00012207
-0.00085449
-0.00067139
-0.00094604
-0.0033264
-0.0018616
-0.0010986
-0.0012207
-0.0007019
0.00042725
0.0012512
0.0018921
0.0020447
0.0027161
0.002533
0.002594
0.0022278
0.0010681
-0.00033569
-0.00088501
-0.0014038
-0.0016479
-0.0018921
-0.0018921
-0.0013428
-0.00048828
0.00042725
0.0014648
0.002533
0.0026855
0.0024414
0.0029907
0.0031738
0.0021362
0.0010681
6.1035e-05
-0.00091553
-0.00177
-0.0028076
-0.0038757
-0.0047913
-0.0046082
-0.0041809
-0.0042725
-0.0052795
-0.0065613
-0.0071106
-0.0049133
-0.0033569
-0.0036011
-0.0033875
-0.0018005
-0.0014038
-0.002533
-0.0052185
-0.014587
-0.028442
-0.029388
-0.0242
-0.02179
-0.016235
-0.0044556
0.0084229
0.0289
0.052765
0.063202
0.061584
0.061554
0.060822
0.052612
0.037567
0.015503
-0.0092468
-0.025238
-0.031189
-0.036438
-0.042847
-0.043823
-0.036255
-0.021729
-0.0058289
0.0045166
0.0078125
0.011566
0.016663
0.01712
0.0112
0.00036621
-0.011963
-0.019745
-0.022552
-0.026245
-0.029846
-0.028534
-0.020782
-0.0089417
0.0024719
0.0093994
0.013123
0.018494
0.022827
0.020599
0.012756
0.0030823
-0.0071106
-0.012573
-0.016907
-0.022919
-0.024933
-0.020203
-0.012451
-0.0029602
0.0073853
0.014343
0.020935
0.028656
0.030975
0.028595
0.024841
0.018433
0.011139
0.0043335
-0.0021973
-0.0074158
-0.0089417
-0.0087891
-0.0073853
-0.0024719
0.0030518
0.0073853
0.010925
0.012268
0.0098877
0.0063171
0.0026245
-0.0028687
-0.0092773
-0.015503
-0.016418
-0.01413
-0.01416
-0.01358
-0.012848
-0.01236
-0.012848
-0.01062
-0.011108
-0.011017
-0.013367
-0.013153
-0.012177
-0.012054
-0.015717
-0.015228
-0.029358
-0.039459
-0.0242
-0.012787
-0.0061951
0.012024
0.031982
0.048157
0.076538
0.094025
0.082794
0.070984
0.061432
0.043976
0.020996
-0.0018616
-0.031006
-0.046997
-0.04422
-0.038483
-0.032928
-0.021454
-0.0080566
0.0071411
0.023224
0.026794
0.018158
0.0083923
-0.00054932
-0.013245
-0.02536
-0.037964
-0.048645
-0.047638
-0.036102
-0.025421
-0.015991
-0.00079346
0.014587
0.026062
0.033539
0.032715
0.024506
0.014526
0.0039368
-0.010345
-0.024048
-0.031494
-0.034393
-0.031158
-0.022247
-0.013947
-0.0047913
0.0069885
0.012451
0.014008
0.017303
0.013855
0.0080872
0.010193
0.0094299
0.007019
0.011444
0.014221
0.013031
0.016296
0.017853
0.013611
0.012238
0.011444
0.0076294
0.0059204
0.0048523
0.0030823
0.0030518
0.0048523
0.0018921
-0.0041199
-0.0076294
-0.011292
-0.017395
-0.017212
-0.020569
-0.023224
-0.018555
-0.010895
-0.013885
-0.0093384
-0.0025024
-0.0028992
0.0023193
-0.0092468
-0.018402
-0.010742
-0.021423
-0.032745
-0.021851
-0.087006
-0.10184
-0.036835
-0.018097
-0.0057373
0.045166
0.068024
0.091431
0.16122
0.16949
0.10629
0.080078
0.060089
0.014587
-0.01651
-0.045624
-0.099396
-0.096954
-0.048279
-0.027649
-0.015045
0.021088
0.044617
0.056824
0.075409
0.052734
-0.0011292
-0.026337
-0.035797
-0.065887
-0.085541
-0.086731
-0.087341
-0.063904
-0.015656
0.011719
0.024384
0.050873
0.067383
0.061127
0.050903
0.02948
-0.0073547
-0.029297
-0.037109
-0.054047
-0.067749
-0.056091
-0.03891
-0.023621
0.0070801
0.027649
0.031311
0.035126
0.033905
0.023285
0.015991
0.0091248
-0.0040283
-0.0097046
-0.010223
-0.0048828
0.0031433
0.011353
0.013977
0.018097
0.022461
0.024048
0.02243
0.019836
0.016205
0.011658
0.0054016
0.0021057
-0.0018616
-0.011353
-0.015686
-0.013702
-0.018127
-0.014069
-0.014008
-0.016571
-0.012177
0.0013733
0.0042114
0.0066223
0.0093994
0.00057983
-0.0014343
-0.031982
-0.048523
-0.047272
-0.052246
-0.12787
-0.1871
-0.10318
-0.045044
-0.00027466
0.065521
0.10004
0.12494
0.21613
0.25531
0.16736
0.10165
0.055542
-0.0011902
-0.042816
-0.067535
-0.12909
-0.14636
-0.072632
-0.01355
0.01181
0.046814
0.077118
0.083008
0.10513
0.082062
0.0022888
-0.060974
-0.078278
-0.10226
-0.12344
-0.12
-0.11319
-0.078369
-0.0069885
0.053009
0.067047
0.079865
0.092682
0.084137
0.065125
0.02948
-0.026917
-0.066162
-0.068878
-0.072998
-0.081665
-0.068115
-0.035461
0.0040283
0.012146
0.036743
0.062592
0.04953
0.027466
0.029388
0.0045471
-0.011444
-0.003479
-0.0094299
-0.030548
-0.0071106
0.013
0.016083
0.026337
0.032684
0.021332
0.028259
0.03186
0.015778
0.0043945
0.0088501
-0.0041809
-0.012177
-0.014404
-0.017242
-0.032349
-0.025787
-0.012451
-0.013611
-0.014099
0.001709
0.013123
0.014618
0.02417
0.024017
0.0012207
-0.018158
-0.022278
-0.048096
-0.079163
-0.075928
-0.19904
-0.2067
-0.081268
-0.029816
-0.0061951
0.099731
0.14517
0.1723
0.27646
0.27176
0.13953
0.074982
0.049286
-0.029633
-0.087006
-0.10922
-0.16342
-0.14334
-0.040649
0.018738
0.034668
0.082764
0.11597
0.11035
0.10611
0.062195
-0.036865
-0.10034
-0.10733
-0.13116
-0.15259
-0.13269
-0.098114
-0.051056
0.026825
0.080719
0.085999
0.09552
0.10562
0.07959
0.036163
-0.0053101
-0.056854
-0.088379
-0.083618
-0.080292
-0.078552
-0.04953
-0.0044556
0.037048
0.068756
0.07782
0.055878
0.03775
0.038452
0.019165
-0.015198
-0.032501
-0.037964
-0.031067
-0.010468
0.0066223
0.0097046
0.024689
0.037872
0.039429
0.034882
0.023468
0.0048828
-0.0048218
-0.0048828
-0.013397
-0.030975
-0.028748
-0.023315
-0.02887
-0.027954
-0.025391
-0.018829
0.0032349
0.022156
0.022827
0.027863
0.043427
0.035187
0.016663
-0.027557
-0.066833
-0.092499
-0.23734
-0.2489
-0.13242
-0.082031
-0.036896
0.095886
0.15564
0.20056
0.32278
0.32413
0.189
0.11081
0.057648
-0.039337
-0.099213
-0.12808
-0.19629
-0.18411
-0.068909
0.014862
0.052032
0.10855
0.14178
0.13251
0.12988
0.086456
-0.02179
-0.1033
-0.12564
-0.15695
-0.17905
-0.16251
-0.12955
-0.07785
0.01236
0.085693
0.099487
0.1055
0.11563
0.098999
0.057678
0.0066833
-0.057343
-0.10309
-0.099213
-0.084534
-0.080841
-0.056152
-0.0083618
0.032074
0.057831
0.068237
0.063324
0.05304
0.041901
0.023315
0.00015259
-0.018677
-0.020386
-0.011047
-0.0050049
0.0036926
0.010132
0.021881
0.035736
0.034393
0.023682
0.013763
0.013519
0.012604
0.0041809
-0.0083618
-0.023773
-0.035858
-0.037079
-0.042725
-0.051025
-0.046692
-0.03186
-0.014191
0.0055542
0.022461
0.039642
0.052917
0.019226
-0.011261
-0.068146
-0.2392
-0.23016
-0.13235
-0.11551
-0.073517
0.056091
0.10764
0.19629
0.34903
0.33591
0.21054
0.1626
0.10916
0.006134
-0.063232
-0.12531
-0.21744
-0.20132
-0.1037
-0.043365
-0.0027466
0.07373
0.11627
0.12988
0.15213
0.11459
0.012604
-0.05481
-0.082489
-0.13208
-0.16721
-0.16052
-0.1449
-0.10355
-0.013977
0.047699
0.068726
0.096893
0.11676
0.10281
0.075287
0.037018
-0.022125
-0.072662
-0.087982
-0.099304
-0.10748
-0.083649
-0.058136
-0.039093
0.010468
0.059113
0.069641
0.082031
0.09671
0.074799
0.048798
0.039581
0.012451
-0.023407
-0.03067
-0.023773
-0.024231
-0.0037842
0.019043
0.023071
0.029541
0.040619
0.039734
0.030121
0.018646
-0.0032959
-0.031097
-0.045654
-0.0495
-0.057251
-0.056549
-0.049469
-0.040985
-0.016846
0.010651
0.023315
0.02356
0.039825
-0.050659
-0.22919
-0.19669
-0.13037
-0.13797
-0.082794
0.020386
0.041992
0.15729
0.32425
0.31445
0.22165
0.19611
0.14566
0.067749
0.016174
-0.06076
-0.17368
-0.17453
-0.10715
-0.06601
-0.040131
0.022736
0.057983
0.087616
0.12817
0.10764
0.02005
-0.022644
-0.038422
-0.088715
-0.12689
-0.13055
-0.14178
-0.12021
-0.051147
-0.013489
0.00042725
0.044647
0.079498
0.082703
0.087372
0.078491
0.034088
0.00054932
-0.014618
-0.057281
-0.0914
-0.085449
-0.076996
-0.067505
-0.032898
0.0037842
0.030304
0.068817
0.098663
0.091522
0.077667
0.064423
0.032562
-3.0518e-05
-0.013794
-0.027283
-0.042999
-0.031555
-0.019531
-0.015015
-0.005188
0.0090637
0.01178
0.017059
0.026245
0.020996
0.0074768
0.0063782
-0.0056152
-0.028778
-0.039978
-0.046875
-0.05658
-0.036835
-0.015778
0.042206
-0.059174
-0.20798
-0.15475
-0.094299
-0.11649
-0.037994
0.024689
0.00018311
0.12015
0.28864
0.25739
0.18976
0.16837
0.1116
0.067017
0.07547
0.013092
-0.092224
-0.096924
-0.063354
-0.05603
-0.028473
-0.0018921
-0.016663
0.00094604
0.049194
0.038391
-0.012421
-0.024902
-0.022308
-0.048004
-0.064392
-0.069916
-0.096252
-0.089752
-0.041351
-0.023163
-0.02124
0.0112
0.035492
0.039124
0.054901
0.058105
0.028961
0.0058289
-0.00079346
-0.02121
-0.039886
-0.040161
-0.041382
-0.039886
-0.016449
0.0053711
0.0097046
0.022064
0.039642
0.043579
0.044739
0.050507
0.047546
0.024536
0.01355
0.012146
-0.00033569
-0.012634
-0.013824
-0.024841
-0.038879
-0.035889
-0.030029
-0.029388
-0.021118
-0.0030823
0.0065918
0.009613
0.018524
0.013702
0.00027466
-0.0064392
-0.012268
-0.01062
-0.0010376
0.020416
0.0046692
-0.079681
-0.11847
-0.099091
-0.10312
-0.084625
-0.039032
-0.026367
0.020477
0.13129
0.18915
0.18213
0.17575
0.14746
0.10895
0.082581
0.040192
-0.027679
-0.061493
-0.058777
-0.051025
-0.031372
-0.0070496
-0.0089417
-0.0021362
0.018433
0.014496
-0.012177
-0.02948
-0.037781
-0.060181
-0.062012
-0.052795
-0.064026
-0.061432
-0.03653
-0.022308
-0.0242
-0.012573
-0.003479
-0.00033569
0.019684
0.03125
0.021667
0.024811
0.037109
0.021362
0.01239
0.015747
0.0029297
-0.0057983
0.0050354
0.0061646
0.0010071
0.0052185
0.0033875
-0.0022888
0.0016174
0.0085754
0.0046692
-0.00033569
3.0518e-05
-0.0010986
0.00054932
0.0079041
0.0086365
-0.0057983
-0.0085449
-0.01001
-0.014465
-0.014557
-0.016754
-0.030396
-0.0354
-0.023865
-0.0097046
-0.0016174
0.0037231
0.01004
0.016327
0.025848
0.03772
0.021149
-0.017731
-0.028351
-0.02359
-0.0271
-0.023834
-0.019348
-0.027863
-0.019012
0.019104
0.037598
0.035645
0.046997
0.056793
0.056091
0.061615
0.066895
0.049133
0.028809
0.022766
0.012024
-0.0055542
-0.015564
-0.020081
-0.027313
-0.028198
-0.022339
-0.021606
-0.024445
-0.019073
-0.014923
-0.013824
-0.01178
-0.019684
-0.035858
-0.035889
-0.024933
-0.024109
-0.024994
-0.019531
-0.010895
0.002655
0.012634
0.013519
0.014252
0.021545
0.020844
0.015106
0.016296
0.018188
0.0040283
-0.0028687
0.0025635
0.0023499
0.0033264
0.011017
-0.00091553
-0.012695
-0.0044861
0.0018311
-0.00354
-0.0086365
-0.01123
-0.012604
-0.0072021
-0.002533
-0.0052185
-0.0020752
0.0038757
0.0031128
3.0518e-05
0.0038147
0.0063782
0.0082397
0.0071106
0.0026245
-0.0039062
-0.011444
-0.0030823
-0.005188
-0.0072327
-0.0031433
-0.0015259
0.0098877
0.019226
0.018005
0.011414
0.010559
0.0097656
-0.00076294
-0.011536
-0.011993
-0.0072937
-0.010132
-0.006012
-0.0046997
-0.006073
0.0010986
0.0092773
0.014832
0.0094604
0.0091553
0.012848
0.015991
0.018982
0.0094299
-0.0035706
-0.0087585
-0.0056458
0.0012817
-0.00076294
-0.004425
-0.0072937
-0.0085754
0.00027466
0.0027466
-0.0029907
-0.0040283
