0.006958
0.0028687
-0.0016479
-0.0058594
-0.009613
-0.012146
-0.013336
-0.013123
-0.013031
-0.012177
-0.0097046
-0.007019
-0.0049744
-0.0015869
0.00094604
0.0021973
0.0053711
0.0072632
0.0073853
0.0085754
0.010101
0.0097961
0.010101
0.0097046
0.0082092
0.0077515
0.0072021
0.005188
0.004303
0.0036011
0.00177
0.00076294
-0.00021362
-0.0018921
-0.0023193
-0.002533
-0.0036926
-0.004425
-0.0038452
-0.0033264
-0.0028076
-0.0028076
-0.0027161
-0.0020142
-0.0018005
-0.0021057
-0.0014648
-0.0012512
-0.001709
-0.0016479
-0.0021362
-0.0030518
-0.0030823
-0.0032959
-0.0039978
-0.0044861
-0.0050354
-0.0055237
-0.0050354
-0.0040894
-0.0040894
-0.0039368
-0.0029907
-0.0024109
-0.0016785
9.1553e-05
0.00021362
-0.00024414
-0.00015259
-0.00057983
-0.0032654
-0.0050964
-0.007782
-0.0097351
-0.010284
-0.010742
-0.009613
-0.0067444
-0.0031738
0.0020142
0.0092773
0.015564
0.022614
0.029938
0.036316
0.04071
0.043884
0.044586
0.043488
0.040619
0.035095
0.027405
0.018341
0.0080872
-0.0027161
-0.012817
-0.022797
-0.031433
-0.038422
-0.044281
-0.047699
-0.048218
-0.046875
-0.044373
-0.040283
-0.035126
-0.028259
-0.020416
-0.013885
-0.0062256
0.0019531
0.0083008
0.012787
0.017303
0.020782
0.022797
0.023682
0.022339
0.020538
0.018616
0.015869
0.011597
0.0074768
0.0034485
-0.0010071
-0.0052795
-0.0083923
-0.01181
-0.013702
-0.013702
-0.014313
-0.013489
-0.010376
-0.0072632
-0.00354
0.0018616
0.006073
0.010925
0.016052
0.018799
0.021301
0.023956
0.023315
0.021454
0.019531
0.01593
0.011963
0.0074158
0.0019531
-0.0028076
-0.0059814
-0.0099182
-0.013489
-0.015106
-0.016479
-0.017303
-0.016876
-0.016113
-0.014923
-0.012756
-0.011322
-0.0094299
-0.007019
-0.005249
-0.0039368
-0.0010376
0
-0.00042725
0.0018005
0.00088501
0.00082397
0.0014954
-0.00082397
-0.0035095
-0.002594
-0.0073547
-0.013245
-0.015015
-0.016205
-0.021606
-0.018372
-0.016968
-0.017334
-0.0089722
0.0010376
0.0065613
0.01886
0.032898
0.038391
0.050781
0.062714
0.06543
0.065582
0.069885
0.062073
0.053955
0.047821
0.033569
0.014465
0.0021057
-0.012665
-0.030487
-0.041779
-0.051453
-0.062347
-0.068451
-0.067017
-0.067871
-0.065674
-0.058807
-0.051422
-0.044159
-0.031799
-0.020996
-0.013062
-0.0019531
0.0098267
0.017059
0.022949
0.029205
0.031219
0.032471
0.034332
0.032806
0.027649
0.024048
0.019409
0.012238
0.0065002
0.0010071
-0.0062561
-0.011688
-0.01474
-0.018311
-0.021271
-0.021912
-0.020599
-0.019287
-0.015503
-0.010193
-0.0050354
0.0013123
0.0093079
0.01593
0.023193
0.030273
0.034302
0.037323
0.039795
0.039246
0.035339
0.031219
0.025513
0.017944
0.0089722
-6.1035e-05
-0.0092163
-0.018311
-0.02475
-0.030548
-0.035797
-0.037445
-0.036926
-0.038239
-0.035004
-0.030396
-0.027283
-0.02124
-0.014008
-0.0098572
-0.003479
0.0039062
0.0083313
0.014832
0.01709
0.017578
0.017609
0.014954
0.0091248
0.0094299
-0.01123
-0.018219
-0.017639
-0.03656
-0.032227
-0.032074
-0.039246
-0.033936
-0.0060425
-0.0096741
0.011597
0.032562
0.038055
0.055817
0.08197
0.082214
0.081116
0.095093
0.081055
0.075592
0.069489
0.051819
0.022644
0.011902
-0.0074158
-0.0289
-0.044861
-0.058289
-0.074554
-0.080292
-0.078278
-0.080902
-0.081085
-0.074371
-0.063324
-0.055573
-0.040436
-0.027771
-0.018036
-0.005127
0.012085
0.022369
0.028931
0.037109
0.04129
0.041199
0.043274
0.041595
0.032806
0.026642
0.021149
0.011414
0.0032349
-0.0036011
-0.013855
-0.022186
-0.025269
-0.029144
-0.033295
-0.032684
-0.033356
-0.028564
-0.020599
-0.013397
-0.0033569
0.0065918
0.018738
0.031433
0.041748
0.047028
0.056458
0.057953
0.053009
0.051056
0.053009
0.027191
0.018585
0.026855
0.0039673
-0.013367
-0.0098877
-0.022552
-0.044922
-0.043335
-0.04599
-0.057159
-0.056793
-0.04834
-0.046906
-0.035919
-0.026062
-0.017548
0.0012512
0.011993
0.017975
0.026978
0.025543
0.018799
0.010986
0.0074158
-0.031921
-0.083069
-0.067078
-0.063904
-0.073822
-0.068604
-0.042145
-0.029755
0.022552
0.081482
0.091095
0.10144
0.13232
0.15952
0.15445
0.15665
0.12006
0.075745
0.051697
0.039948
-0.022003
-0.071198
-0.09259
-0.11844
-0.12653
-0.11176
-0.11548
-0.12079
-0.070526
-0.025146
-0.0075684
0.019379
0.043854
0.049408
0.072968
0.082123
0.049316
0.02713
0.022278
-0.00088501
-0.02652
-0.038361
-0.063141
-0.072662
-0.052612
-0.043091
-0.046783
-0.027435
-0.0018921
0.015076
0.036865
0.046814
0.037445
0.039093
0.041901
0.016205
-0.01004
-0.037811
-0.069855
-0.0578
-0.043518
-0.053345
-0.035736
0.014679
0.0448
0.075714
0.1069
0.095367
0.086823
0.091644
0.066132
0.021973
0.0013428
-0.022766
-0.042145
-0.046753
-0.055573
-0.060333
-0.038025
-0.020905
-0.022186
-0.010101
0.0029907
0.0051575
0.014038
0.026306
0.015869
0.0040894
0.0097961
-0.0020447
-0.034912
-0.034973
-0.042816
-0.07959
-0.088287
-0.089966
-0.19818
-0.18671
-0.059357
-0.060486
-0.050476
0.067108
0.13373
0.16644
0.29141
0.28439
0.1918
0.19806
0.19629
0.080688
0.0033264
-0.049591
-0.15414
-0.16711
-0.13254
-0.14984
-0.1445
-0.052643
0.0014038
0.04541
0.096161
0.10123
0.082886
0.092133
0.068878
-0.0076599
-0.062622
-0.096161
-0.12482
-0.13663
-0.12704
-0.1145
-0.071564
-0.0064087
0.045349
0.076538
0.10361
0.12006
0.11584
0.09549
0.050262
-0.0052795
-0.048187
-0.079681
-0.11191
-0.13016
-0.12027
-0.09082
-0.045959
0.0030212
0.037903
0.069122
0.10297
0.067932
0.049286
0.039703
0.0010986
-0.012024
0.002533
-0.010284
-0.0039978
0.039185
0.041473
0.031647
0.032166
0.020813
0.0040894
0.0076599
-0.0041809
-0.017639
-0.0065308
0.0012207
-0.01059
-0.011719
-0.00079346
-0.0021973
-0.019684
-0.020935
-0.014496
-0.030579
-0.029968
0.0050049
0.0039978
-0.022064
-0.028259
-0.041504
-0.064301
-0.11975
-0.24991
-0.19247
-0.083557
-0.075928
-0.024384
0.1058
0.1698
0.25156
0.36353
0.29861
0.20773
0.18896
0.13519
0
-0.085297
-0.16656
-0.21603
-0.17627
-0.13239
-0.10452
-0.048584
0.043976
0.10791
0.15668
0.14255
0.098175
0.063934
0.023926
-0.045258
-0.12161
-0.17584
-0.18967
-0.16226
-0.13403
-0.10309
-0.037598
0.05014
0.10605
0.13766
0.14542
0.12686
0.097198
0.059082
-0.0054321
-0.080231
-0.11972
-0.12634
-0.12015
-0.10086
-0.059875
-0.0065918
0.046326
0.090881
0.10767
0.11383
0.075409
-0.032623
-0.029877
0.0046692
-0.056976
-0.068878
0.0025024
0.013031
0.042847
0.10562
0.062714
0.021515
0.032776
0.0082703
-0.028656
-0.020538
-0.03775
-0.031006
-0.00061035
-0.0090942
-0.013123
0.016205
0.0090637
-0.015106
-0.00045776
-0.016815
-0.03598
-0.0071106
0.0035706
-0.012604
-0.0039673
-0.047638
-0.104
-0.21289
-0.28525
-0.16888
-0.11362
-0.10742
-0.0022888
0.14706
0.23254
0.35327
0.38306
0.28271
0.23822
0.19971
0.081482
-0.04892
-0.12851
-0.22296
-0.21237
-0.14551
-0.10983
-0.063293
0.047272
0.12488
0.15771
0.17264
0.12103
0.05719
0.0054932
-0.059784
-0.1528
-0.20615
-0.22443
-0.2114
-0.16
-0.09729
-0.036743
0.043335
0.12537
0.16141
0.16913
0.15192
0.10986
0.054138
-0.0055237
-0.074341
-0.12262
-0.13406
-0.12845
-0.10779
-0.067871
-0.013336
0.045349
0.088196
0.11676
0.086731
0.00091553
0.014069
0.042877
-0.021454
-0.044067
-0.00045776
0.0075684
0.042419
0.093109
0.04834
0.015411
0.046234
0.024628
-0.019897
-0.0090332
-0.017426
-0.021942
0.0031433
-0.0059509
-0.025116
-0.0027161
-0.010437
-0.052582
-0.053619
-0.04364
-0.057831
-0.055054
-0.026031
-0.0077515
-0.029663
-0.038483
-0.093994
-0.27621
-0.22061
-0.087372
-0.12006
-0.066864
0.10483
0.16446
0.28052
0.44739
0.36667
0.25403
0.25821
0.17371
0.0022888
-0.081818
-0.18915
-0.28027
-0.21567
-0.14069
-0.11905
-0.037109
0.091614
0.14725
0.18222
0.17404
0.099762
0.027161
-0.0061951
-0.085114
-0.18701
-0.22336
-0.21167
-0.18262
-0.12225
-0.055237
-0.0016785
0.081085
0.16013
0.17538
0.14716
0.11728
0.073395
0.018524
-0.037933
-0.11133
-0.16815
-0.16711
-0.1373
-0.10748
-0.073975
-0.033875
0.01651
0.077118
0.11963
0.11948
0.10629
0.10223
0.0914
0.072632
0.042786
0.00064087
-0.020264
-0.010712
-0.011383
-0.01297
-0.0016785
0.016174
0.02829
0.043335
0.042023
0.029602
0.020905
-0.0015259
-0.035553
-0.051361
-0.065735
-0.092621
-0.088501
-0.091339
-0.10596
-0.070007
-0.035034
-0.065735
-0.10095
-0.2522
-0.24533
-0.059082
-0.016479
-0.03241
0.086853
0.18079
0.25986
0.39682
0.35004
0.19104
0.1684
0.16006
0.049072
-0.043274
-0.12253
-0.20761
-0.16272
-0.08017
-0.062683
-0.035797
0.057404
0.10904
0.13336
0.13553
0.069305
-0.014038
-0.047241
-0.086273
-0.15607
-0.18994
-0.17963
-0.14389
-0.085754
-0.01532
0.030151
0.074554
0.12463
0.13312
0.10764
0.07431
0.028107
-0.02243
-0.0513
-0.090118
-0.12564
-0.11502
-0.082214
-0.067841
-0.047119
-0.012848
0.018433
0.051727
0.079712
0.087341
0.083344
0.087128
0.077759
0.046906
0.011719
-0.015686
-0.026611
-0.023163
-0.019501
-0.0159
-0.0076599
0.017212
0.042053
0.043274
0.039215
0.044128
0.02948
0.0073853
-0.007843
-0.029327
-0.059204
-0.088654
-0.094757
-0.069092
-0.048065
-0.040039
-0.015656
0.030548
-0.026611
-0.25256
-0.23419
-0.10544
-0.13947
-0.097656
0.055267
0.086761
0.20831
0.41812
0.36462
0.2218
0.20721
0.14783
0.034058
-0.01178
-0.094604
-0.19525
-0.15009
-0.07843
-0.063019
-0.017395
0.053802
0.062378
0.086914
0.10547
0.047882
-0.028168
-0.046814
-0.070831
-0.12476
-0.15152
-0.15128
-0.138
-0.087158
-0.02301
0.0070801
0.037598
0.093353
0.1254
0.11847
0.10391
0.062286
0.0066528
-0.02063
-0.064331
-0.12567
-0.14618
-0.12738
-0.098297
-0.057556
-0.0007019
0.043701
0.085815
0.12604
0.13666
0.11169
0.082458
0.055145
0.028473
-0.0037842
-0.035614
-0.042877
-0.030487
-0.016846
-0.011719
-0.010956
-0.0049438
0.0068054
0.0011597
-0.0097046
-0.011719
-0.012756
-0.0062561
0.00039673
-0.0055237
-0.025391
-0.040497
-0.035706
-0.038177
-0.02832
-0.018616
0.05545
-0.056061
-0.26733
-0.1774
-0.10104
-0.17218
-0.07132
0.038177
0.0099182
0.16605
0.3819
0.30334
0.22314
0.25104
0.1698
0.063721
0.059967
-0.046661
-0.15308
-0.11758
-0.069672
-0.084625
-0.027679
0.033325
0.028717
0.054016
0.084717
0.029785
-0.032013
-0.034119
-0.058044
-0.11261
-0.12613
-0.1221
-0.13068
-0.094727
-0.038055
-0.028687
-0.01709
0.028137
0.042328
0.035522
0.053436
0.048004
0.018372
0.017609
0.02063
-0.0079041
-0.011047
0.0071106
-0.007843
-0.0070496
0.017273
0.022766
0.024384
0.038177
0.028625
0.022858
0.036743
0.038208
0.027588
0.010468
-0.017181
-0.029755
-0.024384
-0.026367
-0.0354
-0.036865
-0.026947
-0.014648
-0.0042114
-0.0010986
-0.0091553
-0.017883
-0.020782
-0.016754
-0.0050659
-0.0059204
-0.014221
-0.011261
0.026489
0.045654
-0.0014343
-0.064209
-0.09967
-0.11227
-0.099304
-0.094177
-0.078613
-0.037933
0.032532
0.11237
0.17911
0.19412
0.1803
0.17648
0.1554
0.10474
0.064575
0.02832
-0.012268
-0.030487
-0.035919
-0.040497
-0.026276
-0.012817
-0.016449
-0.021088
-0.032867
-0.048615
-0.045044
-0.049347
-0.062408
-0.052979
-0.047974
-0.062714
-0.06427
-0.057404
-0.056
-0.046234
-0.036499
-0.026947
-0.0065308
0.02063
0.039001
0.052948
0.058533
0.0625
0.059113
0.04834
0.023621
0.0058899
0.0010071
-0.0079651
-0.014893
-0.002655
0.014191
0.026642
0.027039
0.0062256
-0.01178
-0.017761
-0.020935
-0.032104
-0.042847
-0.044922
-0.035004
-0.0055847
0.013092
0.0079346
0.0075378
0.020996
0.0075073
-0.0086365
-0.0052795
-0.017395
-0.032318
-0.022614
-0.0088806
0.0014954
0.022034
0.015686
0.0055237
-0.0034485
-0.011261
6.1035e-05
0.0014648
-0.018921
-0.029877
-0.012238
0.0030518
0.012268
0.021515
0.022034
0.028503
0.053314
0.066956
0.062073
0.061096
0.054535
0.044495
0.04364
0.036957
0.015503
0.0065613
0.0032959
-0.0061646
-0.013977
-0.024506
-0.047668
-0.052826
-0.038818
-0.033997
-0.041382
-0.042603
-0.037994
-0.028229
-0.017365
-0.015594
-0.021301
-0.022797
-0.01886
-0.019104
-0.023468
-0.028717
-0.025055
-0.0078735
0.010895
0.020874
0.024017
0.034515
0.043365
0.039612
0.028687
0.018951
0.0091858
-0.0024109
-0.0054321
-0.0056458
-0.0093384
-0.0054626
0.012817
0.01358
-0.0047607
-0.0087891
-0.0079346
-0.020691
-0.025024
-0.016663
-0.014099
-0.013733
-0.0010681
0.0024109
0.012695
0.024139
0.016449
0.0067139
0.0020752
-0.0019226
-0.0056152
0.0028381
0.011932
-0.0025635
-0.012604
0.00076294
0.0079956
0.015381
0.02536
0.019165
0.0055542
0.014832
0.022491
0.00082397
-0.0075684
-0.010681
-0.030121
-0.02829
-0.010498
-0.0159
-0.0085754
0.018555
0.019226
0.0079041
0.016266
0.022797
0.013428
0.013855
0.012085
0.012299
0.012299
0.0044556
-0.0048523
-0.015564
-0.023529
-0.016571
-0.020142
-0.028351
-0.020782
-0.01178
-0.0019226
0.013641
0.018219
-0.00021362
-0.0030212
0.0059204
-0.0075073
-0.010651
0.0013733
-0.018768
-0.025696
0.0028687
