-3.0518e-05
-0.0022278
-0.0036316
-0.0048218
-0.0056152
-0.0057983
-0.0055237
-0.0051575
-0.0044556
-0.00354
-0.0018311
6.1035e-05
0.0015564
0.0032654
0.0049133
0.0060425
0.0073853
0.0088501
0.0089111
0.008606
0.0085754
0.0079041
0.0065002
0.0048828
0.0029907
0.00079346
-0.0011597
-0.0031128
-0.0046692
-0.0058594
-0.0071106
-0.0072937
-0.0069885
-0.0066223
-0.0047607
-0.0020752
-0.00027466
0.002655
0.0058289
0.007782
0.0095825
0.011597
0.011871
0.011108
0.010834
0.0093689
0.0072021
0.005249
0.0029907
9.1553e-05
-0.0021057
-0.0042114
-0.0065002
-0.0081482
-0.0094604
-0.0099182
-0.010101
-0.0099487
-0.0095825
-0.0089417
-0.0075378
-0.0058899
-0.0041809
-0.002533
-0.0010376
0.00030518
0.0014038
0.002655
0.0038147
0.0042114
0.0042725
0.0039368
0.0026855
0.0018005
0.0011292
0.00030518
-0.00033569
-0.00091553
-0.0012207
-0.0014648
-0.00091553
-0.00073242
-0.0016174
-0.0018005
-0.0027466
-0.005188
-0.0081177
-0.011139
-0.014709
-0.017548
-0.018768
-0.019196
-0.018555
-0.014771
-0.0084534
-0.00091553
0.0082092
0.018738
0.02832
0.036987
0.045227
0.050507
0.052673
0.05249
0.048309
0.040619
0.032135
0.021851
0.0090637
-0.0040588
-0.015808
-0.026306
-0.035309
-0.041962
-0.0466
-0.048584
-0.047668
-0.044678
-0.039734
-0.033447
-0.025665
-0.017609
-0.0096436
-0.0010986
0.0065002
0.012817
0.018433
0.02243
0.024353
0.024841
0.023346
0.019653
0.01532
0.010773
0.0054016
0.00015259
-0.0049744
-0.010193
-0.013733
-0.015472
-0.016937
-0.017548
-0.017334
-0.016357
-0.013916
-0.010986
-0.0083008
-0.0042419
0.00054932
0.0045776
0.010315
0.015564
0.018707
0.022766
0.02652
0.026978
0.026947
0.025604
0.02066
0.016785
0.013123
0.006073
-0.00021362
-0.0043335
-0.0094299
-0.012512
-0.013458
-0.015381
-0.015717
-0.013763
-0.012512
-0.010651
-0.0081787
-0.0067749
-0.0044861
-0.002533
-0.002533
-0.0027771
-0.0023804
-0.002594
-0.0015869
-0.00097656
-0.0021057
-0.001709
-0.0013428
-0.0026245
-0.0042114
-0.0072327
-0.010284
-0.011047
-0.0097961
-0.0099182
-0.011505
-0.0095825
-0.0090942
-0.010742
-0.014587
-0.021332
-0.022552
-0.016205
-0.01001
-0.0010986
0.012726
0.028046
0.048218
0.069
0.078186
0.078033
0.076477
0.068878
0.05423
0.036011
0.0112
-0.014557
-0.030487
-0.040741
-0.049866
-0.052856
-0.050171
-0.042816
-0.028137
-0.012787
-0.0041504
0.0016785
0.0073853
0.010132
0.0083008
0.0012817
-0.0099487
-0.020447
-0.02536
-0.028198
-0.031097
-0.029663
-0.022766
-0.012482
-9.1553e-05
0.010315
0.015625
0.019043
0.022034
0.02005
0.012512
0.0032043
-0.0064087
-0.013672
-0.017212
-0.019897
-0.02121
-0.017883
-0.011566
-0.0063477
-0.0015564
0.0035095
0.0086365
0.01358
0.018921
0.022339
0.022797
0.024414
0.026489
0.024902
0.022034
0.019897
0.015686
0.012665
0.012238
0.0092773
0.0063782
0.0064392
0.0049744
0.0033569
0.0018921
-0.0018616
-0.0061646
-0.0064697
-0.010193
-0.01593
-0.019104
-0.021484
-0.02359
-0.02066
-0.022858
-0.028656
-0.014252
-0.0068054
-0.0083008
-0.0030823
0.00057983
0.0010681
-0.0080261
-0.0042419
-0.0014038
-0.010345
-0.018738
-0.012848
-0.025024
-0.02356
-0.007019
-0.075775
-0.080414
-0.019073
-0.013824
-0.0057068
0.045776
0.058624
0.078644
0.14871
0.14517
0.095215
0.081268
0.068817
0.023529
0.0024719
-0.028198
-0.078583
-0.073883
-0.040924
-0.031616
-0.020874
0.0057983
0.02002
0.042389
0.056763
0.033783
-0.00094604
-0.015839
-0.032288
-0.054077
-0.068909
-0.082367
-0.080627
-0.055115
-0.024536
-0.0079346
0.011475
0.030029
0.044617
0.056061
0.046173
0.021667
0.0023499
-0.011017
-0.026611
-0.041565
-0.052216
-0.052704
-0.038116
-0.016846
-0.0016174
0.010925
0.024078
0.030975
0.028076
0.014648
0.0019531
-0.0069885
-0.020508
-0.021606
-0.011322
-0.00012207
0.017853
0.039581
0.049103
0.053589
0.057434
0.048248
0.032867
0.017822
0.004364
-0.0023804
-0.0072327
-0.014526
-0.010925
-0.0058899
-0.0059814
-0.009491
-0.0083923
-0.01358
-0.022644
-0.019012
-0.018921
-0.025299
-0.022583
-0.0098572
-0.0098877
-0.0091858
-0.0035095
-0.0097046
-0.016022
-0.014679
-0.012939
-0.018494
-0.028046
-0.02774
-0.0071411
-0.098907
-0.14569
-0.050537
-0.024963
-0.017792
0.047058
0.077423
0.10007
0.19696
0.20584
0.13113
0.097504
0.067505
0.016632
-0.010773
-0.052612
-0.12393
-0.10529
-0.0513
-0.03006
-0.00064087
0.03714
0.044281
0.075623
0.099823
0.047699
-0.010437
-0.028442
-0.055084
-0.085388
-0.089172
-0.1044
-0.10217
-0.050781
-0.0050354
0.011566
0.035553
0.05719
0.057922
0.060822
0.046722
0.00354
-0.026581
-0.033447
-0.04892
-0.062195
-0.06134
-0.053772
-0.030212
0.004425
0.024933
0.029449
0.048706
0.016815
-0.018097
0.011841
0.0039978
-0.024597
-0.0031738
0.0038452
0.00039673
0.043671
0.056152
0.027405
0.033875
0.033539
0.014709
0.015137
0.0093994
-0.014923
-0.0010071
0.016296
-0.00039673
0.0036011
0.013123
0.00039673
-0.0036926
-0.0066833
-0.027405
-0.029083
-0.019836
-0.02179
-0.015656
0.00354
-0.0018921
0.0069275
0.019775
-0.0016785
-0.0057678
-0.018951
-0.043243
-0.057831
-0.048767
-0.093536
-0.21066
-0.15665
-0.059448
-0.040131
0.019348
0.090485
0.11081
0.19843
0.28342
0.20453
0.13141
0.10349
0.041199
-0.017273
-0.036835
-0.11456
-0.15469
-0.083221
-0.027832
-0.014038
0.029755
0.064484
0.073822
0.10883
0.091553
0.0093689
-0.044098
-0.056488
-0.09201
-0.11368
-0.1145
-0.12219
-0.088226
-0.014465
0.028412
0.04364
0.074982
0.083618
0.075836
0.071777
0.039062
-0.016174
-0.041656
-0.050171
-0.069183
-0.076752
-0.068573
-0.053192
-0.016693
0.018646
0.024017
0.02713
0.032562
0.03302
0.02713
0.011505
-0.011627
-0.021179
-0.010559
-0.0031128
-0.0036316
0.0016479
0.016266
0.030731
0.041412
0.039978
0.027466
0.019043
0.020752
0.014038
-0.0027466
-0.0088196
-0.015106
-0.019348
-0.009491
-0.020081
-0.036774
-0.028046
-0.012146
-0.0093079
0.0019226
0.0098267
0.0036621
0.022644
0.03595
0.0047913
-0.012482
-0.0077209
-0.051819
-0.046021
-0.071075
-0.24042
-0.20059
-0.067261
-0.064575
-0.011719
0.10318
0.1102
0.19617
0.32916
0.24792
0.14072
0.12335
0.05957
-0.027435
-0.046936
-0.12906
-0.19882
-0.11966
-0.041687
-0.032227
0.024933
0.085693
0.083801
0.11786
0.12427
0.037262
-0.037018
-0.051025
-0.092407
-0.13272
-0.13309
-0.13846
-0.11615
-0.035156
0.022369
0.032532
0.066376
0.090912
0.080933
0.072906
0.046173
-0.015839
-0.042053
-0.038605
-0.062561
-0.075775
-0.054657
-0.036377
-0.01178
0.021332
0.020416
0.016022
0.037811
0.041962
0.027832
0.024292
0.015228
0.0048523
0.015656
0.014374
-0.006897
-0.0076904
0.0057678
0.0085144
0.0091553
0.0112
0.0072632
0.014618
0.02359
0.011383
0.00021362
-0.00042725
-0.01413
-0.030273
-0.031006
-0.046936
-0.051056
-0.026611
-0.0071106
-0.0033569
0.012573
0.029266
0.032166
0.034821
0.040802
0.015167
-0.0047302
-0.039246
-0.23019
-0.2572
-0.14191
-0.13361
-0.10455
0.028168
0.072357
0.16101
0.33813
0.32068
0.21432
0.19165
0.13467
0.035858
-0.0057373
-0.087738
-0.19427
-0.16318
-0.097656
-0.079254
-0.025238
0.048767
0.066284
0.10718
0.1344
0.07019
0.0010376
-0.014343
-0.048126
-0.095612
-0.11346
-0.13739
-0.14737
-0.10007
-0.044006
-0.024048
0.0159
0.061188
0.073059
0.089569
0.094086
0.052002
0.011566
-0.0021667
-0.034729
-0.067932
-0.06311
-0.056458
-0.066681
-0.047211
-0.013153
-0.0025635
0.025818
0.064331
0.060425
0.055786
0.073608
0.059753
0.035614
0.026306
-0.0044861
-0.020813
-0.0022888
-0.0039062
-0.019623
-0.0050964
0.0058594
0.0012817
0.012573
0.014893
-0.0031128
-0.0074158
-0.0049438
-0.020447
-0.027283
-0.027863
-0.033997
-0.038177
-0.033081
-0.025269
-0.021118
-0.015594
-0.0030823
0.027222
0.041077
-0.13803
-0.25009
-0.1868
-0.12839
-0.091034
0.0072937
0.038849
0.10507
0.28311
0.36148
0.28229
0.2128
0.14352
0.07254
0.036652
-0.017334
-0.14062
-0.17944
-0.13205
-0.085876
-0.053467
-0.0045471
0.026611
0.079865
0.12109
0.097107
0.030396
-0.0088196
-0.027527
-0.05304
-0.094757
-0.13184
-0.14401
-0.11713
-0.062103
-0.026825
-0.0032654
0.03009
0.062927
0.086395
0.090729
0.06308
0.026459
0.0022888
-0.015503
-0.049713
-0.085968
-0.094788
-0.086212
-0.067719
-0.036011
-0.012665
0.01004
0.055267
0.086487
0.080872
0.076019
0.063843
0.038483
0.026184
0.0078735
-0.018188
-0.024017
-0.01123
-0.0084839
-0.0067749
0.01059
0.019653
0.018951
0.022644
0.019867
0.0057983
-0.00036621
-0.0047302
-0.019897
-0.034454
-0.043671
-0.048584
-0.046356
-0.036224
-0.034912
-0.018616
0.012238
0.058502
0.075165
-0.090576
-0.17181
-0.11133
-0.12375
-0.14392
-0.06662
-0.050659
0.00024414
0.17963
0.26096
0.21249
0.21051
0.19757
0.13837
0.11554
0.071747
-0.048492
-0.093018
-0.073578
-0.077911
-0.068115
-0.031982
-0.024902
-0.0026245
0.053406
0.056854
0.011017
-0.0074768
-0.017944
-0.049652
-0.064148
-0.074951
-0.097992
-0.093414
-0.05719
-0.032898
-0.01651
0.0031128
0.015137
0.022644
0.03949
0.030914
0.012207
0.013062
0.012177
-0.0064392
-0.014557
-0.017151
-0.02179
-0.012665
-0.0015259
-0.0093384
-0.011658
0.0057983
0.01593
0.024536
0.042877
0.042023
0.025848
0.023987
0.01236
-0.00097656
0.0010681
-0.00082397
-0.013824
-0.014862
-0.010834
-0.017212
-0.017365
-0.01062
-0.0079346
-0.0039673
0.0023804
0.0027771
0.0042114
0.0027161
-0.0039978
-0.012146
-0.013702
-0.0035706
-0.0063171
0.0059509
0.035248
-0.0049744
-0.04248
-0.040161
-0.049164
-0.066315
-0.057343
-0.062225
-0.052979
0.0016785
0.054779
0.072876
0.094543
0.10724
0.10257
0.10095
0.10034
0.07074
0.041168
0.026917
0.010803
-0.01059
-0.013702
-0.013794
-0.022003
-0.025543
-0.022675
-0.029449
-0.036591
-0.031403
-0.031738
-0.042419
-0.03952
-0.035706
-0.045532
-0.042023
-0.025452
-0.019226
-0.020508
-0.013428
-0.0046997
0.0061646
0.023438
0.023224
0.0069275
0.0050049
0.012848
0.010315
0.0061646
0.0035095
-0.0010071
0.0085449
0.015717
0.0092163
-0.0032043
-0.010864
-0.0083008
-0.00054932
0.0023193
0.0043945
-0.0016785
-0.008667
-0.0056763
0.0039062
0.0093384
0.010498
0.0090027
-0.0028687
-0.0037842
0.00045776
-0.0049438
-0.013214
-0.022552
-0.022369
-0.0072021
0.0084839
0.012634
0.011292
0.01889
0.021454
0.019196
0.0057983
-0.010223
-0.02066
-0.026764
-0.021149
-0.014069
-0.013702
-0.0067444
0.0039978
0.0079346
0.013611
0.022522
0.021088
0.014648
0.015656
0.015381
0.016663
0.023132
0.019684
0.011871
0.0099792
0.0099792
0.0075073
0.008606
0.01123
0.011078
0.0065308
-0.00027466
-0.005249
-0.0048523
-0.0059204
-0.009491
-0.015167
-0.023041
-0.024384
-0.027008
-0.030762
-0.031067
-0.023132
-0.014832
-0.0079956
0.00015259
-0.0080566
-0.0037231
0.013733
0.017426
0.015656
0.019928
0.011902
0.014709
0.02066
0.013031
0.0061951
0.0086365
