-0.035278
-0.031921
-0.024475
-0.015076
-0.0074463
-0.00027466
0.0072937
0.010345
0.012421
0.01709
0.019501
0.017273
0.014221
0.012299
0.009552
0.0075684
0.004303
-0.00018311
-0.0025635
-0.0039978
-0.0057068
-0.007019
-0.0067749
-0.0075378
-0.0070801
-0.0047607
-0.0027771
-0.00091553
0.0014954
0.0059509
0.0078735
0.0094299
0.010834
0.011597
0.0098877
0.0089722
0.0057983
-0.0023499
-0.0040283
-0.0058899
-0.0063171
-0.0073242
-0.0082092
-0.0080872
-0.0012817
0.0042725
0.0064697
0.010895
0.01178
0.014343
0.018921
0.020691
0.016571
0.014526
0.012421
0.0084839
0.0061646
0.0010986
-0.0078735
-0.012634
-0.011993
-0.014618
-0.019196
-0.021729
-0.022217
-0.020538
-0.016083
-0.012909
-0.011658
-0.0095215
-0.005127
-0.0032043
0.00085449
0.0018921
-0.0019531
0.0027161
0.0020142
-0.0087585
0.00057983
0.00042725
-0.0053101
0.0063171
0.0070801
0.0012207
0.012268
0.013367
0.0027161
0.006012
-0.008667
-0.017914
-0.020599
-0.018585
-0.029694
-0.029053
-0.021515
-0.012665
0.0037537
0.020599
0.032135
0.037994
0.056519
0.069519
0.073456
0.072357
0.067902
0.057007
0.048431
0.040344
0.020874
-0.0014343
-0.020386
-0.03421
-0.048553
-0.058929
-0.067963
-0.073578
-0.070068
-0.062103
-0.055542
-0.048218
-0.037445
-0.02536
-0.01239
6.1035e-05
0.008667
0.013031
0.020599
0.028992
0.031952
0.031372
0.028839
0.021729
0.015228
0.011566
0.004425
-0.0030212
-0.0093689
-0.014557
-0.019196
-0.019104
-0.017517
-0.016846
-0.014282
-0.011841
-0.0073853
-0.00012207
0.0094604
0.014465
0.015106
0.018982
0.023132
0.023773
0.021698
0.020844
0.0012207
-0.0016785
0.00036621
-0.01059
-0.0028076
-0.0075378
-0.01651
0.0012207
0.015869
0.0064697
0.019165
0.018372
0.0066833
0.026459
0.03006
0.010315
0.0096436
0.010284
-0.0015564
0.0036621
-0.0014954
-0.021393
-0.02536
-0.023193
-0.025299
-0.02478
-0.028198
-0.030304
-0.021484
-0.013916
-0.0082092
-0.0046387
-0.0082092
-0.0014038
0.0065613
0.0028381
0.0019226
0.0010681
-0.0032349
0.0039978
0.0080566
-0.0015869
-0.0050964
-0.0021057
-0.0063477
-0.011108
-0.025421
-0.029785
-0.040222
-0.033051
-0.023621
-0.034485
-0.02298
0.0022278
0.01535
0.035217
0.064636
0.063446
0.077545
0.10577
0.10446
0.098297
0.096924
0.079987
0.059204
0.04895
0.025299
-0.0061035
-0.031067
-0.049103
-0.067749
-0.082092
-0.088196
-0.093079
-0.094879
-0.084381
-0.068115
-0.058929
-0.047668
-0.028778
-0.016174
-0.0019226
0.016937
0.022766
0.025085
0.036194
0.038208
0.03537
0.034973
0.025452
0.013763
0.0091553
0.0026245
-0.0092163
-0.017853
-0.022949
-0.026154
-0.026611
-0.024567
-0.022736
-0.02182
-0.014771
-0.006012
-0.00018311
0.0070801
0.016174
0.022186
0.027008
0.03363
0.034515
0.030334
0.026917
0.021088
0.0097961
0.0036316
0.00073242
-0.0050659
-0.0056458
-0.0059204
-0.0045776
0.0010986
0.0066223
0.0085754
0.010712
0.011505
0.013947
0.016815
0.014008
0.010834
0.0080566
0.0057068
0.0028992
-0.0019226
-0.010651
-0.01535
-0.018158
-0.02121
-0.02298
-0.024567
-0.024628
-0.023315
-0.017151
-0.014771
-0.012238
-0.009613
-0.0076294
-0.0041504
-0.0011597
-0.0011902
-0.00045776
0.003479
0.0019836
0.0036621
0.0033875
-0.0011292
-0.0020752
-0.0023804
-0.013245
-0.030609
-0.02652
-0.045288
-0.043823
-0.027954
-0.045044
-0.034119
-0.0028687
0.0063477
0.024567
0.061981
0.06311
0.079651
0.11148
0.11295
0.10861
0.10986
0.095337
0.075256
0.062744
0.037109
0.0075684
-0.02179
-0.042908
-0.05896
-0.077148
-0.089447
-0.093109
-0.098785
-0.09433
-0.077789
-0.071686
-0.062866
-0.041473
-0.026703
-0.014282
0.0054932
0.016998
0.020416
0.030243
0.03714
0.037323
0.036835
0.031342
0.021759
0.015656
0.011322
0.0027466
-0.0067139
-0.01535
-0.019714
-0.020905
-0.022583
-0.025543
-0.025665
-0.019836
-0.0092773
-0.00354
-0.0033875
-0.00048828
0.014465
0.026764
0.029999
0.0289
0.021271
0.035431
0.042267
0.0354
0.023926
0.013184
0.014374
0.018799
0.012115
-0.0041504
-0.0082397
-0.0098572
-0.0026855
-0.0032959
-0.015839
-0.020233
-0.014099
-0.010895
-0.01178
-0.014282
-0.01886
-0.012299
-0.0049438
-0.0027161
-0.0079041
-0.0080566
0.00027466
0.0062561
0.0046692
0.0021667
0.0062256
0.0036011
0.0082397
0.0084229
-0.0020142
-0.0065613
-0.0065613
-0.0089417
-0.022278
-0.024567
-0.022491
-0.025238
-0.034515
-0.030853
-0.073883
-0.10727
-0.059143
-0.045441
-0.040527
-0.010315
0.029938
0.06488
0.13455
0.16473
0.133
0.13129
0.14291
0.11707
0.077026
0.047119
-0.015411
-0.047241
-0.037964
-0.055878
-0.086426
-0.071442
-0.051086
-0.042725
-0.013885
-0.0015564
-0.01059
0.011139
0.034119
0.01062
-0.0095215
-0.0096436
-0.030457
-0.044708
-0.042725
-0.059326
-0.068542
-0.04303
-0.027496
-0.02478
-0.0059204
0.01355
0.019012
0.031525
0.033508
0.014191
0.0039673
0.0048218
-0.009491
-0.02298
-0.021881
-0.024689
-0.024109
-0.0073853
0.0037231
0.0048828
0.019928
0.032135
0.034943
0.040558
0.036133
0.024231
0.0031738
0.0079956
0.0088806
-0.0038147
0.0021973
0.011505
0.012238
0.023987
0.036102
0.020355
0.016785
0.022003
0.0064697
-0.0032349
-0.00354
-0.014313
-0.018311
-0.0095825
-0.011292
-0.021332
-0.017365
-0.0076904
-0.022095
-0.026459
-0.019379
-0.02002
-0.01709
-0.0090942
-0.010376
-0.0092468
0.0054016
0.0028992
-0.0059509
-0.0024719
0.00088501
-0.011047
-0.013947
-0.014252
-0.017395
-0.0025635
-0.01416
-0.02298
-0.061371
-0.1322
-0.080688
-0.020691
-0.021667
0.0019226
0.073273
0.11191
0.17081
0.20813
0.14337
0.10019
0.10123
0.059692
-0.015961
-0.041351
-0.077972
-0.092194
-0.05426
-0.036285
-0.03772
0.0026855
0.045715
0.041656
0.042358
0.030731
-0.0022583
-0.023315
-0.033325
-0.062286
-0.083099
-0.072601
-0.063507
-0.053436
-0.028137
-0.0033875
0.012329
0.036346
0.04483
0.033264
0.026703
0.022461
0.00073242
-0.021942
-0.035553
-0.052551
-0.05838
-0.047119
-0.038452
-0.033112
-0.012421
-0.0022888
0.0033264
0.034424
0.043427
0.01828
0.0074158
0.0093994
-0.014191
-0.0030212
0.013489
-0.010162
0.0033569
0.046783
0.053436
0.052094
0.06665
0.047516
0.036163
0.042664
0.020813
-0.0061951
-0.0015259
-0.0040588
-0.019562
-0.015564
-0.018311
-0.026093
-0.019653
-0.013367
-0.018738
-0.019562
-0.010773
-0.0041809
-0.0034485
-0.00067139
0.0038147
-0.0047302
-0.0053101
0.0014648
-0.01239
-0.029999
-0.026245
-0.019379
-0.0336
-0.03476
-0.024658
-0.021606
-0.02002
-0.018311
-0.053619
-0.13684
-0.11667
-0.030731
-0.014893
0.0014343
0.067871
0.12332
0.18085
0.22784
0.18015
0.10413
0.094788
0.061951
-0.0081177
-0.052063
-0.07489
-0.092682
-0.055634
-0.015289
-0.0063477
0.01532
0.061005
0.06543
0.040314
0.018494
-0.017456
-0.055359
-0.06958
-0.088593
-0.11041
-0.096497
-0.061554
-0.039673
-0.012726
0.018982
0.034668
0.047119
0.055298
0.038361
0.015411
0.0057678
-0.0079346
-0.033936
-0.046875
-0.048431
-0.040771
-0.024109
-0.0049744
0.0079651
0.014954
0.013733
0.031738
0.039185
0.016571
-0.0010681
-0.0079956
-0.014832
-0.018616
-0.041107
-0.062378
-0.027405
0.0089417
0.016754
0.033875
0.055237
0.066193
0.076416
0.069305
0.028198
0.0078735
0.0081177
-0.0045471
-0.020203
-0.013855
-0.0069885
0.0023193
0.0096741
0.0067444
0.0076599
0.015106
0.0064087
-0.014954
-0.021423
-0.012085
-0.011322
-0.019989
-0.02063
-0.017883
-0.024048
-0.026947
-0.035339
-0.038971
-0.028809
-0.020569
-0.019135
-0.020081
-0.02417
-0.024994
-0.083069
-0.15729
-0.091553
-0.017548
-0.010162
0.025482
0.10364
0.15945
0.21143
0.22018
0.14954
0.094025
0.07019
0.023804
-0.042511
-0.078705
-0.099335
-0.08136
-0.032593
-0.0059814
0.013672
0.04834
0.075134
0.066223
0.042419
0.00064087
-0.032776
-0.054688
-0.07608
-0.089813
-0.086639
-0.068939
-0.040131
-0.0092163
0.0097046
0.029968
0.045532
0.044037
0.021362
0.00094604
-0.018463
-0.039154
-0.051605
-0.05365
-0.055756
-0.049011
-0.027985
-0.0064697
0.0062561
0.019043
0.03476
0.035736
0.036957
0.033234
0.0087891
-0.015747
-0.021576
-0.026855
-0.025421
-0.012115
-0.0028992
0.016449
0.044891
0.055481
0.051453
0.046997
0.036255
0.017517
0.0038147
-0.0092163
-0.016266
-0.014832
-0.010864
-0.0084839
0.0021973
0.010956
0.0076294
0.0081177
0.004425
0.0012207
0.0021057
0.00097656
-0.00079346
0.0039673
0.011383
0.0089417
-0.0005188
-0.012939
-0.022919
-0.035645
-0.048157
-0.044495
-0.045837
-0.037476
-0.037476
-0.059418
-0.10797
-0.17804
-0.11502
-0.034576
-0.018341
0.014954
0.10669
0.17947
0.2341
0.24136
0.1694
0.11243
0.089966
0.040802
-0.028046
-0.071625
-0.094543
-0.08313
-0.03418
-0.0090942
0.010529
0.051239
0.078918
0.059326
0.032471
-0.0082703
-0.056091
-0.083221
-0.098938
-0.11792
-0.1153
-0.082458
-0.045319
-0.009613
0.024994
0.048431
0.065613
0.074738
0.061493
0.025543
-0.0032349
-0.0088501
-0.032104
-0.055969
-0.050995
-0.040619
-0.029907
-0.0096436
0.00067139
0.0013123
0.023346
0.032532
0.0093994
-0.008728
-0.012207
-0.018158
-0.021088
-0.020447
-0.027191
-0.012482
0.010437
0.017456
0.025085
0.040009
0.044342
0.041748
0.044556
0.03476
0.027313
0.026123
0.012726
-0.0028381
-0.0050964
-0.0075989
-0.013763
-0.010895
-0.020935
-0.02356
-0.0059509
0.005127
0.0012207
0.0022278
-0.00057983
0.00057983
0.0053101
-0.0081177
-0.025696
-0.024933
-0.029419
-0.038025
-0.022552
-0.0020752
-0.022522
-0.068512
-0.1904
-0.18082
-0.067017
-0.026031
-0.033325
0.045715
0.13452
0.22394
0.27109
0.20486
0.10681
0.088928
0.059174
-0.011047
-0.064087
-0.095551
-0.095459
-0.035004
0.0030823
-0.00088501
0.02597
0.075134
0.074799
0.051117
0.018921
-0.033691
-0.061523
-0.063385
-0.084229
-0.10596
-0.089447
-0.060852
-0.03833
-0.011353
0.010162
0.017303
0.046356
0.065277
0.031952
0.011078
0.014252
-0.0043945
-0.024841
-0.030182
-0.049164
-0.050598
-0.020874
-0.008606
-0.0098572
0.0033569
0.0091858
0.011322
0.026703
0.023621
0.0036926
0.0052185
0.0092163
-3.0518e-05
-0.00024414
0.00024414
-0.0050049
0.0066833
0.023041
0.023285
0.021515
0.025208
0.022858
0.014435
0.0028687
-0.0071106
-0.01059
-0.01123
-0.016754
-0.022186
-0.016113
-0.011841
-0.0099792
-0.0089417
-0.0019836
0.011475
0.019318
0.011169
0.009491
0.017578
0.0093079
0.0030212
-0.0061646
-0.019379
-0.02948
-0.010254
-0.062866
-0.24225
-0.21494
-0.0914
-0.064331
-0.04953
0.043976
0.10114
0.22437
0.3186
0.23682
0.12933
0.13202
0.088013
0.0088196
-0.038391
-0.095215
-0.12698
-0.053558
-0.010101
-0.018433
0.018036
0.072357
0.06778
0.056061
0.031799
-0.032166
-0.069611
-0.070221
-0.099945
-0.12991
-0.11099
-0.080688
-0.054504
-0.013641
0.0093384
0.020996
0.050537
0.063019
0.033539
0.02005
0.017426
-0.0025635
-0.019836
-0.022003
-0.042816
-0.04425
-0.018524
-0.031464
-0.034454
0.009613
0.030823
0.030151
0.054749
0.056305
0.046112
0.056702
0.044708
0.003418
-0.007019
-0.0092468
-0.026489
-0.020355
-0.0050964
-0.0084839
0.00064087
0.02713
0.027588
0.015381
0.018646
0.0070801
-0.017059
-0.026398
-0.032013
-0.047394
-0.045502
-0.037842
-0.043671
-0.038147
-0.0095825
-0.0010681
-0.0030518
0.014679
0.035553
0.056915
0.060791
0.096466
-0.022308
-0.22168
-0.1871
-0.12662
-0.16345
-0.11639
-0.034058
0.0090637
0.18677
0.32602
0.24625
0.17093
0.19391
0.12936
0.058411
0.007843
-0.080231
-0.11951
-0.049652
-0.03299
-0.043457
0.0039368
0.054993
0.061096
0.074432
0.051514
-0.020752
-0.051758
-0.045349
-0.075745
-0.11005
-0.1019
-0.093536
-0.084381
-0.049377
-0.03772
-0.031647
0.0084534
0.039215
0.026154
0.027832
0.0336
0.024139
0.017761
-0.001709
-0.039001
-0.050232
-0.035309
-0.027344
-0.023254
-0.0062561
0.017883
0.045227
0.064575
0.065765
0.054993
0.046509
0.038483
0.03006
0.016266
-0.0052795
-0.017975
-0.011414
-0.0007019
-0.0015259
-0.0075989
-0.0058594
-0.00064087
0.00021362
-0.0059204
-0.0080872
-0.0065918
-0.0057678
-0.014343
-0.02771
-0.030518
-0.034424
-0.040863
-0.049988
-0.037842
-0.023834
0.0023804
0.031006
0.064423
0.0044861
-0.078674
-0.096741
-0.088074
-0.10065
-0.088379
-0.085388
-0.048828
0.058594
0.16888
0.17847
0.1619
0.16479
0.16415
0.14371
0.10648
0.032867
-0.017975
-0.01886
-0.015411
-0.035126
-0.038574
-0.02652
-0.012024
0.004364
0.0088196
-0.01535
-0.028015
-0.022644
-0.029724
-0.051422
-0.054718
-0.05835
-0.059326
-0.052948
-0.048737
-0.053833
-0.044281
-0.029633
-0.0092468
0.014679
0.024658
0.023499
0.033783
0.042114
0.033691
0.020752
0.0045166
-0.0098572
-0.014679
-0.014343
-0.018066
-0.017853
-0.012512
0.0065308
0.018005
0.016876
0.019348
0.02536
0.018433
0.0041809
-0.0030518
-0.011841
-0.011536
-0.0054932
-0.010315
-0.018311
-0.012604
-0.0037537
0.00085449
0.0058289
0.0031738
0.00018311
0.0032043
0.014832
0.01474
0.006073
-0.0029907
0.005127
0.0057678
-0.024811
-0.037506
-0.034088
-0.034882
-0.025696
-0.020691
-0.035767
-0.026611
0.014069
0.033539
0.032379
0.035034
0.041656
0.051605
0.066406
0.06723
0.049866
0.036041
0.032013
0.026337
0.025513
0.022644
0.011993
-0.0016174
-0.0112
-0.02002
-0.031494
-0.039429
-0.03891
-0.035492
-0.027222
-0.014252
-0.0091553
-0.012848
-0.012939
-0.011932
-0.016632
-0.022156
-0.027252
-0.028595
-0.0177
-0.0053101
0.004303
0.013092
0.02298
0.023621
0.019104
0.012177
-0.0021667
-0.0052185
-0.0084229
-0.013824
-0.01239
-0.0044556
0.0018311
0.0084839
0.0079346
-0.0098267
-0.0097351
-0.0090637
-0.015808
-0.021637
-0.019287
-0.0082703
-0.0049744
0.012329
0.016571
0.009491
0.0088806
0.0065613
0.0065918
0.0028687
-0.0036926
-0.011932
-0.011932
-0.0014954
0.00018311
0.006012
0.0059204
0.010468
0.014648
0.017487
0.012604
0.012146
0.0080566
-0.0039978
-0.0065002
-0.0066528
-0.0012817
0.0039673
0.010651
0.0085449
0.017975
0.028564
0.02655
0.024963
0.0159
0.0075989
0.0075684
0.014221
-9.1553e-05
-0.0079651
-0.0075073
-0.013794
-0.017639
-0.015717
-0.019318
-0.027832
-0.010498
0.0031128
-0.00079346
-0.0089111
-0.0071716
-0.0043945
-0.0013123
-0.00177
-0.015961
