0.030518
0.038452
0.040588
0.041412
0.042358
0.037811
0.031769
0.025513
0.014893
0.0036316
-0.0055237
-0.016174
-0.025604
-0.03186
-0.037781
-0.041443
-0.04184
-0.040588
-0.037872
-0.033386
-0.02771
-0.021454
-0.014496
-0.0075684
-0.0019226
0.003418
0.008606
0.012634
0.015259
0.016327
0.016266
0.014862
0.012726
0.0097961
0.0066223
0.0035095
-9.1553e-05
-0.0039368
-0.0071716
-0.0094299
-0.011108
-0.011932
-0.01181
-0.0099487
-0.0081482
-0.0042114
0.0010376
0.0045166
0.0099182
0.016022
0.019318
0.022308
0.026428
0.02597
0.024414
0.024841
0.020081
0.013916
0.010834
0.0053101
-0.0022888
-0.0054626
-0.0097961
-0.016083
-0.017456
-0.018402
-0.02124
-0.020477
-0.017975
-0.018005
-0.015717
-0.01123
-0.008728
-0.0066223
-0.0030823
-9.1553e-05
0.0012512
0.0038757
0.0053406
0.0050659
0.0045471
0.0049133
0.0054321
0.0018311
-0.0013428
-0.0032349
-0.0079041
-0.012909
-0.014923
-0.022461
-0.029358
-0.027008
-0.025299
-0.024048
-0.019592
-0.014587
-0.0055542
0.010193
0.025635
0.037109
0.046844
0.055756
0.067688
0.078247
0.078491
0.070312
0.060028
0.047119
0.034302
0.019989
-0.0016479
-0.024323
-0.040558
-0.049713
-0.055511
-0.059998
-0.062653
-0.060028
-0.050262
-0.036163
-0.023865
-0.015747
-0.0067139
0.0035706
0.010742
0.016357
0.018829
0.014374
0.0094299
0.0074158
0.001709
-0.0066528
-0.012451
-0.017578
-0.02121
-0.020203
-0.018707
-0.017578
-0.012909
-0.0057068
-0.00030518
0.0047913
0.009491
0.010437
0.010773
0.0112
0.0064697
0.00091553
0.0007019
0.00057983
-0.00015259
0.0048218
0.010681
0.014587
0.023193
0.03067
0.030945
0.031494
0.031616
0.025391
0.019257
0.012512
0.0018311
-0.005249
-0.0086365
-0.014252
-0.018494
-0.017334
-0.014404
-0.01297
-0.010193
-0.0080261
-0.0089722
-0.0036621
0.0010681
-0.0036926
-0.0077209
-0.0084229
-0.010925
-0.0090332
-0.0067139
-0.013123
-0.015411
-0.012177
-0.010406
-0.012787
-0.0082397
-0.0015259
-0.0014343
-0.00067139
0.0050354
0.00042725
-0.013123
-0.0067139
-0.041656
-0.088715
-0.059662
-0.042542
-0.047577
-0.0063477
0.034668
0.045074
0.11371
0.16138
0.12982
0.11746
0.11719
0.075073
0.039337
0.014526
-0.051178
-0.082886
-0.068268
-0.069092
-0.071625
-0.04483
-0.02478
-0.0018921
0.037445
0.044891
0.027893
0.025574
0.02243
-0.00097656
-0.022217
-0.044983
-0.065918
-0.066071
-0.055023
-0.050842
-0.041107
-0.016357
0.0049438
0.02533
0.040558
0.041168
0.035095
0.030945
0.01825
-0.0040894
-0.022217
-0.03595
-0.043518
-0.041687
-0.037476
-0.031982
-0.013702
0.0024414
0.0087585
0.019562
0.026886
0.026245
0.029144
0.029083
0.017395
0.014862
0.016907
0.011566
0.0081177
0.0076904
0.0040283
0.0059509
0.011902
0.0097351
0.011658
0.015381
0.016266
0.018097
0.016663
0.0092468
0.0013123
-0.006958
-0.014954
-0.015137
-0.020874
-0.0289
-0.025177
-0.016541
-0.011963
-0.0065002
0
0.00085449
0.0007019
-0.0050964
-0.01181
-0.014832
-0.021545
-0.025391
-0.016418
-0.016907
-0.020721
-0.020081
-0.0075073
-0.024628
-0.11786
-0.093964
-0.032593
-0.038055
-0.011017
0.057526
0.073242
0.12607
0.20618
0.16772
0.12231
0.11206
0.075409
0.022949
-0.0093384
-0.075562
-0.1134
-0.083405
-0.062714
-0.050323
-0.017822
0.008728
0.032349
0.07196
0.064209
0.026215
0.0084534
-0.0089417
-0.039917
-0.062103
-0.084045
-0.10074
-0.078217
-0.049805
-0.035797
-0.011047
0.023529
0.041473
0.057037
0.062531
0.040405
0.019165
0.008667
-0.015472
-0.040527
-0.052673
-0.058807
-0.048462
-0.03006
-0.020325
-0.0091858
0.013397
0.026459
0.032196
0.03717
0.028809
0.019531
0.018799
0.012054
-0.0030212
-0.0093689
-0.0057678
-6.1035e-05
0.0079956
0.011993
0.015839
0.023804
0.0289
0.026947
0.024597
0.022522
0.016266
0.010162
0.0037537
-0.0045471
-0.010742
-0.019836
-0.028717
-0.027405
-0.017548
-0.016541
-0.018524
-0.0068359
0.0079956
0.0065613
0.0084534
0.0092468
-0.0079346
-0.015228
-0.019684
-0.026276
-0.042816
-0.059814
-0.044678
-0.14355
-0.19058
-0.067749
-0.036346
-0.036499
0.063293
0.10846
0.13599
0.25192
0.23624
0.13702
0.13214
0.09198
0.0073853
-0.014221
-0.064575
-0.15149
-0.10959
-0.053619
-0.058655
-0.019592
0.039856
0.046997
0.08136
0.1033
0.04068
-0.0038147
-0.0097046
-0.051544
-0.089752
-0.094391
-0.11438
-0.10529
-0.051544
-0.023193
-0.0079041
0.033722
0.061462
0.065948
0.075806
0.061157
0.024048
0.0010376
-0.016846
-0.044861
-0.064026
-0.067108
-0.060486
-0.042908
-0.022308
-0.0072327
0.0091248
0.027069
0.037445
0.035583
0.02652
0.01828
0.010193
0.0054016
0.0024109
-0.0095825
-0.014435
0.0007019
0.012909
0.016174
0.02182
0.026154
0.026276
0.029968
0.024261
0.012146
0.0057678
-0.00079346
-0.0090637
-0.0099792
-0.017273
-0.028351
-0.022064
-0.012817
-0.011047
-0.0037231
0.0062561
0.0058899
0.011322
0.020874
0.0057373
-0.022736
-0.019135
-0.014801
-0.056671
-0.052124
-0.087799
-0.23752
-0.16193
-0.04068
-0.070618
-0.0078125
0.11102
0.11768
0.21875
0.32184
0.20953
0.1344
0.1442
0.061829
-0.025482
-0.046509
-0.13879
-0.17899
-0.090302
-0.058228
-0.058136
0.018463
0.067017
0.073669
0.11832
0.099396
0.014709
-0.013367
-0.024323
-0.08548
-0.12207
-0.12564
-0.1329
-0.094177
-0.034943
-0.017487
0.0055847
0.06189
0.084167
0.079163
0.074249
0.043518
0.0080261
-0.0021973
-0.027649
-0.067261
-0.074188
-0.057983
-0.043671
-0.021362
0.0040283
0.0094604
0.019806
0.0448
0.045471
0.028046
0.021515
0.010712
-0.00177
0.00018311
-0.0029907
-0.015137
-0.0026245
0.010529
0.014893
0.021942
0.02533
0.021515
0.022827
0.01651
0.0041504
0.0031128
0.0021362
-0.0097961
-0.017853
-0.018707
-0.02594
-0.026123
-0.016266
-0.0093384
-0.00012207
0.0072327
0.0072327
0.012848
0.020691
0.010498
0.008606
-0.015076
-0.042572
-0.08725
-0.25836
-0.2355
-0.1044
-0.11502
-0.063232
0.0784
0.11069
0.21594
0.36188
0.28983
0.1843
0.18057
0.11032
0.0054016
-0.031372
-0.12665
-0.21298
-0.14252
-0.083923
-0.078339
-0.0059509
0.064178
0.07843
0.12408
0.1257
0.050201
-0.0016479
-0.022491
-0.080658
-0.12775
-0.14511
-0.15863
-0.13144
-0.067932
-0.026031
0.0066833
0.061493
0.098572
0.10425
0.10071
0.073547
0.028046
9.1553e-05
-0.025391
-0.06427
-0.082062
-0.0737
-0.065674
-0.047516
-0.0177
-0.0012817
0.02063
0.050964
0.054657
0.042145
0.042084
0.039764
0.024597
0.016479
0.0064087
-0.01236
-0.0070496
0.0091858
0.0079956
0.0079651
0.019348
0.018921
0.01825
0.024017
0.014374
0.0035706
-0.0013428
-0.014862
-0.031616
-0.035095
-0.038849
-0.052002
-0.048187
-0.031158
-0.022614
-0.014252
0.0064697
0.018158
0.019226
0.031616
0.017212
-0.017029
-0.17899
-0.2438
-0.14273
-0.11923
-0.11133
0.005127
0.062225
0.15076
0.31937
0.33694
0.2341
0.21045
0.16415
0.058563
0.0010071
-0.072784
-0.18973
-0.17825
-0.11533
-0.1041
-0.060455
0.021667
0.052979
0.1004
0.14169
0.095825
0.029205
0.01297
-0.026428
-0.085663
-0.11938
-0.14075
-0.14392
-0.099854
-0.052521
-0.034271
0.0081787
0.062164
0.076904
0.078857
0.078461
0.048126
0.018463
0.0026245
-0.033997
-0.072662
-0.076782
-0.068726
-0.065704
-0.045959
-0.020447
-0.00085449
0.032349
0.06311
0.068451
0.061127
0.056976
0.047974
0.035248
0.021698
-0.0083008
-0.023956
-0.011017
0.0036621
0.0039062
0.006134
0.016296
0.01767
0.020203
0.025635
0.014801
-0.0028076
-0.0059204
-0.01651
-0.031128
-0.032471
-0.045135
-0.052734
-0.04776
-0.035461
-0.022858
-0.014496
-0.0018311
0.027924
0.041931
-0.13986
-0.2374
-0.11404
-0.099762
-0.13205
-0.011993
0.022461
0.060913
0.26483
0.32544
0.21008
0.20636
0.19897
0.1015
0.061249
0.010712
-0.12946
-0.14685
-0.080627
-0.089722
-0.08017
-0.0084839
0.0057983
0.038086
0.10284
0.072388
-0.0014038
-0.0046997
-0.01767
-0.068512
-0.088501
-0.094147
-0.11563
-0.085938
-0.035461
-0.030426
-0.01532
0.027679
0.042297
0.049896
0.064758
0.046936
0.023285
0.019562
0.00030518
-0.038086
-0.052917
-0.055786
-0.065826
-0.053894
-0.031586
-0.022186
0.010132
0.053619
0.065186
0.06131
0.06601
0.057922
0.04068
0.030212
0.0051575
-0.020111
-0.012726
-0.010529
-0.020599
-0.010895
-0.00091553
-0.0062866
0.0044556
0.010071
-0.0027466
0.0021667
0.016785
0.0040894
-0.010345
-0.019012
-0.040802
-0.04126
-0.031799
-0.021759
-0.0025635
0.041504
-0.074829
-0.18481
-0.097076
-0.075562
-0.14822
-0.059875
-0.014008
-0.027802
0.12732
0.25388
0.18161
0.16788
0.19885
0.14096
0.097809
0.099854
0.005188
-0.05899
-0.033051
-0.041046
-0.072601
-0.03717
-0.025055
-0.034149
-0.0037231
0.017151
-0.021637
-0.033569
-0.0081787
-0.015198
-0.041046
-0.045624
-0.060547
-0.075531
-0.048157
-0.031372
-0.046753
-0.030518
0.004364
0.0099487
0.018738
0.042847
0.033752
0.024597
0.03244
0.014557
-0.0010376
0.0073547
-0.0042725
-0.023163
-0.015747
-0.008667
-0.0080566
0.0038757
0.0076904
0.0013123
0.015747
0.02594
0.019897
0.031647
0.033966
0.011505
0.0059509
0.0090027
-0.0073242
-0.020325
-0.014313
-0.019257
-0.032928
-0.0289
-0.023621
-0.020782
-0.01001
0.00091553
0.0066223
0.010712
0.019714
0.019653
0.026642
0.013794
-0.056396
-0.08432
-0.077911
-0.10117
-0.097839
-0.056793
-0.043365
-0.011841
0.062592
0.099182
0.10733
0.13229
0.1366
0.11472
0.10739
0.094086
0.054932
0.027466
0.015289
-0.011536
-0.036072
-0.033447
-0.03006
-0.033264
-0.019531
-0.011566
-0.029419
-0.032593
-0.019653
-0.032745
-0.043884
-0.03714
-0.042786
-0.054901
-0.045746
-0.03595
-0.030243
-0.021484
-0.0177
-0.012909
0.00042725
0.011017
0.013123
0.021423
0.030396
0.031403
0.033051
0.033691
0.028259
0.011719
0.0071716
0.0040283
-0.0031433
-0.0046692
-0.0036316
-0.00045776
0.0084534
0.0043945
-0.0025635
-0.0019531
-0.0092773
-0.0089417
-0.0063171
-0.0099487
-0.011475
-0.0042725
0.00024414
0.0013428
0.0033264
-0.0073853
-0.014984
-0.00082397
-0.0010376
-0.01123
-0.0083923
-0.0098877
-0.016876
-0.0063171
-0.0023804
-0.017761
-0.015045
-0.0057373
-0.0088501
0.00057983
0.013855
0.0033569
0.0018311
0.018707
0.012146
0.006134
0.020599
0.026489
0.020874
0.032959
0.043152
0.039734
0.036377
0.040527
0.032074
0.021423
0.021149
0.0074463
-0.011414
-0.011017
-0.010986
-0.020966
-0.024994
-0.033173
-0.037506
-0.034088
-0.031158
-0.033997
-0.035583
-0.033722
-0.022675
-0.0096741
-0.0072632
0.0012512
0.0046082
-0.0020447
0.0020752
0.015564
0.010132
0.0071106
0.0082703
0.0068665
0.018219
0.015747
-0.0011902
0.0027161
0.01709
0.011444
-0.0019531
0.0012817
0.012665
