-0.011475
-0.01123
-0.010681
-0.0097961
-0.0067139
-0.002594
0.002594
0.0082703
0.012909
0.01709
0.021545
0.024414
0.025208
0.025238
0.023468
0.019684
0.015137
0.0095825
0.0031128
-0.0028992
-0.0084229
-0.013184
-0.017273
-0.020264
-0.021942
-0.022552
-0.021515
-0.019531
-0.017151
-0.013794
-0.0097656
-0.0067749
-0.0039673
-0.00067139
0.0019531
0.0043335
0.0058289
0.0060425
0.0064087
0.0065613
0.0058594
0.005127
0.0040588
0.0027771
0.0015259
0.0007019
0.00012207
-0.00042725
-0.00054932
-9.1553e-05
0.0010071
0.00177
0.002594
0.0042725
0.0056152
0.0059814
0.0065613
0.007019
0.0062866
0.005249
0.0045471
0.0028992
0.0010376
-0.00015259
-0.0018616
-0.0029602
-0.00354
-0.0040894
-0.0043335
-0.0043335
-0.0044861
-0.0045776
-0.0048218
-0.0050049
-0.0053711
-0.0057373
-0.0057678
-0.005249
-0.0054932
-0.0044556
-0.00354
-0.0032043
-0.0018921
-0.0021667
-0.0037842
-0.0036926
-0.0050964
-0.012421
-0.013458
-0.016205
-0.020935
-0.01947
-0.018219
-0.019989
-0.010986
-0.00082397
0.0033875
0.018097
0.029968
0.034119
0.047333
0.059814
0.056854
0.058716
0.061951
0.050415
0.043304
0.03833
0.021393
0.0035095
-0.0048218
-0.020203
-0.034943
-0.041504
-0.047913
-0.055664
-0.055939
-0.052368
-0.050934
-0.045013
-0.03595
-0.02774
-0.019196
-0.0078125
0.0014648
0.0080566
0.015015
0.021301
0.023926
0.024689
0.025604
0.022919
0.018585
0.015808
0.011292
0.0043945
-0.00079346
-0.0056763
-0.011139
-0.014099
-0.015137
-0.017212
-0.018036
-0.016022
-0.013489
-0.010376
-0.0056763
-0.0014343
0.001709
0.0059204
0.0098267
0.011871
0.012726
0.013275
0.013306
0.011688
0.010437
0.0090637
0.007019
0.0052185
0.0050964
0.004425
0.0039062
0.0048828
0.0048523
0.0043335
0.0057068
0.006897
0.0055237
0.0050354
0.0048523
0.00354
0.0022888
0.0013733
-0.0010071
-0.0033875
-0.0048828
-0.0066223
-0.0084534
-0.0099792
-0.010223
-0.01062
-0.010834
-0.010864
-0.011322
-0.011414
-0.01062
-0.010254
-0.009613
-0.0080872
-0.0066528
-0.0036316
-0.0014954
-6.1035e-05
0.003479
0.0039062
0.0039673
0.0046082
3.0518e-05
-0.011627
-0.011505
-0.016541
-0.024872
-0.023041
-0.025299
-0.032104
-0.018921
-0.0042725
-0.0017395
0.015778
0.030701
0.034698
0.053375
0.073212
0.070892
0.071899
0.078369
0.066132
0.0578
0.053986
0.034821
0.0090637
-0.0023804
-0.018311
-0.037231
-0.047516
-0.056427
-0.068359
-0.071167
-0.064606
-0.062775
-0.059143
-0.049622
-0.040039
-0.031982
-0.017975
-0.005127
0.0013428
0.0097656
0.02063
0.026581
0.029266
0.033325
0.032104
0.027283
0.025146
0.022369
0.014038
0.0057068
-0.00042725
-0.0079651
-0.014038
-0.016052
-0.019501
-0.025238
-0.026215
-0.023102
-0.022034
-0.019257
-0.013367
-0.0089722
-0.0021667
0.0082092
0.015808
0.022125
0.030304
0.036316
0.039429
0.042725
0.042328
0.037354
0.033173
0.027832
0.019135
0.0097046
6.1035e-05
-0.010101
-0.018951
-0.024719
-0.029297
-0.033661
-0.035828
-0.033905
-0.030701
-0.027191
-0.020874
-0.015259
-0.012024
-0.0053406
0.0010986
0.0021973
0.0071716
0.011597
0.012085
0.014923
0.014771
0.012634
0.010895
0.0075684
0.0032959
-0.0018616
-0.021545
-0.025848
-0.03125
-0.046143
-0.042175
-0.04306
-0.055603
-0.039978
-0.016022
-0.017029
0.0091553
0.036041
0.036957
0.059082
0.094971
0.094543
0.091431
0.10739
0.093231
0.076202
0.075439
0.058746
0.019104
0.003418
-0.011505
-0.039154
-0.055206
-0.060913
-0.076721
-0.08902
-0.079895
-0.074432
-0.07428
-0.065552
-0.050018
-0.043365
-0.02948
-0.0079956
0.0023499
0.0089417
0.022797
0.033905
0.035034
0.039398
0.040466
0.033813
0.026886
0.023682
0.014282
0.0020752
-0.0058594
-0.013702
-0.024536
-0.031219
-0.033875
-0.037476
-0.038544
-0.034271
-0.026337
-0.019409
-0.0083923
0.0057373
0.016998
0.02655
0.040314
0.048248
0.050537
0.055786
0.056549
0.047333
0.043365
0.039246
0.024689
0.012512
0.0061646
-0.0078735
-0.020752
-0.022797
-0.030945
-0.039337
-0.039459
-0.036987
-0.040009
-0.033081
-0.026367
-0.026215
-0.022461
-0.0093384
-0.0012817
-0.00042725
0.0070801
0.014374
0.0079651
0.011993
0.021271
0.0019226
-0.02121
-0.0088501
-0.030609
-0.043365
-0.029449
-0.049164
-0.07016
-0.030823
-0.017822
-0.026337
0.022827
0.031403
0.027252
0.084381
0.1235
0.097839
0.1131
0.12857
0.095581
0.088867
0.092163
0.048431
-0.0028076
-0.0066833
-0.031342
-0.062439
-0.075256
-0.089966
-0.11578
-0.10675
-0.088013
-0.088165
-0.077118
-0.058411
-0.041443
-0.014893
0.019928
0.027039
0.034363
0.050507
0.056885
0.056488
0.05542
0.036682
0.014252
0.0079651
-0.0023804
-0.020905
-0.035522
-0.045197
-0.049194
-0.043304
-0.036957
-0.03183
-0.023682
-0.0046387
0.013275
0.026489
0.036163
0.043762
0.045929
0.05011
0.046783
0.03186
0.019775
0.014221
0.0062866
-0.0032043
-0.0074158
-0.011505
-0.009613
-0.0028381
0.0018921
0.00094604
0.0005188
-0.0033569
-0.0046692
-0.0063477
-0.018402
-0.021118
-0.014221
-0.01416
-0.010101
0.0010071
-0.0092163
-0.013733
-0.01004
-0.037354
-0.033051
-0.11707
-0.19919
-0.11636
-0.069824
-0.099304
-0.03299
0.058899
0.076202
0.1857
0.28217
0.22263
0.17307
0.20016
0.15839
0.060303
0.0073853
-0.083679
-0.1658
-0.14853
-0.10464
-0.134
-0.12115
-0.035645
0.026733
0.071533
0.11493
0.10306
0.062653
0.075653
0.061005
-0.022644
-0.094635
-0.11963
-0.13989
-0.13498
-0.10831
-0.099487
-0.071289
0.004303
0.073456
0.099182
0.1098
0.11575
0.10181
0.093384
0.010803
-0.069427
-0.04007
-0.061188
-0.11819
-0.082886
-0.061676
-0.067078
0.0063171
-0.0046387
-0.040466
0.059113
0.10168
0.066742
0.095093
0.10092
0.048523
0.076782
0.064117
-0.030609
-0.060852
-0.033661
-0.05127
-0.049805
-0.028625
-0.025787
-0.0026245
0.036926
0.042847
0.028534
0.022736
0.011017
-0.016083
-0.044159
-0.040558
-0.037933
-0.066437
-0.097351
-0.086945
-0.090942
-0.25092
-0.24142
-0.076233
-0.07077
-0.062073
0.10611
0.17899
0.21677
0.36237
0.36749
0.23547
0.19827
0.16614
0.035614
-0.072906
-0.13983
-0.22549
-0.21527
-0.13071
-0.090393
-0.054352
0.047241
0.12668
0.16006
0.17487
0.11957
0.030487
-0.015106
-0.058105
-0.15741
-0.22012
-0.21744
-0.19617
-0.14413
-0.056519
0.00033569
0.047241
0.13406
0.18567
0.17041
0.1358
0.090393
0.020538
-0.031982
-0.074402
-0.13806
-0.16785
-0.13474
-0.096863
-0.058777
0.0035706
0.055786
0.0896
0.13058
0.067871
0.0062866
0.052643
0.048523
-0.02124
0.0018616
0.012482
0.0032959
0.060944
0.078674
0.0076904
0.0042114
0.02655
0.0031433
-0.0073853
0.0050659
-0.015198
-0.0049438
0.025482
0.0040894
-0.023438
-0.011078
-0.033813
-0.06485
-0.056549
-0.038391
-0.058868
-0.11685
-0.10147
-0.10977
-0.30865
-0.24405
-0.064117
-0.088043
-0.053009
0.15186
0.1879
0.26459
0.43314
0.366
0.20129
0.21146
0.16223
-0.020172
-0.1012
-0.15417
-0.26395
-0.215
-0.077759
-0.062012
-0.034271
0.11179
0.18295
0.17273
0.18192
0.11377
-0.018158
-0.063995
-0.08963
-0.21448
-0.28311
-0.23389
-0.18152
-0.12256
-0.01358
0.052795
0.096222
0.18811
0.22693
0.17252
0.11542
0.069702
-0.013794
-0.080017
-0.11203
-0.16165
-0.18753
-0.13736
-0.073181
-0.032837
0.025269
0.081787
0.10629
0.061401
0.04538
0.06839
0.044006
0.00097656
0.017517
0.0040894
-0.0067444
0.047699
0.059692
0.0079346
0.017456
0.031677
0.011688
0.013275
0.021851
-0.0071716
0.0042419
0.030701
0.0097046
-0.019775
-0.01001
-0.040894
-0.070038
-0.06543
-0.051331
-0.064331
-0.1131
-0.10358
-0.21692
-0.35229
-0.17657
-0.056427
-0.10196
0.012665
0.18924
0.21759
0.36533
0.47476
0.31894
0.18167
0.20529
0.10059
-0.080475
-0.15607
-0.23422
-0.29147
-0.17255
-0.054535
-0.049072
0.02948
0.17685
0.22101
0.1991
0.1694
0.064423
-0.056183
-0.096069
-0.14285
-0.25668
-0.29666
-0.23044
-0.15457
-0.071503
0.044037
0.11115
0.14761
0.21524
0.23425
0.15378
0.073395
0.023376
-0.058136
-0.12363
-0.15512
-0.19055
-0.18774
-0.11771
-0.05603
-0.028595
0.033936
0.10519
0.12885
0.13135
0.13419
0.10251
0.068726
0.050568
0.013489
-0.042023
-0.063416
-0.049377
-0.03714
-0.018585
0.0041199
0.020599
0.041595
0.060242
0.055939
0.037537
0.019012
-0.0011292
-0.033447
-0.066925
-0.084106
-0.0867
-0.074188
-0.10825
-0.13519
-0.11441
-0.27557
-0.32666
-0.11591
-0.041718
-0.057587
0.12311
0.23505
0.25647
0.40686
0.46417
0.28281
0.1629
0.15665
0.040283
-0.098206
-0.16504
-0.2374
-0.26627
-0.14084
-0.037445
-0.0080261
0.063385
0.17685
0.20804
0.18582
0.13831
0.018402
-0.098022
-0.13425
-0.18332
-0.27652
-0.28253
-0.20847
-0.12936
-0.0354
0.079224
0.14084
0.17334
0.21008
0.19461
0.11765
0.051239
-0.013367
-0.090729
-0.14038
-0.17084
-0.1911
-0.15518
-0.079163
-0.052399
-0.032684
0.040894
0.11954
0.15854
0.1911
0.17853
0.12686
0.096527
0.077515
0.0019226
-0.078613
-0.10422
-0.099823
-0.080078
-0.040283
-0.0090332
0.02243
0.067841
0.10321
0.089508
0.066406
0.04483
-0.010223
-0.070984
-0.081146
-0.10672
-0.17365
-0.19733
-0.18243
-0.35406
-0.40775
-0.15295
-0.029144
-0.040405
0.15201
0.2923
0.30774
0.45453
0.51117
0.28992
0.11963
0.12415
0.011292
-0.13168
-0.18039
-0.23004
-0.27289
-0.13116
0.024597
0.05307
0.080109
0.19058
0.22833
0.1879
0.14368
0.029144
-0.12256
-0.16678
-0.16522
-0.24496
-0.29608
-0.23456
-0.14508
-0.062653
0.050415
0.12436
0.14322
0.17221
0.19223
0.13596
0.052307
-0.0039978
-0.039795
-0.10107
-0.18015
-0.21878
-0.20645
-0.1575
-0.072266
0.014221
0.077026
0.15332
0.23105
0.24997
0.21057
0.15042
0.074036
0.010498
-0.034332
-0.085266
-0.12186
-0.099731
-0.053345
-0.023254
-0.0054016
0.027344
0.057007
0.066254
0.050323
0.032349
0.0013733
-0.032043
-0.039215
-0.061951
-0.1026
-0.11826
-0.1163
-0.26459
-0.43591
-0.30527
-0.12988
-0.097992
0.032288
0.20959
0.24323
0.38333
0.53165
0.43262
0.22144
0.16498
0.084473
-0.038849
-0.11707
-0.17163
-0.26468
-0.21289
-0.05423
0.028534
0.041046
0.1131
0.16705
0.15115
0.13348
0.075043
-0.049744
-0.12845
-0.1275
-0.16602
-0.21835
-0.20187
-0.15329
-0.1041
-0.021423
0.045349
0.060303
0.092834
0.13861
0.12225
0.076294
0.03952
-0.018097
-0.073212
-0.093018
-0.11682
-0.1409
-0.11655
-0.053772
-0.0063171
0.045471
0.095825
0.12225
0.12473
0.12845
0.10962
0.07254
0.034088
0.005127
-0.015717
-0.022705
-0.02298
-0.016754
-0.0071106
-0.005188
-0.0023193
0.0057373
-0.0030518
-0.013977
-0.014648
-0.020508
-0.03833
-0.048615
-0.037842
-0.020142
-0.020111
0.052917
-0.13272
-0.36597
-0.28403
-0.16245
-0.2453
-0.10867
0.050507
0.082947
0.24448
0.4826
0.42996
0.27792
0.26025
0.21255
0.084076
0.01709
-0.041718
-0.15936
-0.16367
-0.066162
-0.033936
-0.05484
-0.0011597
0.047119
0.033783
0.031769
0.028107
-0.039001
-0.080475
-0.055908
-0.083679
-0.1413
-0.12097
-0.09613
-0.10583
-0.069397
-0.013824
-0.0076904
0.0025635
0.046631
0.068878
0.052277
0.047852
0.033752
0.0063171
-0.0015564
0.010071
-0.0031433
-0.020538
-0.011627
0.005188
0.0054626
0.014282
0.022705
0.017365
0.016693
0.03717
0.05246
0.043488
0.034515
0.02832
0.0065918
-0.0057373
-0.01123
-0.029236
-0.049194
-0.046173
-0.031677
-0.020172
-0.0091248
0.0043335
-0.0007019
-0.0080566
-0.007782
-0.00054932
0.017853
0.016632
-0.058594
-0.16147
-0.19611
-0.17163
-0.16214
-0.14185
-0.075653
0.0089111
0.1069
0.21918
0.27853
0.25388
0.2215
0.20819
0.16971
0.099457
0.040863
0.0018921
-0.019958
-0.0056763
0.011871
-0.0033875
-0.012634
0.0042419
-0.0053101
-0.040436
-0.062225
-0.08548
-0.11212
-0.10065
-0.083191
-0.091064
-0.085846
-0.063751
-0.059204
-0.060516
-0.046783
-0.03125
-0.025879
-0.0066223
0.015961
0.01712
0.02533
0.050232
0.051788
0.041656
0.048706
0.05304
0.039337
0.033203
0.024261
-0.00012207
-0.0041199
0.004364
-0.0030212
-0.021393
-0.02005
-0.010864
-0.0016479
0.0064392
0.0073853
-0.0019531
-0.00088501
0.0046997
0.0079346
0.0048218
-0.01236
-0.030701
-0.030426
-0.013123
-0.0076599
-0.0085449
-0.011292
-0.0099182
0.0021973
0.015625
0.018372
0.0045471
-0.010529
-0.023468
-0.025787
-0.028809
-0.035309
-0.042694
-0.051056
-0.036407
-0.0029602
0.016602
0.025085
0.037109
0.044586
0.056549
0.076721
0.076385
0.057922
0.06131
0.072052
0.074585
0.077667
0.069092
0.04306
0.030609
0.02124
-0.0063477
-0.040894
-0.055054
-0.064972
-0.071198
-0.056671
-0.054932
-0.076202
-0.078827
-0.058319
-0.052856
-0.054077
-0.045227
-0.027985
-0.023895
-0.0030212
0.02066
0.017395
0.019745
0.02243
0.02182
0.037628
0.046509
0.039001
0.025574
0.037842
0.050446
0.03775
0.022369
-0.0048523
-0.027222
-0.029266
-0.036591
-0.053864
-0.044312
-0.028839
-0.030731
-0.018494
0.00354
0.0083618
0.0012512
-0.0024719
-0.0073853
-0.0093689
-0.0088806
-0.0011292
0.0026245
-0.0053101
-0.0079041
0.0072632
0.023804
0.025421
0.009613
-0.0011902
0.021759
0.029694
0.017975
0.0058594
-0.0077209
-0.013916
-0.012421
-0.011261
-0.01178
-0.010742
0.00097656
0.0062561
0.015472
0.031769
0.035248
0.034576
0.037689
0.033783
0.040741
0.040527
0.029236
0.016907
0.0099182
-0.00067139
-0.019501
-0.028778
-0.023346
-0.03241
-0.029449
-0.012909
-0.025177
-0.035706
-0.032013
-0.037201
-0.039642
-0.031403
-0.032623
-0.027283
-0.0032349
0.006073
0.016388
0.019073
0.0078735
0.0016174
0.0049133
0.016144
0.030945
0.025177
0.017578
0.031219
0.045959
0.036774
0.033356
0.018768
0.0010986
-0.0081787
-0.021179
-0.040649
-0.043488
-0.045227
-0.03006
-0.0039673
-0.014496
-0.021881
-0.023193
-0.021484
-0.012482
-0.017181
-0.012299
-0.0015259
0.0081177
0.0027771
0.00057983
0.029144
0.026886
0.0097656
0.016083
0.015686
0.0043945
0.0011597
0.023376
0.0094604
0.0098267
0.04007
0.025635
0.012177
0.0036621
-0.0075989
-0.024445
-0.0014954
-0.015289
-0.050201
-0.020569
0.0091248
0.0054321
0.0035706
0.035156
0.042633
0.034088
0.034302
0.030365
0.0075989
-0.0015259
-0.0093994
-0.023865
-0.034363
-0.036865
-0.03653
-0.035065
-0.011292
-0.013123
-0.026672
-0.014404
-0.013245
-0.011108
-0.0056152
-0.0056458
-0.0077209
0.0036621
0.027527
0.019867
0.0054626
0.013641
0.010376
0.021088
0.03244
0.020325
-0.0058594
0.017639
0.030731
0.016113
0.026825
0.014862
-0.015015
-0.012268
-0.011902
-0.027252
-0.035065
-0.0090637
-0.013794
-0.0092163
-0.0061035
-0.029419
-0.017853
-0.0093384
-0.030182
-0.039825
-0.0076904
-0.0052185
0.028137
0.019501
0.0051575
0.027557
0.019257
0.017303
0.010254
0.0031433
-0.0010986
-0.00024414
0.0050354
0.028503
0.026855
0.010773
0.0090332
0.0049744
0.013947
0.011627
0.0064392
-0.008667
-0.027527
-0.016327
-0.013733
-0.017731
0.00045776
-0.0077209
-0.0040894
0.021851
0.016815
0.019348
0.0063477
-9.1553e-05
-0.018311
-0.021759
0.0012817
-0.011108
-0.0088501
-0.0091248
-0.016205
-0.028809
-0.012238
-0.013855
-0.021362
