-0.0031738
-0.0074768
-0.012024
-0.014679
-0.016052
-0.016815
-0.016144
-0.014221
-0.010925
-0.0071716
-0.002533
0.0025635
0.0067444
0.011017
0.014709
0.016907
0.018463
0.019562
0.018951
0.017242
0.015289
0.012177
0.0083923
0.0045166
0.00082397
-0.0030518
-0.0065613
-0.009552
-0.011047
-0.012756
-0.014038
-0.013367
-0.012115
-0.0099182
-0.006897
-0.0047913
-0.0022583
0.0020447
0.0048218
0.006958
0.0092468
0.0095825
0.010071
0.011627
0.010345
0.0079956
0.0076904
0.0063477
0.0037842
0.0025024
0.0012512
-0.00085449
-0.0015564
-0.0018311
-0.0034485
-0.0036926
-0.0039062
-0.0047302
-0.0048828
-0.0045471
-0.0045471
-0.0043335
-0.0036011
-0.0035706
-0.00354
-0.0031433
-0.0027466
-0.0030518
-0.0034485
-0.003418
-0.0042419
-0.0048523
-0.0041809
-0.0047302
-0.0046082
-0.0029602
-0.0021973
-0.0012512
0.001709
0.0022583
0.0025635
0.005127
0.0045166
0.0016174
0.0016785
-0.00097656
-0.0066223
-0.0082703
-0.012177
-0.016418
-0.015533
-0.01593
-0.016754
-0.0090637
-0.003479
0.0015564
0.013
0.021698
0.026367
0.037598
0.044952
0.044434
0.047424
0.0466
0.037964
0.031982
0.025787
0.011963
0.00079346
-0.0074158
-0.01886
-0.028503
-0.032867
-0.038879
-0.042267
-0.040405
-0.039215
-0.037354
-0.030975
-0.024567
-0.019623
-0.011688
-0.0039673
0.0018005
0.0076599
0.012909
0.01535
0.018097
0.019348
0.017426
0.014557
0.012512
0.0085144
0.0035095
-0.00033569
-0.0037842
-0.0075378
-0.010712
-0.012177
-0.013885
-0.014923
-0.014465
-0.013641
-0.012665
-0.0098877
-0.0072021
-0.0050964
-0.00097656
0.0035706
0.0076599
0.011566
0.016022
0.018219
0.020752
0.023499
0.023895
0.023407
0.022522
0.020081
0.016785
0.014282
0.0099792
0.0046387
0.00079346
-0.0032654
-0.0082703
-0.011292
-0.013794
-0.016418
-0.016876
-0.016479
-0.01651
-0.014984
-0.013641
-0.012878
-0.010345
-0.0069275
-0.0048828
-0.0029907
-0.0021973
-0.0031738
-0.0023499
0.00042725
0.0010681
0.0019531
0.0028992
0.0030518
0.0041199
0.0089722
0.0040894
-0.0049744
-0.016998
-0.026031
-0.034576
-0.036652
-0.03952
-0.039398
-0.032623
-0.013733
0.004425
0.024353
0.042725
0.058167
0.07074
0.084473
0.089661
0.084076
0.073822
0.059753
0.042389
0.024933
0.0057068
-0.01767
-0.037598
-0.049561
-0.057373
-0.062317
-0.062683
-0.060791
-0.052338
-0.038055
-0.023376
-0.012909
-0.0029602
0.0065308
0.015045
0.020691
0.021576
0.016571
0.0097961
0.0046082
-3.0518e-05
-0.0064392
-0.014862
-0.021667
-0.023865
-0.021881
-0.019043
-0.014984
-0.011505
-0.0075073
0.00088501
0.0097046
0.011658
0.013092
0.014069
0.0090027
0.0070496
0.0065613
-0.005249
-0.011078
-0.0052185
-0.0048523
-0.00354
0.007019
0.012268
0.018646
0.032074
0.035645
0.031891
0.033997
0.030426
0.021729
0.015625
0.005127
-0.0075073
-0.010742
-0.012604
-0.017883
-0.019867
-0.017212
-0.01535
-0.010284
-0.0050964
-0.0036926
-0.0047913
-0.0021057
-0.00036621
-0.0039673
-0.0099182
-0.012848
-0.016479
-0.018219
-0.01886
-0.01712
-0.0091248
-0.0053406
-0.0054016
-0.0020447
-0.0077515
-0.01532
-0.011963
-0.033905
-0.069794
-0.055756
-0.042236
-0.039581
-0.012604
0.022522
0.036133
0.08551
0.13046
0.12296
0.11276
0.11169
0.083893
0.050629
0.027008
-0.025146
-0.065277
-0.066711
-0.06604
-0.069397
-0.048462
-0.028748
-0.011536
0.025146
0.048096
0.039917
0.033661
0.031128
0.01178
-0.0054626
-0.022705
-0.051086
-0.065735
-0.058533
-0.054443
-0.051056
-0.034668
-0.017029
0.0024109
0.027496
0.038879
0.034973
0.033417
0.029907
0.015747
-0.0012207
-0.017761
-0.033356
-0.040131
-0.033325
-0.029572
-0.026093
-0.016113
-0.0042114
0.0035095
0.014008
0.021576
0.02066
0.021606
0.023224
0.020905
0.017273
0.015808
0.0098572
0.0046082
0.003418
0.0012207
0.0012207
0.0064087
0.0095825
0.014343
0.022125
0.023041
0.022461
0.019989
0.011902
0.0021362
-0.0031128
-0.012787
-0.02298
-0.021881
-0.020782
-0.019165
-0.022308
-0.017212
-0.011993
-0.0088806
-0.0016785
-0.00036621
-0.0074768
-0.017181
-0.044495
-0.036835
-0.015472
-0.065552
-0.15762
-0.10724
-0.048187
-0.026306
0.02475
0.068848
0.080933
0.15802
0.23053
0.17953
0.12561
0.092285
0.045685
0.0024109
-0.033478
-0.10818
-0.13745
-0.093964
-0.057343
-0.032593
0.0033875
0.030518
0.058716
0.10049
0.084167
0.03241
-0.0017395
-0.025909
-0.05542
-0.072723
-0.097076
-0.11203
-0.081818
-0.037964
-0.012421
0.013947
0.04068
0.058624
0.077545
0.075195
0.041168
0.010071
-0.0077515
-0.030609
-0.050598
-0.064819
-0.071869
-0.059052
-0.030396
-0.0067139
0.0081482
0.025116
0.035675
0.032196
0.023346
0.014465
-0.00021362
-0.0074158
-0.0074463
-0.013031
-0.010681
0.0060425
0.016205
0.021637
0.027863
0.02774
0.026642
0.029266
0.021179
0.0072021
0.004303
0.00024414
-0.0069885
-0.0042725
-0.0039368
-0.013092
-0.0079956
-0.0067749
-0.0051575
0.0031738
0.0044861
-0.005188
3.0518e-05
0.0015564
0.0007019
0.0067444
-0.0039062
-0.008667
-0.022034
-0.072144
-0.063507
-0.039124
-0.16089
-0.20404
-0.090485
-0.051849
-0.011169
0.088867
0.10806
0.13699
0.25381
0.24265
0.14539
0.11539
0.055756
-0.021942
-0.035248
-0.085815
-0.16544
-0.11835
-0.045868
-0.024353
0.024902
0.074921
0.073761
0.103
0.12173
0.050049
-0.019562
-0.046661
-0.090179
-0.12369
-0.12286
-0.13205
-0.11282
-0.046112
-0.0013733
0.026062
0.067505
0.085602
0.081055
0.079681
0.05191
0.0016174
-0.025269
-0.039795
-0.057739
-0.061157
-0.056885
-0.045105
-0.010742
0.023163
0.032928
0.040802
0.051636
0.04892
0.024506
-0.0068359
-0.029327
-0.046692
-0.046661
-0.038666
-0.038971
-0.019897
0.016602
0.037598
0.043915
0.050568
0.046112
0.040009
0.034851
0.019073
0.0012207
-0.0050354
-0.012115
-0.016724
-0.010559
-0.0092468
-0.0057373
-0.0014343
0.0031738
0.012482
0.0092773
-0.00036621
0.0027771
0.0010071
0.0010681
0.0068665
-0.0036316
-0.040619
-0.062408
-0.087189
-0.082855
-0.14029
-0.23569
-0.1543
-0.063721
-0.018829
0.06366
0.13971
0.16214
0.255
0.30435
0.20615
0.13361
0.089233
0.011932
-0.051392
-0.087738
-0.16528
-0.16226
-0.076172
-0.030457
0.0021667
0.06662
0.089844
0.098846
0.12714
0.081421
-0.0055542
-0.048553
-0.080658
-0.13016
-0.14175
-0.14349
-0.13611
-0.073914
-0.0028381
0.030273
0.064606
0.099731
0.10172
0.091736
0.069702
0.014252
-0.033813
-0.045593
-0.06546
-0.088501
-0.080994
-0.05957
-0.032837
0.0082092
0.039795
0.047516
0.055786
0.067749
0.054718
0.020538
-0.0092773
-0.034485
-0.050995
-0.047394
-0.052704
-0.043427
0.0030823
0.039917
0.055847
0.072754
0.075562
0.063477
0.058197
0.033508
-0.0056458
-0.021698
-0.024445
-0.038116
-0.039551
-0.033813
-0.027161
-0.01181
-0.0061035
0.0063477
0.020325
0.016174
0.0112
0.024078
0.013245
-0.011688
-0.0032959
-0.018219
-0.060303
-0.099365
-0.089935
-0.17294
-0.25369
-0.13879
-0.073669
-0.046265
0.069702
0.15048
0.16739
0.28534
0.31647
0.19403
0.14209
0.099609
-0.0040283
-0.060364
-0.093048
-0.1795
-0.16382
-0.068176
-0.035187
0.00015259
0.088318
0.11057
0.11731
0.14487
0.09024
0.0046997
-0.027893
-0.067657
-0.13657
-0.14993
-0.15112
-0.151
-0.099701
-0.031403
-3.0518e-05
0.03833
0.089172
0.095764
0.084351
0.078064
0.042084
-0.005127
-0.02655
-0.05191
-0.081512
-0.082153
-0.062012
-0.043152
-0.012146
0.02359
0.043854
0.058563
0.064148
0.046906
0.024536
0.010437
-0.013611
-0.032562
-0.029999
-0.026886
-0.014557
0.014252
0.035706
0.042786
0.049988
0.053284
0.0466
0.029205
0.0092163
-0.006012
-0.014404
-0.022278
-0.03125
-0.02771
-0.026794
-0.033539
-0.023468
-0.01181
-0.0097351
-0.0057373
0.011169
0.024414
0.023682
0.019928
0.012451
-0.0013123
-0.048584
-0.065765
-0.13898
-0.30164
-0.23453
-0.12805
-0.1192
-0.033325
0.10254
0.14301
0.26608
0.38916
0.29196
0.20319
0.18149
0.088348
-0.010773
-0.053009
-0.16153
-0.21298
-0.13281
-0.081329
-0.058563
0.024506
0.080902
0.10495
0.15201
0.12756
0.050201
0.0023193
-0.035034
-0.09552
-0.12784
-0.14578
-0.15964
-0.12366
-0.062653
-0.020813
0.016724
0.058807
0.080688
0.088348
0.082184
0.055237
0.014069
-0.014709
-0.035675
-0.059998
-0.077118
-0.074158
-0.058411
-0.03299
-0.0058594
0.006958
0.018402
0.039673
0.042847
0.034058
0.031281
0.022369
0.0096436
0.017212
0.018066
0.0068359
0.017029
0.02829
0.024933
0.019714
0.015137
0.0057068
0.0067444
0.010529
-0.0010681
-0.011108
-0.0087891
-0.010895
-0.015961
-0.016998
-0.032318
-0.038483
-0.0289
-0.01828
-0.011292
-0.0088501
-0.0028992
0.016785
0.025085
0.019104
0.02301
0.031677
-0.16763
-0.28192
-0.17352
-0.14954
-0.15768
-0.034058
0.020355
0.071136
0.2832
0.35159
0.24579
0.22626
0.18741
0.08963
0.060059
-0.00033569
-0.13129
-0.13583
-0.085999
-0.087921
-0.0513
0.019592
0.027893
0.060638
0.11218
0.072845
0.014557
0.0037537
-0.029816
-0.081116
-0.095642
-0.11566
-0.13467
-0.10629
-0.062927
-0.039734
-0.0010681
0.037048
0.041748
0.050964
0.071045
0.054321
0.020416
0.0054932
-0.021149
-0.052979
-0.061646
-0.065094
-0.070526
-0.054626
-0.02829
-0.012726
0.015747
0.049744
0.064484
0.065735
0.066925
0.055359
0.047333
0.039978
0.013123
-0.0032654
-0.0010376
0.0071106
0.0050964
0.0016479
-0.0029602
0.0042725
0.0078125
-0.0024414
-0.010895
-0.012756
-0.010254
-0.0093384
-0.0075378
-0.02002
-0.036407
-0.03302
-0.028748
-0.034302
-0.034546
-0.017334
0.0057678
0.046448
0.10052
-0.044983
-0.16153
-0.10629
-0.10788
-0.16074
-0.10056
-0.075684
-0.059448
0.12311
0.23251
0.19424
0.21121
0.22952
0.15707
0.11987
0.079681
-0.029724
-0.074554
-0.05838
-0.077423
-0.072723
-0.018982
-0.0023193
0.020264
0.05954
0.047607
0.013916
0.0029602
-0.019836
-0.055298
-0.059601
-0.067871
-0.082947
-0.07605
-0.055145
-0.051361
-0.038177
-0.018188
-0.0054016
0.0032654
0.01828
0.026611
0.024414
0.025055
0.01767
0.0046082
-0.0059509
-0.012421
-0.025848
-0.032288
-0.027893
-0.018402
-0.0044861
0.02002
0.036316
0.03775
0.04361
0.04187
0.029663
0.022949
0.0099182
-0.0072327
-0.010101
-0.0070496
-0.010529
-0.010895
-0.0027161
-0.005188
-0.006958
0.0018005
-9.1553e-05
-0.00067139
0.0051575
0.0039062
0.0013733
-0.0056152
-0.015411
-0.021759
-0.020477
-0.021149
-0.0289
-0.027893
-0.0071106
0.016388
0.038147
0.04718
0.028931
0.010681
0.0036316
-0.021271
-0.061401
-0.0755
-0.080231
-0.076416
-0.043701
-0.0092773
0.021179
0.059479
0.094635
0.10425
0.10675
0.098694
0.076111
0.051788
0.019714
-0.0080872
-0.017975
-0.015503
-0.015228
-0.0093079
0.0018616
0.010956
0.01712
0.005188
-0.013336
-0.019287
-0.026978
-0.040314
-0.041809
-0.037506
-0.035095
-0.023895
-0.016754
-0.012268
-0.0083008
-0.0076904
-0.018768
-0.017365
-0.0020447
0.0014648
-0.0015259
0.0066223
0.0062561
0.006073
0.019684
0.020477
0.00073242
-0.0075684
-0.0053101
-0.011963
-0.011444
0.00036621
0.0050049
0.0032043
0.0043335
0.0014648
-0.0055237
-0.0052795
-0.0037231
-0.0092468
-0.01712
-0.011047
-0.0094604
-0.010651
-0.0013733
0.001709
0.0071716
0.016541
0.018951
0.019623
0.010651
0.008728
0.014069
0.0021973
-0.0072937
-0.0053711
-0.014954
-0.01416
0.0011292
-0.0014038
0.0065918
0.024414
0.027313
0.015106
0.021149
0.027832
0.018219
0.019135
0.0033569
-0.025238
-0.029999
-0.026581
-0.043335
-0.044983
-0.027588
-0.022614
-0.0018921
0.027832
0.029938
0.030243
0.04126
0.029297
0.011841
0.0099182
-0.0019531
-0.016632
-0.0081177
-0.00048828
-0.0032959
0.0049133
0.013397
0.0076904
0.0053406
0.0058899
-0.0074158
-0.0087585
-0.0061035
-0.012268
-0.0086365
-0.00012207
-0.0045166
-0.0073547
-0.00091553
-0.0011902
-0.0022583
0.0021973
0.002655
-0.0011597
0.0011292
0.0028992
0.0021057
-0.0055847
-0.010681
-0.013763
-0.018982
-0.016174
-0.009491
-0.0035095
-0.00177
0.0005188
0.010254
0.016174
0.010315
0.0012207
-0.0054626
-0.011566
-0.015137
-0.0091858
-0.0083923
-0.017487
-0.015564
-0.0023499
0.0069885
0.017242
0.016968
0.012146
0.017975
0.023224
0.023132
0.0112
-0.0013123
-0.0083008
-0.012787
-0.0078125
-0.010193
-0.013184
-0.0089417
0.0037537
0.0081177
0.0097351
0.013824
0.0053406
0.001709
0.013153
0.021271
0.019135
0.016754
-0.0012817
-0.013763
-0.018799
-0.021027
-0.014435
-0.016785
-0.028778
-0.025085
-0.014648
0.0013428
0.012787
0.016876
0.017609
0.013885
0.010406
0.0020752
-0.0065613
