-0.013153
-0.020508
-0.027405
-0.03244
-0.034729
-0.035736
-0.03598
-0.033722
-0.030914
-0.027191
-0.021515
-0.016113
-0.010315
-0.0037231
0.0019836
0.0071716
0.012085
0.014862
0.016632
0.018372
0.019043
0.018097
0.016418
0.013092
0.0094299
0.0058289
0.002533
-0.00082397
-0.0046997
-0.007782
-0.010254
-0.012299
-0.013794
-0.013428
-0.013092
-0.011444
-0.0083618
-0.0053101
-0.0010681
0.0039062
0.0084534
0.01355
0.018738
0.022003
0.0242
0.026428
0.0271
0.025787
0.02301
0.019409
0.01413
0.0083008
0.0024109
-0.003418
-0.0093384
-0.014069
-0.017212
-0.020447
-0.022278
-0.022705
-0.022614
-0.021454
-0.019104
-0.015808
-0.012573
-0.0088806
-0.0054626
-0.0022278
0.0015259
0.0036621
0.0048523
0.0064392
0.0066528
0.0054932
0.0039368
0.0019531
0.00030518
-0.00057983
-0.0017395
-0.0035095
-0.004303
-0.0047302
-0.0054321
-0.005127
-0.0055237
-0.0072021
-0.0079041
-0.0079956
-0.010101
-0.0083923
-0.0074463
-0.0088806
-0.0050049
0.00061035
0.0040283
0.012115
0.021088
0.024963
0.033752
0.043549
0.045837
0.048157
0.050446
0.045868
0.040771
0.036041
0.024902
0.012543
0.0021362
-0.0095215
-0.02179
-0.031403
-0.039246
-0.046631
-0.050995
-0.051117
-0.05011
-0.048676
-0.04303
-0.03595
-0.029999
-0.020996
-0.012207
-0.0062561
0.001709
0.010132
0.014069
0.01828
0.022858
0.023254
0.0224
0.02179
0.019012
0.015228
0.01181
0.0069885
0.0023499
-0.0012207
-0.0052795
-0.0088806
-0.011353
-0.012299
-0.012268
-0.011963
-0.010437
-0.0094604
-0.0091248
-0.0061035
-0.0020447
-0.00048828
0.0031128
0.0075989
0.0077209
0.0099182
0.016235
0.015625
0.013031
0.020874
0.021576
0.020905
0.028015
0.028168
0.023468
0.02594
0.022949
0.011261
0.0061035
-0.0021973
-0.017212
-0.023132
-0.02771
-0.036926
-0.037598
-0.035431
-0.036133
-0.028564
-0.021881
-0.018005
-0.0091858
-0.0016174
0.0023499
0.0082703
0.012451
0.011749
0.014374
0.013794
0.0087891
0.005249
0.00021362
-0.006012
-0.0093994
-0.011078
-0.014099
-0.01474
-0.013947
-0.016479
-0.017792
-0.015137
-0.022949
-0.035797
-0.02597
-0.017365
-0.011353
0.00354
0.020081
0.03418
0.06311
0.088623
0.090454
0.089569
0.092438
0.083618
0.066742
0.049103
0.016235
-0.015717
-0.027618
-0.040649
-0.060974
-0.066101
-0.062714
-0.060272
-0.04361
-0.026978
-0.024017
-0.014374
0.0047302
0.0075073
0.0059204
0.0076294
-0.0021362
-0.012756
-0.013977
-0.022949
-0.035065
-0.032227
-0.026886
-0.024506
-0.013947
-0.0035706
0.002533
0.013885
0.024445
0.023743
0.020081
0.018036
0.011047
0.0032654
-0.001709
-0.0088501
-0.015869
-0.016876
-0.014252
-0.011749
-0.0061035
0.0013428
0.0010071
-0.0038452
0.0061035
0.020691
0.019257
0.022766
0.030487
0.029388
0.037323
0.046051
0.029297
0.013306
0.015472
0.0053101
-0.0057068
-0.0062561
-0.014374
-0.019226
-0.0054321
-0.0021973
-0.0083618
0.00054932
0.0058594
-0.0039062
-0.0036926
-0.0011597
-0.017365
-0.017395
-0.0091858
-0.025299
-0.030182
-0.012634
-0.018097
-0.019165
-0.0016479
-0.0027771
-0.0022888
0.0063477
-0.0031128
-0.0038147
0.0089111
-0.011536
-0.022888
-0.0087891
-0.02243
-0.02887
-0.018188
-0.020935
-0.053741
-0.078003
-0.034668
-0.017242
-0.006958
0.027496
0.057037
0.077301
0.13376
0.15643
0.11307
0.093597
0.087952
0.051392
0.012939
-0.011841
-0.056213
-0.07132
-0.048737
-0.047119
-0.04538
-0.019073
0.0057373
0.015686
0.037659
0.031281
0.0057983
-0.0022278
-0.0091553
-0.041046
-0.064697
-0.071136
-0.077606
-0.067505
-0.045685
-0.031799
-0.012756
0.020844
0.041199
0.045288
0.047455
0.040375
0.023682
0.010742
-0.0080566
-0.03595
-0.048676
-0.048859
-0.045929
-0.036407
-0.018066
-0.001709
0.015778
0.036407
0.039429
0.045624
0.018555
-0.019836
0.00039673
-0.0064087
-0.033936
-0.015961
0.0057068
0.012146
0.050659
0.074585
0.045471
0.054382
0.061554
0.031464
0.0089722
0.0079956
-0.019409
-0.02713
-0.014313
-0.017029
-0.026733
-0.0092163
-0.0021057
-0.013428
-0.0093994
-0.011292
-0.02713
-0.021454
-0.01236
-0.018433
-0.015747
-0.0057983
-0.010712
-0.010651
-0.00354
-0.0075378
-0.015289
-0.0045166
-0.017242
-0.031708
-0.011383
-0.020966
-0.048187
-0.012787
-0.070404
-0.14432
-0.047363
0.0064392
-0.016418
0.044617
0.10614
0.10452
0.17593
0.22025
0.12476
0.078857
0.089722
0.030182
-0.0383
-0.048553
-0.093628
-0.10648
-0.046204
-0.013794
-0.015442
0.02359
0.06369
0.059937
0.060669
0.036682
-0.018158
-0.050476
-0.05188
-0.083832
-0.11914
-0.10812
-0.084076
-0.056427
-0.016663
0.01709
0.03244
0.057983
0.077759
0.065948
0.041199
0.02121
-0.0040894
-0.032379
-0.050293
-0.066101
-0.07077
-0.050049
-0.022217
-0.0041199
0.015839
0.039673
0.054901
0.056824
0.04834
0.018707
-0.056976
-0.070312
-0.049438
-0.054901
-0.040588
-0.0014954
0.020752
0.066772
0.11636
0.10211
0.072937
0.065247
0.034729
0.0057678
-0.0077209
-0.02887
-0.03949
-0.01712
-0.0049438
6.1035e-05
0.0051575
0.0096741
0.0076599
0.0048523
-0.015594
-0.031067
-0.031921
-0.027588
-0.0242
-0.026672
-0.022949
-0.021332
-0.024536
-0.018372
-0.012512
-0.017517
-0.023773
-0.031403
-0.042023
-0.040924
-0.037323
-0.14514
-0.14111
-0.02948
-0.0038452
0.010529
0.089935
0.12955
0.16919
0.24463
0.2114
0.11172
0.08667
0.060394
-0.011017
-0.063263
-0.10001
-0.13788
-0.092316
-0.031921
-0.0071411
0.022125
0.066803
0.089722
0.09906
0.07782
0.0068665
-0.041534
-0.058807
-0.088409
-0.12344
-0.12201
-0.10202
-0.065582
-0.0053406
0.028351
0.041046
0.067474
0.083862
0.066528
0.040039
0.0029297
-0.038696
-0.056488
-0.061096
-0.078308
-0.081787
-0.057312
-0.027893
0.0047913
0.033813
0.048584
0.051788
0.053894
0.023071
-0.019104
-0.021973
-0.034088
-0.040192
-0.020844
-0.0011597
0.016449
0.05957
0.078552
0.062897
0.055786
0.04306
0.021088
0.0011902
-0.015198
-0.029877
-0.023376
-0.014038
-0.014954
-0.01059
0.0039062
0.01416
0.007019
-0.002533
-0.012787
-0.011597
-0.0030518
0.0033875
-0.0039368
-0.015442
-0.0081177
-0.0021362
-0.00027466
-0.019653
-0.030426
-0.053497
-0.084106
-0.065125
-0.096008
-0.21988
-0.1391
-0.021667
0.0019226
0.056458
0.1481
0.1579
0.22531
0.28705
0.18661
0.084442
0.073486
0.011475
-0.06189
-0.075562
-0.12326
-0.14185
-0.045624
0.018005
0.015625
0.051788
0.098633
0.085388
0.080444
0.052155
-0.043396
-0.09613
-0.093323
-0.12625
-0.15683
-0.12698
-0.090179
-0.047882
0.022339
0.056
0.060364
0.09433
0.11014
0.064117
0.029846
0.0032654
-0.042023
-0.06192
-0.055939
-0.069763
-0.064789
-0.021149
0.0049744
0.023865
0.050385
0.04837
0.019775
0.019043
0.018707
-0.029175
-0.043762
-0.026031
-0.030579
-0.015289
0.025269
0.02359
0.029327
0.062073
0.053314
0.023193
0.026886
0.015656
-0.0090027
-0.0029907
-0.0015259
-0.015259
-0.00018311
0.0072327
-0.013428
-0.015228
-0.010406
-0.027466
-0.027893
-0.016449
-0.020721
-0.0043335
0.016174
0.017334
0.016357
0.018738
-0.01355
-0.069336
-0.09198
-0.10941
-0.25812
-0.2291
-0.086212
-0.035248
0.028961
0.16501
0.19485
0.25449
0.36118
0.28635
0.1319
0.091553
0.029846
-0.08667
-0.11765
-0.15112
-0.20441
-0.12973
-0.010162
0.018311
0.055328
0.12567
0.12643
0.10971
0.093811
0.0010071
-0.097748
-0.10742
-0.12784
-0.17386
-0.16278
-0.11456
-0.081085
0.0017395
0.07962
0.09079
0.104
0.13248
0.10019
0.042572
0.0081787
-0.0466
-0.094055
-0.095551
-0.096436
-0.095276
-0.05246
-0.0047302
0.015106
0.035034
0.040131
0.041748
0.052399
0.050934
0.018799
0.0088196
0.016998
0.021667
0.021271
0.017822
-0.0023804
-0.00097656
0.018555
0.020508
0.010284
0.013367
0.018829
0.020599
0.018921
0.012054
-0.0042725
-0.015503
-0.025116
-0.048737
-0.065491
-0.068207
-0.064575
-0.04657
-0.027802
-0.011627
0.0096741
0.02356
0.042084
0.03656
-0.0024719
-0.048065
-0.20651
-0.23401
-0.13046
-0.088806
-0.070343
0.050812
0.12564
0.21283
0.34641
0.33557
0.20041
0.14938
0.12326
0.0079956
-0.070953
-0.14026
-0.20663
-0.17725
-0.070374
-0.031036
-0.0017395
0.076691
0.12546
0.13553
0.13077
0.075073
-0.019562
-0.062347
-0.090485
-0.14209
-0.1759
-0.16138
-0.13461
-0.079224
-0.010132
0.031128
0.058685
0.10071
0.12292
0.093323
0.059326
0.017761
-0.024506
-0.046082
-0.067871
-0.10693
-0.10751
-0.065857
-0.047211
-0.040283
0.0027466
0.039124
0.05838
0.088226
0.095337
0.067566
0.063507
0.055145
0.017303
-0.0093384
-0.016296
-0.03009
-0.017822
0.0062866
0.0074158
0.018005
0.045074
0.044525
0.032654
0.030243
0.0098877
-0.013519
-0.021606
-0.042572
-0.062347
-0.06781
-0.074402
-0.06897
-0.049683
-0.041931
-0.022522
0.023315
0.041962
0.050964
-0.053345
-0.23901
-0.19565
-0.10977
-0.11069
-0.079285
0.02121
0.058716
0.2269
0.37421
0.3187
0.19305
0.19101
0.14099
0.059601
0.0033875
-0.10306
-0.20004
-0.16425
-0.078094
-0.073975
-0.034668
0.035034
0.068481
0.097809
0.1322
0.067932
-0.024353
-0.038971
-0.059845
-0.12067
-0.14886
-0.13364
-0.12845
-0.065765
0.0081177
0.021332
0.032379
0.087891
0.10138
0.078186
0.066345
0.026917
-0.019501
-0.025543
-0.044067
-0.1077
-0.1149
-0.074127
-0.057831
-0.036713
0.0083008
0.020782
0.047577
0.098816
0.099731
0.063049
0.054352
0.042053
0.0074158
-0.010071
-0.022034
-0.037994
-0.026581
0.00042725
0.0039062
0.0051575
0.026611
0.025421
0.015594
0.022614
0.021332
0.0013123
-0.00088501
-0.0032043
-0.021515
-0.038177
-0.059967
-0.076416
-0.051544
-0.028595
0.037201
0.011536
-0.18069
-0.18045
-0.085052
-0.080048
-0.082184
0.013763
-0.024872
0.059326
0.24445
0.29266
0.15842
0.15015
0.12689
0.07373
0.076324
0.050446
-0.060944
-0.094849
-0.028137
-0.014771
-0.01236
0.0066223
-0.00015259
-0.011414
0.022583
0.022186
-0.043671
-0.058655
-0.044647
-0.050873
-0.071411
-0.054443
-0.079163
-0.076233
-0.029236
0.002655
-0.013214
-0.0064392
0.015381
0.018433
0.033813
0.037384
0.013611
-0.0027771
0.0084534
-0.0079041
-0.021637
-0.0076294
-0.010284
-0.019165
-0.0005188
0.016754
0.017609
0.034332
0.03772
0.023499
0.022522
0.031952
0.026672
0.014435
0.0013733
-0.015228
-0.015625
-0.0082092
-0.01001
-0.01593
-0.02002
-0.019653
-0.016113
-0.011414
-0.0093689
-0.012085
-0.021332
-0.015594
0.0032959
0.011719
0.012634
0.034088
-0.016174
-0.081512
-0.089722
-0.11121
-0.13361
-0.092224
-0.05191
-0.038757
0.036499
0.12354
0.14963
0.16135
0.17749
0.14709
0.11658
0.10501
0.06897
0.015564
-0.0042114
-0.0066528
-0.026215
-0.026459
-0.017883
-0.02124
-0.016449
0.00057983
-0.010559
-0.036713
-0.037842
-0.044006
-0.055145
-0.052368
-0.056244
-0.071381
-0.061584
-0.043488
-0.041748
-0.033936
-0.018555
-0.013611
-0.006134
0.015045
0.026001
0.02655
0.031067
0.031952
0.031097
0.031647
0.027557
0.012726
0.0095825
0.0058594
-0.006134
-0.01062
-0.0065308
0.00054932
0.0089722
0.015106
0.011932
0.006073
0.0014038
-0.010529
-0.014343
-0.014679
-0.017822
-0.019012
-0.013153
-0.0084534
0.0032959
0.0091248
0.006897
0.0013428
0.00024414
-0.0028992
-0.0026245
-0.0032959
-0.0018921
-0.015686
-0.029327
-0.024384
-0.014252
-0.017761
-0.018097
-0.01004
-0.0049744
0.012909
0.030518
0.030762
0.019958
0.02597
0.028992
0.032684
0.033295
0.028381
0.017975
0.022552
0.033783
0.037415
0.033539
0.030762
0.023712
0.017822
0.014069
0.0011292
-0.012573
-0.020813
-0.026733
-0.040436
-0.048981
-0.044861
-0.041443
-0.032166
-0.024567
-0.02951
-0.031982
-0.021454
-0.015839
-0.0045776
0.0094604
0.0094604
-0.00076294
-0.0010376
0.0012207
0.0028992
0.0098572
0.0039062
-0.0039368
0.0049133
0.020233
0.018219
0.0075989
0.0054321
0.0068665
0.0067139
0.0024414
0.0076294
0.0037537
-0.0041809
-0.0036621
-0.014832
-0.012482
-0.0065002
0.0059814
0.0058289
-0.0037537
-0.0090027
-0.0062561
0.0015869
0.0066528
-0.01059
-0.022644
-0.010559
-0.010559
-0.0054626
0.0076904
0.0072021
0.0037842
0.015472
0.020721
0.015198
0.0083313
0.0065002
0.0024414
-0.0029907
-0.0057983
-0.0042419
-0.0030518
-0.0047302
0.0057983
0.013397
0.015778
0.022552
0.030243
0.025543
0.023163
0.019806
0.0010376
-0.0045776
-0.010345
-0.015686
-0.015961
-0.013641
-0.012299
-0.016357
0.0090942
0.0076599
0.005127
0.006012
0.0066528
-0.00094604
-0.0069885
-0.015167
-0.022247
-0.027496
-0.026611
-0.025635
-0.019501
-0.012115
0.0046997
0.0030518
-0.0042114
0.018036
0.01886
0.0065918
0.012604
0.0063782
-0.014099
-0.010132
-0.0052185
-0.02066
