-0.0041809
-0.0020752
-0.00024414
0.001709
0.004364
0.0053101
0.0068359
0.0076599
0.0079651
0.0077209
0.0073242
0.006897
0.0062866
0.0044556
0.0040894
0.003418
0.0010071
0.00061035
0.00054932
-0.0013428
-0.002655
-0.0029907
-0.0037842
-0.0041504
-0.0045471
-0.0054016
-0.0051575
-0.0041809
-0.0041809
-0.0039978
-0.0036011
-0.0029602
-0.0028381
-0.0015564
-0.0011902
-0.00094604
-0.00018311
0.0014038
0.0022278
0.0038452
0.0050049
0.0050659
0.0066223
0.0069885
0.0059204
0.0058594
0.0050659
0.0031128
0.0025635
0.0015564
-3.0518e-05
-0.0012207
-0.0030518
-0.004425
-0.0050354
-0.0056763
-0.0055847
-0.0053711
-0.0058899
-0.0053101
-0.003479
-0.0033264
-0.0018005
-0.00033569
9.1553e-05
0.0020752
0.0028992
0.0026855
0.0041809
0.0048218
0.0043335
0.0053406
0.005127
0.0031738
0.0033264
0.0022583
0.00067139
-0.00018311
-0.0012512
-0.0020752
-0.0028687
-0.0042725
-0.0039978
-0.0056152
-0.01059
-0.011658
-0.014038
-0.019287
-0.018219
-0.019287
-0.02359
-0.019165
-0.013153
-0.011841
-0.0015869
0.0080872
0.011139
0.023376
0.036072
0.039062
0.046082
0.051758
0.047577
0.046722
0.045654
0.034241
0.023743
0.015839
0.0020752
-0.009552
-0.017792
-0.028748
-0.037201
-0.039948
-0.043671
-0.045288
-0.042969
-0.040588
-0.037201
-0.030243
-0.023254
-0.01709
-0.0099487
-0.0021667
0.0046082
0.01123
0.017059
0.021088
0.023407
0.02359
0.023956
0.0224
0.017609
0.011963
0.0067139
-0.00018311
-0.0056152
-0.0099182
-0.015076
-0.016846
-0.016449
-0.015442
-0.011871
-0.0070801
-0.0036621
0.0019531
0.0088501
0.01358
0.018555
0.022003
0.023621
0.023743
0.022461
0.020172
0.01474
0.0090332
0.0093994
0.0047913
-0.0007019
-0.0012512
-0.0050659
-0.010071
-0.0097961
-0.014465
-0.021454
-0.022095
-0.023438
-0.026337
-0.024017
-0.024628
-0.024323
-0.014832
-0.0071411
-0.008728
-0.0036011
6.1035e-05
-0.0039062
0.0026855
0.002655
-0.024139
-0.031219
-0.018524
-0.025604
-0.024261
-0.010376
-0.0090027
0.0093994
0.054291
0.069
0.070129
0.088226
0.099609
0.096649
0.096436
0.074036
0.033386
0.014069
9.1553e-05
-0.031891
-0.058716
-0.072937
-0.087555
-0.080963
-0.060883
-0.057983
-0.051605
-0.022064
0.00064087
0.014465
0.031281
0.03006
0.022217
0.029236
0.025177
0.0038757
-0.010223
-0.022766
-0.036163
-0.034454
-0.032532
-0.039764
-0.032837
-0.014557
-0.004364
0.0075073
0.019806
0.022797
0.029449
0.03717
0.028534
0.015167
0.0099182
0.00076294
-0.010132
-0.019257
-0.030731
-0.036133
-0.026917
-0.020233
-0.017639
-0.0071411
0.0088501
0.02536
0.040588
0.046722
0.046265
0.047821
0.045654
0.035492
0.019653
0.00177
-0.011536
-0.018066
-0.022369
-0.026825
-0.026428
-0.020508
-0.0090942
0.0035706
0.0069275
0.0078125
0.0112
0.0095825
0.0041504
0.0012512
-0.0085449
-0.016327
-0.018188
-0.024811
-0.02356
-0.022064
-0.028503
-0.019562
-0.010406
-0.0088501
-0.0042725
0.0054626
-0.0067139
-0.01123
0.0038757
-0.038269
-0.089966
-0.048157
-0.043823
-0.058014
-0.012054
0.016571
0.024567
0.10599
0.15244
0.12073
0.13214
0.1394
0.095093
0.071228
0.044586
-0.037567
-0.066437
-0.056183
-0.083893
-0.093323
-0.063812
-0.055298
-0.02536
0.027527
0.029938
0.023895
0.046417
0.043854
0.018494
0.0029297
-0.026764
-0.058777
-0.058258
-0.061981
-0.078735
-0.066437
-0.04007
-0.021362
0.0095215
0.034515
0.039276
0.050873
0.06192
0.049072
0.028931
0.0090027
-0.023865
-0.039246
-0.046997
-0.058167
-0.062866
-0.050629
-0.032654
-0.008667
0.017395
0.035614
0.052002
0.066498
0.070984
0.060547
0.047272
0.030273
0.011444
-0.0056458
-0.020416
-0.030273
-0.028687
-0.021515
-0.013519
-0.0032959
0.0083313
0.020508
0.027527
0.024261
0.017334
0.010742
0.00067139
-0.016052
-0.019653
-0.038757
-0.049591
-0.038574
-0.031342
-0.019379
-0.01004
-0.009552
0.0050049
0.025726
0.010437
0.0056458
0.0068665
-0.027954
-0.025085
-0.030243
-0.164
-0.14307
-0.048859
-0.068817
-0.039429
0.060059
0.071716
0.13638
0.25412
0.20651
0.14798
0.16464
0.1156
0.033325
0.009552
-0.077332
-0.15231
-0.11517
-0.097412
-0.11447
-0.069702
-0.013275
0.01947
0.077484
0.096863
0.059998
0.046051
0.044922
0.00057983
-0.047943
-0.081329
-0.11353
-0.11249
-0.089386
-0.076355
-0.055145
-0.007843
0.037109
0.066772
0.084229
0.083374
0.073212
0.058899
0.035736
-0.0075378
-0.048035
-0.0625
-0.068085
-0.072479
-0.067291
-0.050018
-0.031006
0.0015259
0.034851
0.042297
0.044922
0.057465
0.054016
0.04071
0.029755
0.0022888
-0.013153
-0.010345
-0.016937
-0.021851
-0.013275
-0.0068054
0.0046997
0.020447
0.022827
0.023163
0.026367
0.022888
0.016815
0.0063477
-0.008728
-0.021423
-0.031036
-0.039795
-0.031372
-0.022491
-0.020142
-0.0072327
0.0067444
0.0056458
0.025055
0.013855
0.0021667
-0.010498
-0.028351
-0.040039
-0.19308
-0.20047
-0.094513
-0.093323
-0.076447
0.040802
0.088654
0.15912
0.2999
0.27405
0.19589
0.1925
0.151
0.047913
-0.0068359
-0.10263
-0.18646
-0.15588
-0.12405
-0.12457
-0.076935
-0.0088501
0.039032
0.10794
0.12292
0.082825
0.059998
0.043457
-0.0050354
-0.061188
-0.116
-0.15097
-0.13547
-0.1095
-0.093719
-0.057617
0.00015259
0.050659
0.095062
0.11389
0.098419
0.085236
0.069458
0.034729
-0.010651
-0.055359
-0.08194
-0.083008
-0.0784
-0.066559
-0.046661
-0.028809
0.00061035
0.038239
0.051971
0.05011
0.05719
0.055878
0.04541
0.034729
0.011658
-0.0053406
-0.0056458
-0.009613
-0.01535
-0.012634
-0.0049133
0.0049744
0.013397
0.018341
0.020477
0.016693
0.012848
-0.0023499
-0.016205
-0.026367
-0.045227
-0.05481
-0.040955
-0.024872
-0.025482
-0.016907
0.0020142
0.026276
0.038239
0.036499
0.02478
-0.022644
-0.033447
-0.13254
-0.24731
-0.15311
-0.11215
-0.11926
-0.012543
0.091888
0.13727
0.27484
0.33041
0.24728
0.22607
0.19489
0.088593
0.013763
-0.054749
-0.1777
-0.19067
-0.14172
-0.1416
-0.10394
-0.019043
0.022278
0.080872
0.13593
0.11096
0.072754
0.062592
0.013092
-0.050201
-0.092285
-0.14648
-0.1647
-0.13245
-0.10776
-0.081909
-0.024994
0.029053
0.067871
0.1026
0.10794
0.087616
0.067719
0.041016
-0.0049133
-0.0448
-0.067322
-0.08197
-0.08493
-0.070404
-0.059753
-0.045258
-0.00030518
0.037476
0.047302
0.065033
0.083954
0.083557
0.080353
0.068054
0.033447
0.010529
0.0047302
-0.018188
-0.031006
-0.025543
-0.025208
-0.016968
-0.00082397
0.00057983
0.0074768
0.016937
0.0066223
-0.0058594
-0.015015
-0.02533
-0.038574
-0.044708
-0.049225
-0.04245
-0.032806
-0.01709
-0.0063171
0.0054016
0.033905
0.020203
0.01123
-0.06369
-0.21552
-0.15494
-0.091583
-0.12888
-0.067719
0.029297
0.064819
0.21335
0.3317
0.25812
0.22699
0.23895
0.15866
0.082397
0.031342
-0.1102
-0.18048
-0.14417
-0.1492
-0.15103
-0.078583
-0.033905
0.010162
0.092285
0.1095
0.069946
0.075317
0.066071
0.01236
-0.029663
-0.08078
-0.13284
-0.13187
-0.11115
-0.11417
-0.088867
-0.034302
0.0028687
0.042938
0.078857
0.076691
0.072876
0.067444
0.034119
-0.0032043
-0.012085
-0.030762
-0.067993
-0.077423
-0.076538
-0.081512
-0.047577
-0.0095215
-0.00027466
0.035492
0.079926
0.091339
0.10724
0.11591
0.082764
0.050964
0.036896
0.0069275
-0.015167
-0.026703
-0.043549
-0.041199
-0.02298
-0.013458
-0.0018311
0.012512
0.013245
0.0070801
0.002655
-0.0019226
-0.015778
-0.023529
-0.032898
-0.044312
-0.043335
-0.028412
-0.031158
-0.021362
-0.016693
-0.015076
-0.093567
-0.25641
-0.16382
-0.095184
-0.13245
-0.043243
0.054565
0.060883
0.2204
0.35431
0.26743
0.23691
0.24112
0.14447
0.082733
0.054352
-0.095642
-0.16171
-0.11615
-0.12839
-0.12711
-0.050598
-0.033386
-0.0066528
0.082703
0.082947
0.032867
0.04007
0.024567
-0.0224
-0.034698
-0.065247
-0.11526
-0.10095
-0.082123
-0.089081
-0.064178
-0.025757
-0.0055237
0.037842
0.080963
0.072693
0.057343
0.067169
0.053406
0.013062
-0.011292
-0.040344
-0.074677
-0.076569
-0.07251
-0.078918
-0.056335
-0.015259
0.010223
0.03656
0.065002
0.069641
0.074585
0.083405
0.066376
0.039093
0.028015
0.010376
-0.0059509
-0.01178
-0.020111
-0.0242
-0.01239
-0.0084534
-0.0050964
0.010651
0.017792
0.01239
-0.0019226
-0.013031
-0.020996
-0.030426
-0.038116
-0.035492
-0.038605
-0.041016
-0.017822
0.0023193
0.012054
0.018036
0.06485
0.024567
-0.15515
-0.15244
-0.10556
-0.16
-0.1261
-0.056061
-0.066223
0.045074
0.2132
0.22354
0.21225
0.2388
0.1955
0.15268
0.1528
0.052948
-0.039978
-0.046844
-0.072693
-0.10294
-0.073395
-0.065857
-0.059998
-0.0094604
0.010101
-0.016602
-0.01236
0.0036621
-0.0090637
-0.018799
-0.028564
-0.044373
-0.041992
-0.033173
-0.032928
-0.033478
-0.023895
-0.017639
-0.023376
-0.0050964
0.01358
0.012543
0.015015
0.021515
0.0097351
0.0029602
0.0085449
-0.0069275
-0.026398
-0.02774
-0.028107
-0.027679
-0.010132
0.0073547
0.016937
0.028351
0.030579
0.030823
0.042389
0.044678
0.028839
0.022247
0.012115
0.0018005
0.0024414
0.00057983
-0.0091248
-0.011322
-0.011292
-0.015381
-0.0099487
-0.0075378
-0.014008
-0.016602
-0.0072937
-0.012512
-0.025879
-0.020599
-0.012238
-0.022095
-0.020081
-0.0027771
0.005249
0.011017
0.029755
0.039276
0.055847
0.041992
-0.014954
-0.044647
-0.059174
-0.084869
-0.089355
-0.085632
-0.091858
-0.049255
0.021484
0.057983
0.088593
0.11249
0.11127
0.11743
0.12149
0.091156
0.05899
0.038208
0.012024
-0.0036316
-0.006134
-0.012207
-0.022308
-0.026215
-0.028687
-0.035828
-0.038208
-0.03302
-0.032379
-0.033264
-0.026154
-0.017242
-0.012787
-0.00045776
-0.0040283
-0.01535
-0.014709
-0.016815
-0.026459
-0.023468
-0.017792
-0.018311
-0.0056458
0.005249
0.0042114
0.002594
0.0057068
0.0014954
-0.0011597
0.0013428
-0.0021057
-0.0012207
0.0042725
0.0092773
0.01181
0.0038452
0.0039673
0.0057068
0.0037537
0.0014648
0.0013733
-0.0060425
-0.011932
-0.0058594
0.0029602
0.0061951
0.0087891
0.015839
0.015808
0.012909
0.019623
0.0083923
-0.0044556
-0.009613
-0.016846
-0.018738
-0.018768
-0.015503
-0.017792
-0.0084229
0.0028076
0.0083618
0.012695
0.015503
0.016968
0.023499
0.030121
0.029388
0.021362
0.0091553
0.0023499
-0.0055542
-0.018768
-0.030304
-0.032135
-0.033112
-0.02951
-0.017578
-0.010651
-0.0098572
0.0039062
0.012787
0.012054
0.019196
0.020782
0.013245
0.013885
0.020142
0.016846
0.013885
0.011047
0.0065613
0.0091858
0.0047302
-0.0049744
-0.006958
-0.0047607
