-0.0065918
-0.0078735
-0.011353
-0.013123
-0.012756
-0.012909
-0.011505
-0.0071716
-0.0028381
0.0027466
0.011108
0.018158
0.023926
0.032013
0.038147
0.039154
0.040802
0.040497
0.035217
0.029938
0.023834
0.01355
0.0038757
-0.0040894
-0.013885
-0.022736
-0.028442
-0.033875
-0.038239
-0.038361
-0.037903
-0.036621
-0.032349
-0.026917
-0.021393
-0.014862
-0.0076294
-0.0022278
0.0028687
0.0085144
0.011658
0.013458
0.015289
0.015106
0.014191
0.012512
0.0093079
0.0069275
0.0050659
0.0021057
9.1553e-05
-0.00085449
-0.0028992
-0.003418
-0.0016174
-0.0013733
-0.00073242
0.0021362
0.0032959
0.0047302
0.0074768
0.0086365
0.009613
0.011353
0.010468
0.0097961
0.009491
0.0072632
0.0046997
0.0021667
-0.0014038
-0.0050354
-0.0080566
-0.011505
-0.013336
-0.0159
-0.017334
-0.01712
-0.01767
-0.016693
-0.013916
-0.013733
-0.010773
-0.0091553
-0.0083313
-0.0061646
-0.004364
-0.013214
-0.011139
-0.012909
-0.019073
-0.012817
-0.016022
-0.016724
-0.0096436
0.0047913
0.0045166
0.024292
0.033051
0.040802
0.055206
0.07135
0.073395
0.072968
0.077179
0.065521
0.062988
0.051727
0.033936
0.0068054
-0.0045166
-0.024384
-0.039978
-0.054962
-0.06958
-0.079529
-0.07782
-0.071167
-0.068542
-0.059937
-0.049896
-0.033478
-0.016052
0.00024414
0.009613
0.018616
0.026947
0.036194
0.041138
0.03717
0.028992
0.0224
0.016968
0.0091248
-0.00045776
-0.013397
-0.023651
-0.026764
-0.027649
-0.030579
-0.030792
-0.027649
-0.021637
-0.012268
-0.0036926
0.0020447
0.0093994
0.019348
0.027191
0.031464
0.033722
0.032562
0.030273
0.030853
0.025879
0.016602
0.013245
0.011292
0.0061951
0.0041199
0.0024109
-0.0021667
-0.0020752
-0.002533
-0.0058594
-0.01059
-0.012329
-0.016205
-0.01886
-0.022369
-0.023743
-0.025482
-0.019257
-0.015747
-0.012878
-0.0054932
0.00030518
-0.00061035
0.00076294
0.0087585
0.0081482
0.0083008
0.0065918
0.0039978
-0.0028687
-0.01236
-0.0075684
-0.040985
-0.096741
-0.064697
-0.048645
-0.060791
-0.037659
0.010162
0.022491
0.082581
0.14642
0.12793
0.11627
0.1369
0.12067
0.07431
0.05188
-0.010315
-0.058594
-0.056976
-0.062531
-0.097321
-0.087616
-0.059326
-0.04126
-0.0033264
0.021362
0.016632
0.027222
0.053467
0.039215
0.011902
-0.0057678
-0.029327
-0.046234
-0.048981
-0.063995
-0.076019
-0.054871
-0.028229
-0.012573
0.0075378
0.029419
0.040741
0.05304
0.055542
0.037872
0.020294
0.0074463
-0.0093689
-0.028015
-0.045258
-0.057831
-0.05542
-0.054504
-0.052582
-0.02713
-0.0027466
0.014313
0.04306
0.065277
0.069885
0.079376
0.077545
0.053375
0.034912
0.016754
-0.0044861
-0.017975
-0.026093
-0.032471
-0.023346
-0.011902
-0.0012207
0.012238
0.02121
0.021088
0.019012
0.0064087
-0.0095215
-0.01474
-0.024323
-0.037354
-0.039154
-0.03479
-0.029236
-0.017212
-0.007843
-0.0036316
-0.0025024
-0.0047607
0.00030518
-0.0072937
-0.029083
-0.021027
-0.071228
-0.18381
-0.10529
-0.035553
-0.072906
-0.036377
0.065857
0.094696
0.16577
0.25058
0.19406
0.1521
0.16373
0.12003
0.028931
-0.015198
-0.090668
-0.13116
-0.1051
-0.097321
-0.10449
-0.059479
0.0019531
0.04306
0.080963
0.07605
0.052673
0.046997
0.034576
-0.016968
-0.061371
-0.093567
-0.11212
-0.099213
-0.085663
-0.079102
-0.042206
0.014435
0.045135
0.068268
0.08609
0.078552
0.067047
0.054688
0.014557
-0.030029
-0.051788
-0.068176
-0.079407
-0.074799
-0.070038
-0.047455
-0.014191
0.0062866
0.031372
0.054016
0.06073
0.066681
0.068634
0.049255
0.031433
0.015594
-0.0036011
-0.016754
-0.019287
-0.021729
-0.018311
-0.0059814
0.0011292
0.011566
0.019714
0.017059
0.012115
0.0075684
-0.0011597
-0.0071411
-0.018372
-0.034973
-0.038147
-0.0289
-0.027283
-0.023682
-0.0065002
0.002655
0.010315
0.035797
0.035889
-0.0018005
0.0159
0.01944
-0.043701
-0.04541
-0.099762
-0.24002
-0.14346
-0.051575
-0.094727
-0.033081
0.094513
0.12637
0.2186
0.30017
0.20239
0.15854
0.17523
0.090759
-0.012756
-0.046143
-0.13708
-0.16617
-0.10275
-0.09613
-0.097168
-0.015442
0.048279
0.072388
0.116
0.098145
0.043976
0.036987
0.015076
-0.065338
-0.11606
-0.12891
-0.14029
-0.11914
-0.08728
-0.069763
-0.018311
0.054474
0.081421
0.085571
0.099915
0.091156
0.069519
0.043701
-0.0073242
-0.060242
-0.075592
-0.071564
-0.078796
-0.07193
-0.053253
-0.028442
0.0066528
0.03952
0.051697
0.057465
0.066132
0.0625
0.050018
0.034302
0.011566
-0.010437
-0.012909
-0.018158
-0.021057
-0.01413
-0.004303
0.0029602
0.010437
0.017395
0.016785
0.021027
0.02005
0.0011292
-0.018158
-0.022217
-0.032776
-0.042389
-0.045502
-0.043488
-0.027283
-0.015045
0.0020752
0.02298
0.029419
0.029663
0.047455
0.0018616
-0.036591
-0.076019
-0.23721
-0.19766
-0.088257
-0.1181
-0.087494
0.060455
0.11963
0.21198
0.33243
0.26651
0.19446
0.2139
0.15063
0.020233
-0.032501
-0.12344
-0.19196
-0.14532
-0.11465
-0.1203
-0.047394
0.038116
0.068634
0.11407
0.12018
0.069183
0.041901
0.027405
-0.0448
-0.11249
-0.1423
-0.15845
-0.14465
-0.11246
-0.081665
-0.031372
0.039154
0.085419
0.10385
0.11203
0.10672
0.079468
0.043518
0.00015259
-0.047577
-0.0755
-0.082489
-0.098206
-0.10638
-0.077393
-0.040344
-0.0076904
0.035065
0.065094
0.079529
0.1044
0.11185
0.081879
0.055969
0.032837
-0.006958
-0.025909
-0.02948
-0.041718
-0.031494
-0.0054321
0.0027161
0.0088501
0.027435
0.029724
0.013458
0.0054626
-0.0078735
-0.036194
-0.044434
-0.043304
-0.056519
-0.06778
-0.054718
-0.031677
-0.013855
-0.0074158
0.010101
0.036407
0.018646
0.0041809
-0.16409
-0.22446
-0.096069
-0.097198
-0.1181
-0.002533
0.068665
0.14709
0.32193
0.32443
0.22043
0.22946
0.21121
0.093719
0.015778
-0.071533
-0.18536
-0.16748
-0.12701
-0.14349
-0.10837
-0.0072632
0.043274
0.091858
0.12415
0.090118
0.054504
0.050964
0.0097961
-0.062164
-0.10849
-0.1431
-0.15009
-0.12534
-0.10599
-0.08075
-0.022827
0.037384
0.072388
0.099426
0.10394
0.086334
0.069794
0.036774
-0.021088
-0.071625
-0.103
-0.1131
-0.10223
-0.085266
-0.06192
-0.019165
0.035858
0.084961
0.11307
0.1174
0.10941
0.092346
0.069397
0.039368
-0.0053101
-0.036011
-0.039337
-0.037384
-0.025604
-0.011841
-0.00021362
0.012604
0.022064
0.021149
0.015991
0.0098877
-0.00091553
-0.024017
-0.035889
-0.042053
-0.057739
-0.062927
-0.062592
-0.061707
-0.04245
-0.010986
0.0007019
-0.050293
-0.21484
-0.17484
-0.057343
-0.089081
-0.073212
0.040833
0.087677
0.20419
0.34644
0.28479
0.19864
0.22098
0.17395
0.073364
0.015472
-0.089355
-0.17413
-0.13254
-0.10413
-0.1091
-0.061096
0.0096741
0.048218
0.094208
0.10349
0.05899
0.024231
0.0072937
-0.040924
-0.10312
-0.13477
-0.14825
-0.1279
-0.084747
-0.052795
-0.016815
0.030884
0.066437
0.084625
0.089294
0.069855
0.033813
0.012817
-0.0029602
-0.041534
-0.077759
-0.097504
-0.10291
-0.080841
-0.050354
-0.03006
0.00076294
0.043915
0.079407
0.10181
0.10748
0.091797
0.073395
0.055328
0.021149
-0.017517
-0.033203
-0.032227
-0.027252
-0.021973
-0.015045
-0.00018311
0.013672
0.018341
0.017639
0.011414
0.009613
0.010986
-0.00091553
-0.015228
-0.025818
-0.044952
-0.059387
-0.051727
-0.038513
-0.04248
-0.021545
0.034607
-0.10922
-0.26355
-0.14227
-0.10028
-0.14191
-0.023926
0.041412
0.079254
0.28928
0.3855
0.26358
0.23526
0.21628
0.098389
0.046509
-0.0036926
-0.15024
-0.17728
-0.1073
-0.097839
-0.08194
-0.005249
0.027435
0.052765
0.10046
0.083405
0.015015
-0.011993
-0.022736
-0.067627
-0.10861
-0.12677
-0.14172
-0.11392
-0.062164
-0.039642
-0.017303
0.031647
0.067474
0.08429
0.092621
0.079315
0.044678
0.018585
-0.0070801
-0.055023
-0.088348
-0.0867
-0.076263
-0.062866
-0.033417
0.0067444
0.045441
0.077545
0.089752
0.081177
0.073669
0.066162
0.04364
0.02005
-0.0055237
-0.030426
-0.022461
-0.01239
-0.02124
-0.023468
-0.015198
-0.010162
-0.0072327
-0.01004
-0.017029
-0.019806
-0.0159
-0.0087585
-0.0057068
-0.0049744
-0.012451
-0.026459
-0.032227
-0.028961
-0.02243
-0.010315
0.059906
-0.0061035
-0.19727
-0.13687
-0.051971
-0.11972
-0.082245
0.0051575
-0.015625
0.10178
0.28757
0.24472
0.1846
0.21539
0.16705
0.098816
0.085571
-0.017609
-0.11395
-0.095886
-0.075256
-0.091309
-0.052612
-0.013977
-0.0030823
0.037109
0.060425
0.020264
-0.019775
-0.019196
-0.031403
-0.069519
-0.095062
-0.10474
-0.097229
-0.070282
-0.044769
-0.031464
-0.0074463
0.016479
0.028229
0.039642
0.0495
0.037811
0.021149
0.020294
0.011993
-0.0049438
-0.0088501
-0.013062
-0.020752
-0.0056458
0.012024
0.017334
0.026093
0.028992
0.020416
0.020782
0.024597
0.019073
0.013367
0.012024
-0.0066223
-0.016754
-0.004364
0.0018311
-0.010254
-0.018646
-0.027191
-0.029755
-0.02005
-0.017181
-0.026978
-0.024902
-0.012268
-0.014709
-0.007782
0.0011902
-0.01535
-0.019104
0.0065002
0.021362
0.016479
0.025543
0.031311
-0.012054
-0.035065
-0.039246
-0.072205
-0.082336
-0.061462
-0.055084
-0.028198
0.039276
0.078705
0.10303
0.1384
0.14462
0.12997
0.12036
0.092438
0.044708
0.013428
-0.0073547
-0.030182
-0.039337
-0.033447
-0.028625
-0.025665
-0.016296
-0.014496
-0.02124
-0.026703
-0.023651
-0.028412
-0.03949
-0.047211
-0.052307
-0.054382
-0.049652
-0.044006
-0.0448
-0.033203
-0.012421
-0.0015564
0.0056763
0.016846
0.024139
0.032532
0.036499
0.026245
0.018921
0.025635
0.022797
0.0083923
0.0077515
0.015106
0.015808
0.013062
0.0033875
-0.0074463
-0.0066528
-0.001709
-0.0022888
-0.008667
-0.019226
-0.023682
-0.011139
0.00036621
-0.0094604
-0.010773
-0.0022583
-0.0067444
-0.0042419
0.0035706
-0.0069885
-0.012634
-0.0023499
-0.0057068
-0.0067139
-0.0016174
-0.010956
-0.011597
-0.00057983
-0.00091553
0.0010376
0.014374
0.020142
0.016022
0.0099792
0.011963
0.0062866
-0.0061951
-0.0065613
-0.0020447
0.002594
0.0037842
0.004364
0.00061035
0.0018616
0.012451
0.014801
0.010498
0.020752
0.030701
0.035492
0.041992
0.037842
0.020081
0.0084229
0.0062256
-0.0053711
-0.016113
-0.015472
-0.016357
-0.022919
-0.012238
0.00021362
-0.0071411
-0.017242
-0.017975
-0.022247
-0.027435
-0.029297
-0.041565
-0.043274
-0.020508
-0.0052185
-0.0062256
-0.0018311
0.0089417
0.018768
0.022278
0.01416
0.0066223
0.013611
0.016632
0.0067139
-0.00061035
0.005249
0.019104
0.019653
