-0.033661
-0.029846
-0.025146
-0.020752
-0.014771
-0.0076904
-0.002594
0.0025024
0.0091248
0.013184
0.016052
0.019379
0.021179
0.020477
0.019653
0.018494
0.014526
0.010071
0.0067444
0.0024719
-0.001709
-0.005249
-0.0080566
-0.0095825
-0.010468
-0.010437
-0.0087891
-0.0079651
-0.0070801
-0.005188
-0.0033264
-0.00097656
0.0018616
0.0040894
0.0054626
0.0066223
0.007019
0.0065918
0.0065613
0.0062866
0.0049438
0.0039978
0.0038757
0.0028687
0.0022278
0.0025024
0.0016174
0.0016174
0.002655
0.0023804
0.0027466
0.0041504
0.0036926
0.0030212
0.0037537
0.0029907
0.0022278
0.0027771
0.0011597
-0.0010376
-0.0011902
-0.0026245
-0.0054321
-0.0055847
-0.0054321
-0.0074158
-0.0079346
-0.006897
-0.0067139
-0.0057983
-0.0045471
-0.0041199
-0.0033569
-0.0033264
-0.0028381
-0.0033875
-0.0041199
-0.0035095
-0.0040588
-0.0040588
-0.00061035
-0.0022583
-0.0038757
0.0019226
-0.0020752
-0.0061646
-0.0028687
-0.011322
-0.020416
-0.014191
-0.024017
-0.02774
-0.014648
-0.020294
-0.016144
0.0032349
0.0071411
0.015808
0.040894
0.042419
0.050232
0.069366
0.067352
0.063812
0.070068
0.060852
0.046326
0.042389
0.024628
0.0051575
-0.0065918
-0.022034
-0.039886
-0.048004
-0.058258
-0.066345
-0.067108
-0.067108
-0.064087
-0.058655
-0.051514
-0.041229
-0.030487
-0.021027
-0.0081482
0.0010681
0.011749
0.024506
0.031403
0.034698
0.0401
0.040527
0.03714
0.034973
0.027283
0.017334
0.011261
0.0022583
-0.0071716
-0.011902
-0.01886
-0.025299
-0.025482
-0.025848
-0.025024
-0.020844
-0.016663
-0.012115
-0.0049744
0.0019531
0.0066223
0.012421
0.018616
0.023407
0.026184
0.028656
0.028473
0.027557
0.026184
0.02243
0.016571
0.010773
0.0061646
-9.1553e-05
-0.0064392
-0.011414
-0.015015
-0.017456
-0.017273
-0.015533
-0.015015
-0.010712
-0.0057373
-0.0019226
0.0019531
0.0049438
0.0053101
0.0076904
0.010803
0.0082092
0.0039978
0.0018616
-0.0032043
-0.0097961
-0.01062
-0.018707
-0.024506
-0.023895
-0.024109
-0.021118
-0.01944
-0.02121
-0.020599
-0.013916
-0.019684
-0.022949
-0.012878
-0.049408
-0.048492
-0.0075073
-0.021912
-0.016022
0.021759
0.040558
0.052307
0.10889
0.11569
0.094604
0.11383
0.12146
0.079102
0.052063
0.036774
-0.019165
-0.040344
-0.041229
-0.073608
-0.098816
-0.071045
-0.061188
-0.058685
-0.024658
-0.0076294
-0.007019
0.024445
0.046356
0.021515
0.015533
0.019409
-0.0040283
-0.022766
-0.026764
-0.049927
-0.061218
-0.041962
-0.0383
-0.040741
-0.016998
0.0061646
0.01535
0.034637
0.043732
0.0336
0.034393
0.036835
0.013672
-0.0047607
-0.010376
-0.025299
-0.034607
-0.029541
-0.029785
-0.032837
-0.014374
-0.0083008
0.0016174
0.020142
0.026428
0.031738
0.041168
0.043182
0.035217
0.036163
0.025177
0.0092468
0.0043945
-0.0015259
-0.011475
-0.013214
-0.010651
-0.010284
-0.0012512
0.0074158
0.011353
0.014893
0.019928
0.020355
0.011566
0.0043335
-0.0075684
-0.021271
-0.029663
-0.034454
-0.037384
-0.039246
-0.03064
-0.022034
-0.016602
-0.0089722
-0.0031738
0.00097656
-0.0045776
0.0037842
0.0027771
-0.0088501
-0.012054
-0.024231
-0.034241
-0.026489
-0.10568
-0.087341
-0.0059814
-0.019867
-0.0089417
0.063751
0.10129
0.11639
0.18832
0.15381
0.094635
0.10309
0.081818
-0.0039673
-0.042542
-0.062317
-0.10733
-0.086639
-0.061523
-0.06015
-0.033173
0.031494
0.049164
0.056641
0.065735
0.048035
0.021576
0.00039673
-0.033478
-0.080261
-0.094635
-0.09314
-0.088074
-0.074585
-0.043854
-0.011261
0.025024
0.057587
0.070526
0.070343
0.064758
0.04953
0.017181
-0.016907
-0.046143
-0.06427
-0.072601
-0.071472
-0.061188
-0.038055
-0.0073547
0.022858
0.045837
0.059601
0.054077
0.028351
0.0224
0.0063171
-0.026855
-0.040039
-0.035889
-0.029022
-0.0085144
0.018829
0.029602
0.049164
0.067932
0.065399
0.055725
0.047241
0.029572
0.014282
0.0032654
-0.01123
-0.012054
-0.010681
-0.015411
-0.019623
-0.013123
-0.017975
-0.02536
-0.021759
-0.02301
-0.023743
-0.025391
-0.017334
-0.011627
-0.0062866
-0.016388
-0.030548
-0.020538
-0.008667
-0.017242
-0.03714
-0.028442
-0.023895
-0.026398
-0.040131
-0.14972
-0.11603
-0.0031433
-0.0025024
0.0054932
0.079315
0.13208
0.17551
0.23831
0.17227
0.10263
0.098938
0.057892
-0.025543
-0.067444
-0.10699
-0.12622
-0.064148
-0.040314
-0.031342
0.022125
0.081329
0.08197
0.0867
0.061157
0.0031433
-0.021332
-0.044891
-0.098206
-0.13245
-0.11539
-0.10202
-0.071259
-0.026184
0.004303
0.039307
0.086212
0.091797
0.06427
0.053955
0.032013
-0.0079346
-0.037659
-0.062103
-0.088257
-0.082916
-0.056732
-0.040741
-0.015289
0.022095
0.0448
0.058411
0.066406
0.044037
0.02121
-0.025024
-0.085571
-0.055939
-0.041748
-0.052643
-0.016663
0.030914
0.059875
0.10202
0.11188
0.06665
0.061157
0.044342
0.0022583
-0.018646
-0.024353
-0.040192
-0.016815
0.0015564
-0.010529
0.0067444
0.021057
0.00067139
-0.0072632
-0.0068359
-0.034302
-0.032593
-0.014954
-0.025085
-0.016113
0.0010986
-0.019714
-0.020508
-0.0044556
-0.023102
-0.032166
-0.04129
-0.069092
-0.072021
-0.21484
-0.18341
0.030426
0.0070496
0.010132
0.12167
0.16504
0.20261
0.29913
0.18726
0.0336
0.083038
0.050568
-0.067261
-0.093262
-0.09848
-0.14856
-0.047424
0.022034
-0.012451
0.033722
0.12115
0.098572
0.06955
0.061188
-0.028259
-0.078888
-0.069122
-0.10883
-0.16452
-0.12347
-0.076202
-0.054688
0.01236
0.058533
0.061218
0.098145
0.11746
0.059143
0.019684
0.0070801
-0.03418
-0.070709
-0.073273
-0.0867
-0.082062
-0.033051
-0.004364
0.00082397
0.031067
0.056396
0.047607
0.039642
0.024292
-0.028229
-0.049286
-0.029449
-0.043671
-0.038391
0.0048218
0.021729
0.047607
0.087769
0.083801
0.058228
0.054321
0.029175
-0.0042725
-0.010376
-0.016357
-0.036743
-0.018799
-0.0056763
-0.013489
-0.0112
-0.0021973
-0.011719
-0.018402
-0.0084839
-0.0028076
-0.004364
-0.013
-0.020996
-0.01416
-0.011566
-0.0038757
-0.017151
-0.019257
-0.031128
-0.065155
-0.075104
-0.18204
-0.19287
-0.066223
-0.03241
-0.012787
0.096283
0.1713
0.2114
0.29303
0.24927
0.13263
0.10785
0.072998
-0.035278
-0.10336
-0.12625
-0.16455
-0.10681
-0.031067
-0.011749
0.02594
0.10822
0.11978
0.097412
0.082153
0.017426
-0.049683
-0.077179
-0.10681
-0.15875
-0.15195
-0.1123
-0.074371
-0.015747
0.032593
0.055145
0.085724
0.11383
0.084991
0.041351
0.01059
-0.026428
-0.059479
-0.06781
-0.078857
-0.081635
-0.047729
-0.011108
0.0066833
0.019318
0.035248
0.024719
6.1035e-05
0.014343
0.02005
0.010132
0.032715
0.042267
0.030579
0.046082
0.04834
0.015625
0.0068054
0.0023499
-0.01825
-0.016113
0.0024109
0.0047913
0.010315
0.020538
0.014252
0.005127
-0.0050354
-0.03186
-0.060913
-0.057373
-0.05188
-0.050934
-0.045349
-0.02533
0.0035706
0.023102
0.033539
0.035004
0.042206
-0.00018311
-0.062775
-0.090637
-0.23007
-0.20389
-0.079987
-0.071136
-0.040344
0.10541
0.19022
0.23337
0.31799
0.25693
0.14624
0.12833
0.075226
-0.051483
-0.10132
-0.11874
-0.16092
-0.10431
-0.031067
-0.0028076
0.039612
0.12021
0.1257
0.10031
0.073792
0.00039673
-0.066345
-0.092072
-0.12512
-0.17383
-0.16046
-0.12061
-0.088013
-0.027069
0.036346
0.0578
0.076538
0.10138
0.085052
0.079315
0.0513
-0.037903
-0.085144
-0.076172
-0.08667
-0.093811
-0.060883
-0.041229
-0.020081
0.044128
0.073151
0.05658
0.073395
0.087952
0.059814
0.046814
0.042664
0.010193
-0.0042419
-0.0019531
-0.023224
-0.028259
0.0022583
0.0097656
0.0028076
0.02002
0.02652
0.01532
0.012024
0.010071
-0.0079346
-0.026215
-0.032379
-0.043945
-0.069824
-0.079254
-0.065979
-0.062592
-0.042969
-0.022034
-0.0026245
-0.0044861
-0.011169
-0.11984
-0.2352
-0.11908
-0.054657
-0.07193
0.015472
0.11731
0.16537
0.2991
0.37097
0.24146
0.16858
0.17371
0.093109
-0.016632
-0.070618
-0.15451
-0.19485
-0.12463
-0.079315
-0.060089
-0.0012207
0.073639
0.089813
0.11304
0.1066
0.03595
-0.026764
-0.047852
-0.091034
-0.14798
-0.15591
-0.15198
-0.12744
-0.062439
-0.0075073
0.016693
0.062592
0.11871
0.11786
0.095184
0.071808
0.026886
-0.022095
-0.051575
-0.099976
-0.14163
-0.12466
-0.090363
-0.06424
-0.016571
0.039459
0.076569
0.11426
0.13889
0.12051
0.091919
0.065613
0.024261
-0.018005
-0.045776
-0.059753
-0.054047
-0.031433
-0.0089111
0.00097656
0.01947
0.039459
0.05127
0.049286
0.03125
0.012268
-0.0051575
-0.030853
-0.052307
-0.06842
-0.084106
-0.076508
-0.059998
-0.038971
-0.011963
-0.016266
-0.19287
-0.24591
-0.092377
-0.065002
-0.059143
0.043671
0.074493
0.1272
0.31076
0.35608
0.21231
0.16653
0.16431
0.085632
0.028229
-0.020752
-0.1438
-0.17865
-0.094452
-0.065186
-0.070129
-0.019318
0.030914
0.052002
0.10233
0.098755
0.01947
-0.01886
-0.01239
-0.051788
-0.11099
-0.13416
-0.1539
-0.13684
-0.072327
-0.030548
-0.022064
0.026215
0.086426
0.098114
0.098938
0.091278
0.05072
0.01123
-0.020294
-0.071381
-0.10443
-0.092346
-0.076263
-0.05899
-0.0099792
0.043579
0.07254
0.10587
0.11893
0.091583
0.062531
0.046204
0.014191
-0.014191
-0.026154
-0.042542
-0.049347
-0.029541
-0.019928
-0.024017
-0.0098877
0.0012512
-0.0064392
0.00085449
0.0076294
-0.013062
-0.026215
-0.016266
-0.023224
-0.031708
-0.011871
-0.016449
0.0041199
-0.026581
-0.24506
-0.23581
-0.11801
-0.14032
-0.10062
0.041718
0.055267
0.12405
0.34122
0.37512
0.24823
0.24664
0.22372
0.11856
0.074432
0.03125
-0.12518
-0.18799
-0.13135
-0.11249
-0.12814
-0.082703
-0.039246
-0.011658
0.05896
0.085175
0.022247
-0.0016479
0.019867
-0.015594
-0.068848
-0.080139
-0.11209
-0.13644
-0.093567
-0.055817
-0.062012
-0.036682
0.011963
0.039032
0.060638
0.081238
0.061523
0.041412
0.057434
0.043427
0.00057983
-0.001709
0.009613
-0.005249
-0.014862
-0.0089417
-0.010803
-0.00033569
0.027374
0.034332
0.023346
0.036316
0.047028
0.029938
0.011414
0.0080566
-0.0080261
-0.031006
-0.033936
-0.040833
-0.055115
-0.045532
-0.039307
-0.047668
-0.030151
-0.0058899
-0.013031
-0.011444
0.0031738
0.0044861
0.0097961
0.034393
0.0082397
-0.068176
-0.11273
-0.11594
-0.11069
-0.082886
-0.038696
-0.016205
0.022278
0.10822
0.17529
0.18176
0.18701
0.18268
0.14621
0.12292
0.11417
0.062592
0.00054932
-0.017975
-0.028564
-0.047089
-0.046356
-0.053406
-0.074921
-0.063782
-0.03717
-0.046906
-0.066528
-0.065521
-0.056702
-0.049591
-0.036896
-0.035919
-0.052277
-0.044525
-0.021118
-0.018097
-0.015259
0.0010071
0.0041199
-0.001709
0.013824
0.030579
0.029938
0.035095
0.041748
0.034119
0.036316
0.042145
0.019257
-0.0029297
-0.0042419
-0.012299
-0.020905
-0.0094299
-0.0032959
-0.0097046
-0.0038452
0.0038452
0.0067139
0.012054
0.0098267
-0.0015564
-0.0090332
-0.014069
-0.017853
-0.019592
-0.020111
-0.02298
-0.024261
-0.018585
-0.018066
-0.0092163
0.0071411
0.016144
0.021088
0.0083618
-0.01355
-0.022583
-0.023132
-0.019073
-0.021027
-0.029144
-0.021515
6.1035e-05
0.028046
0.044739
0.045929
0.049194
0.060669
0.078217
0.074463
0.060486
0.055328
0.042847
0.025299
0.016144
0.0084839
-0.0048523
-0.0087891
-0.010681
-0.020691
-0.026917
-0.027893
-0.02774
-0.030243
-0.035828
-0.04599
-0.046051
-0.035553
-0.031525
-0.028351
-0.027191
-0.025269
-0.022339
-0.014374
-0.0066223
-0.00054932
0.0060425
0.0027771
0.0059509
0.0095825
0.0056458
0.0019836
0.0097961
0.014099
0.0038147
0.0074463
0.0082397
0.0050964
0.003479
0.008667
0.005127
-0.0067139
0.0039673
0.011993
0.0036011
-0.0013123
-0.0052795
-0.017517
-0.0029602
0.021637
0.00042725
-0.0098572
0.0059814
-0.0012817
-0.0021973
0.0084534
0.00018311
-0.013458
-0.008667
-0.0025635
-0.011322
-0.005249
0.0072021
0.001709
0.0036926
0.007782
0.004425
0.00094604
0.00021362
0.0042114
0.0070801
0.012115
0.016052
0.01413
0.012787
0.017303
0.023499
0.017181
0.019501
0.020874
0.010864
0.010559
0.016388
0.013
-0.0014038
-0.00054932
-0.0059204
-0.021729
-0.0177
-0.025085
-0.042419
-0.035736
-0.019714
-0.015991
-0.016144
-0.012756
-0.020538
-0.01944
-0.0026855
0.0047607
0.0033264
0.0046387
0.0045471
0.0054016
0.010925
0.010193
0.0021362
0.0036316
0.010925
-0.00048828
-0.0043335
0.012329
0.013031
0.017548
0.010193
-0.0044861
-0.0066223
