-0.039673
-0.03653
-0.032684
-0.026276
-0.021332
-0.015961
-0.0094299
-0.0042114
0.00082397
0.0064697
0.010681
0.013123
0.016083
0.017059
0.016296
0.015991
0.014679
0.012054
0.0090942
0.0068359
0.0027466
-0.00054932
-0.0032349
-0.0055847
-0.0076294
-0.0081177
-0.0074768
-0.0067444
-0.0048218
-0.0021973
-0.00024414
0.0030212
0.006134
0.0071106
0.0086365
0.010986
0.0088196
0.0047607
0.0066833
0.0037842
-0.00061035
-0.0010376
-0.0020752
-0.0037842
0.00012207
0.00061035
-0.0015869
0.0033875
0.0053406
0.0046387
0.0089722
0.009613
0.0066833
0.010712
0.010712
0.0064392
0.0087891
0.008667
0.0029907
0.0036316
0.0013428
-0.005249
-0.005249
-0.0066528
-0.013123
-0.01297
-0.012756
-0.017883
-0.016449
-0.014801
-0.019104
-0.016663
-0.012787
-0.015411
-0.013275
-0.0092163
-0.011017
-0.0080261
-0.0034485
-0.0045471
-0.0015564
0.0021057
0.00018311
0.0013123
0.0059509
0.0039673
0.0037231
-0.0011902
-0.00057983
-0.0021667
0.00045776
0.00030518
-0.002655
-6.1035e-05
0.013092
0.016724
0.018463
0.029205
0.034027
0.041656
0.053558
0.050507
0.043854
0.049438
0.044861
0.03241
0.025757
0.012238
-0.003418
-0.0090942
-0.021301
-0.039307
-0.043701
-0.04718
-0.05481
-0.054871
-0.053802
-0.054871
-0.046509
-0.036682
-0.03302
-0.024841
-0.014374
-0.0065613
0.0021973
0.010223
0.014343
0.017853
0.023804
0.025787
0.023987
0.022552
0.021759
0.017029
0.013153
0.0092773
0.0019531
-0.0019531
-0.0039673
-0.0094604
-0.012177
-0.011414
-0.013336
-0.011353
-0.0064392
-0.0062561
-0.0028687
0.0020447
0.0044861
0.0065613
0.0099792
0.0047913
0.009552
0.0095215
0.0065613
0.007843
0.0042114
0.00024414
0.0073242
0.003418
-0.0022583
0.0081177
0.004364
0.0052185
0.015411
0.0096436
0.0061646
0.017059
0.0098267
0.002533
0.0067444
0.00067139
-0.016968
-0.0014954
-0.0062866
-0.017609
0.0050964
0.0045776
-0.0043335
0.018646
0.008667
0.00073242
0.016388
-0.00054932
-0.010437
-0.0083313
-0.024261
-0.025055
-0.025604
-0.038574
-0.033447
-0.030701
-0.027832
-0.017212
-0.017365
-0.013855
-0.00048828
-0.0031128
0.0030212
0.0019836
-0.016296
-0.00033569
-0.0097961
-0.01123
-0.0045166
-0.01593
-0.00354
0.018097
0.016052
0.029114
0.046539
0.047272
0.070587
0.08017
0.074432
0.076538
0.076385
0.066925
0.059204
0.041473
0.022614
0.0075684
-0.011139
-0.025848
-0.044067
-0.061249
-0.069122
-0.074799
-0.081451
-0.078247
-0.076965
-0.07196
-0.057556
-0.046997
-0.036072
-0.023071
-0.011871
-0.00027466
0.012756
0.019379
0.02478
0.031982
0.035187
0.038849
0.037598
0.031036
0.027466
0.023621
0.014465
0.0061951
-0.0018616
-0.0074768
-0.010315
-0.016449
-0.019562
-0.019379
-0.02063
-0.014893
-0.012146
-0.025757
-0.005188
-0.00082397
-0.0016785
0.0077515
0.013702
0.019012
0.032654
0.037872
0.030975
0.038879
0.042969
0.041534
0.028137
0.025146
0.018768
0.0095825
0.0028687
-0.0079956
-0.02359
-0.018768
-0.019348
-0.035767
-0.031921
-0.027283
-0.033203
-0.023926
-0.014893
-0.023285
-0.0098572
0.00030518
-0.0051575
0.00027466
0.005188
-0.0055237
-0.0022583
0.0013123
-0.0067749
-0.011322
-0.011749
-0.018585
-0.026917
-0.031433
-0.035156
-0.058899
-0.090271
-0.055298
-0.04306
-0.036133
-0.011047
0.026276
0.063049
0.1138
0.13986
0.12433
0.14053
0.1499
0.11798
0.078583
0.055786
0.011108
-0.016876
-0.038147
-0.076721
-0.087799
-0.067535
-0.070221
-0.062653
-0.033325
-0.01947
-0.0020447
0.022186
0.019714
0.013672
0.022125
0.011078
-0.012421
-0.022858
-0.034058
-0.047668
-0.045685
-0.047546
-0.049835
-0.029663
-0.010468
-0.0069885
0.0072327
0.024384
0.02536
0.025055
0.021729
0.0063171
-0.0007019
-0.0045166
-0.020447
-0.027527
-0.024628
-0.025635
-0.020752
-0.012573
0.0028076
-0.011841
-0.025024
0.025513
0.032715
0.011719
0.034637
0.049988
0.039215
0.063202
0.056366
0.017883
0.037292
0.034546
-0.0013123
-0.0010071
0.0097351
-0.010437
-0.0064087
-0.0036621
-0.01767
0.0016785
0.017914
-0.0050049
-0.0092163
0.0053711
-0.013245
-0.024536
-0.019653
-0.032684
-0.036652
-0.017273
-0.034698
-0.043732
-0.025391
-0.025024
-0.024841
-0.026093
-0.022064
-0.023895
-0.034637
-0.041016
-0.044556
-0.1207
-0.11292
-0.030212
-0.034149
-0.0177
0.068756
0.12042
0.16562
0.23352
0.2001
0.16281
0.18106
0.12222
0.025177
-0.015778
-0.06076
-0.11325
-0.10892
-0.11752
-0.11374
-0.049103
-0.00054932
0.0061951
0.04306
0.070221
0.057861
0.046875
0.021027
-0.028046
-0.049072
-0.059753
-0.098206
-0.10684
-0.079468
-0.062653
-0.036835
0.0083313
0.030884
0.052704
0.081146
0.077118
0.053314
0.042053
0.015717
-0.027588
-0.048065
-0.065826
-0.082733
-0.072357
-0.053192
-0.04129
-0.0096741
0.024658
0.038879
0.054443
0.06369
0.048553
0.041534
0.0029602
-0.041534
-0.036926
-0.060577
-0.08493
-0.046387
-0.0083923
0.019287
0.072083
0.093079
0.09201
0.11368
0.099396
0.044769
0.017822
-0.0040283
-0.034241
-0.039398
-0.0401
-0.039459
-0.011169
0.0035706
-0.00177
0.014709
0.022064
0.0042114
-0.00097656
-0.006897
-0.015045
-0.015228
-0.044525
-0.079559
-0.070007
-0.053619
-0.08606
-0.11853
-0.092438
-0.10373
-0.17636
-0.090912
-0.0040894
-0.0016479
0.075378
0.15854
0.17844
0.24173
0.27347
0.17117
0.12704
0.11569
0.022827
-0.055267
-0.071594
-0.11694
-0.11896
-0.066864
-0.054169
-0.022766
0.056458
0.085815
0.077423
0.087891
0.060577
0.0068665
-0.025391
-0.070862
-0.12048
-0.12662
-0.11914
-0.11752
-0.079346
-0.021179
0.015625
0.055756
0.096313
0.096405
0.083954
0.074188
0.02597
-0.021027
-0.047363
-0.081696
-0.1008
-0.089325
-0.076385
-0.057098
-0.011749
0.026031
0.046265
0.067078
0.076141
0.058472
0.044342
0.020905
-0.010895
-0.03717
-0.091919
-0.12228
-0.08374
-0.034241
-0.0098877
0.040283
0.089844
0.12003
0.14938
0.12875
0.073151
0.031189
0.0025024
-0.051147
-0.07724
-0.072601
-0.054535
-0.03418
-0.0084229
0.014557
0.032776
0.057434
0.057922
0.025909
0.0054626
0.016235
-0.00024414
-0.047699
-0.077087
-0.089935
-0.057556
-0.053528
-0.10953
-0.11902
-0.067535
-0.13327
-0.18185
-0.054718
-0.0065613
0.0014954
0.11014
0.17816
0.19617
0.27713
0.25705
0.13535
0.11636
0.083069
-0.020264
-0.07489
-0.083801
-0.12915
-0.10098
-0.037964
-0.029236
0.0077209
0.089142
0.09671
0.06958
0.072388
0.03067
-0.03241
-0.059967
-0.10257
-0.15253
-0.13959
-0.1142
-0.10471
-0.060364
0.0010071
0.036713
0.071198
0.10355
0.090454
0.076599
0.064758
0.017334
-0.039642
-0.055115
-0.066803
-0.08432
-0.072327
-0.039917
-0.010803
0.02124
0.049561
0.063721
0.071838
0.069153
0.04248
0.012634
-0.011597
-0.065308
-0.11612
-0.095551
-0.078796
-0.072388
-0.0074768
0.057587
0.08432
0.11896
0.12814
0.092621
0.066803
0.033051
-0.018463
-0.047302
-0.054901
-0.051697
-0.038269
-0.020844
-0.002594
0.019592
0.035522
0.040924
0.036865
0.029083
0.025543
0.0085754
-0.0072021
-0.026123
-0.061493
-0.087219
-0.085571
-0.12479
-0.16162
-0.16052
-0.23456
-0.17987
-0.040802
0.012848
0.046967
0.17264
0.25781
0.29166
0.31448
0.23602
0.13889
0.092163
0.030945
-0.070587
-0.12396
-0.13766
-0.12189
-0.077057
-0.036713
0.011444
0.075653
0.11343
0.10425
0.083771
0.038544
-0.011841
-0.059143
-0.11041
-0.14975
-0.15176
-0.14139
-0.11429
-0.063629
-0.018372
0.026794
0.072845
0.10037
0.093811
0.08313
0.062439
0.026398
-0.011871
-0.047668
-0.075897
-0.085144
-0.077209
-0.062408
-0.032074
0.0063782
0.044037
0.068848
0.064636
0.035095
0.033722
0.018463
-0.017975
-0.033325
-0.012848
-0.0028687
0.007843
0.021851
0.026398
0.039032
0.049011
0.031128
0.0079956
0.0023499
-0.0016479
-0.0029602
-0.0061035
-0.012695
-0.013428
-0.01297
-0.026611
-0.028107
-0.027588
-0.032288
-0.023163
-0.012604
-0.016357
0.0092163
0.041901
0.036163
0.016388
0.013641
-0.035034
-0.0867
-0.21338
-0.27664
-0.19861
-0.12393
-0.092743
0.0020447
0.1301
0.24188
0.336
0.33517
0.25116
0.20093
0.15378
0.060883
-0.038879
-0.11002
-0.15637
-0.13239
-0.097321
-0.078308
-0.034882
0.041809
0.081879
0.096069
0.094177
0.055481
0.013
-0.012604
-0.049622
-0.10764
-0.13715
-0.13559
-0.12482
-0.104
-0.068085
-0.03064
0.0056152
0.053223
0.074768
0.062592
0.064056
0.064178
0.031067
-0.00030518
-0.035461
-0.066895
-0.068359
-0.057953
-0.059998
-0.046387
-0.016144
0.019348
0.05481
0.077209
0.082062
0.080872
0.075806
0.063629
0.049744
0.022888
-0.0079651
-0.014282
-0.008728
-0.014954
-0.023163
-0.019135
-0.011688
-0.0057983
-0.0074768
-0.015442
-0.012054
-6.1035e-05
-0.0071716
-0.024231
-0.028229
-0.031097
-0.039307
-0.040833
-0.046814
-0.042328
-0.015625
-0.00082397
0.062714
0.0056458
-0.18686
-0.15891
-0.073761
-0.095917
-0.080414
-0.041687
-0.036743
0.10901
0.29471
0.24652
0.18115
0.20654
0.18948
0.14001
0.11749
0.0095215
-0.08783
-0.063141
-0.056549
-0.099396
-0.072693
-0.042725
-0.044067
0.010895
0.045471
-0.0012817
-0.0177
0.0010376
-0.020905
-0.041412
-0.043976
-0.083679
-0.096741
-0.059845
-0.049438
-0.062775
-0.038269
-0.014923
-0.0019531
0.030151
0.045715
0.030579
0.044922
0.06778
0.040405
0.014008
0.0098267
-0.0094604
-0.023895
-0.020081
-0.03595
-0.04184
-0.012238
0.0089417
0.0087891
0.023285
0.030487
0.030823
0.038849
0.022736
-0.004303
-0.0044861
0.0021057
-0.01059
-0.018219
-0.020752
-0.020355
-0.015747
-0.0050659
-0.004425
-0.011475
-0.00012207
0.020691
0.028442
0.047089
0.040344
-0.046204
-0.090515
-0.08493
-0.10077
-0.10663
-0.097443
-0.08606
-0.032806
0.061096
0.10864
0.12122
0.1358
0.13248
0.11365
0.10489
0.078857
0.038727
0.017548
0.0092163
0.00021362
0.005249
0.0077515
-0.0010681
-0.006073
-0.0012817
-0.0097046
-0.030365
-0.0466
-0.059357
-0.064392
-0.059021
-0.05127
-0.042938
-0.029907
-0.014557
-0.0066528
-0.012512
-0.014465
-0.011383
-0.0092773
-0.0090332
-0.0071716
0.0011597
0.0091248
0.016968
0.016724
0.016357
0.020569
0.021515
0.0055847
-0.011719
-0.0089111
-0.010345
-0.0065613
0.001709
-0.0069275
-0.0067139
0.0084229
0.01239
0.004364
0.0084534
-0.0070496
-0.010895
-0.0035706
-0.0041199
-0.0072937
-0.0041809
0.0016479
-0.0010986
0.0054016
0.0031738
-0.0046997
-0.0036011
-0.0037537
-0.010254
-0.010712
-0.01001
-0.0070496
-0.0042725
0.0067139
0.014557
0.01178
0.022461
0.023804
0.020813
0.021973
0.016846
0.0081482
0.0068665
0.0074463
0.0068054
0.01651
0.015747
0.011292
0.016418
0.023651
0.020752
0.019012
0.014648
-0.00033569
0.0032959
-0.0030212
-0.025513
-0.028473
-0.022034
-0.031464
-0.04007
-0.03952
-0.025421
-0.012421
-0.009552
-0.0097351
-0.0071411
-0.002655
-0.0072021
-0.0007019
-0.01001
-0.013123
-0.0090332
-0.013702
-0.0098267
0.0027771
0.0020752
-0.0012817
0.0099792
0.01181
0.027588
0.02832
0.013916
0.017731
0.018555
0.018127
