-0.027557
-0.0242
-0.015015
-0.0037537
0.00064087
0.0054626
0.013214
0.014496
0.01532
0.018433
0.016907
0.012604
0.011017
0.007782
0.0019531
-0.0013123
-0.0046387
-0.0094299
-0.011566
-0.011505
-0.013092
-0.013489
-0.010925
-0.008728
-0.0062256
-0.0020142
0.0018921
0.0040894
0.0072632
0.010834
0.012024
0.013214
0.014374
0.013855
0.012543
0.011902
0.0094299
0.0063782
0.0045471
0.00088501
-0.00177
-0.0030518
-0.0049438
-0.0059509
-0.0053101
-0.005188
-0.0039062
-0.0010376
0.00045776
0.0022888
0.0046387
0.0067139
0.0083313
0.0093384
0.0088196
0.007843
0.0071106
0.005249
0.0036926
0.0018616
-0.00076294
-0.0028992
-0.0048523
-0.0069275
-0.0083618
-0.0089111
-0.0098572
-0.010468
-0.010498
-0.010406
-0.0090942
-0.0085144
-0.0087585
-0.0072632
-0.0055542
-0.0062561
-0.0039978
-0.0023499
-0.0032959
0.00033569
0.0023193
0.0015869
0.005127
0.0065918
0.0033875
0.0047913
0.0010071
-0.0085449
-0.011169
-0.016052
-0.023651
-0.021942
-0.020996
-0.022339
-0.012634
-0.0020752
0.0055237
0.020721
0.034058
0.042328
0.054138
0.0625
0.06192
0.061615
0.05661
0.044525
0.033295
0.020111
0.0021057
-0.012482
-0.025177
-0.037872
-0.044952
-0.048981
-0.051636
-0.049042
-0.042786
-0.036255
-0.026184
-0.015259
-0.0079346
-9.1553e-05
0.0078125
0.011047
0.012604
0.011932
0.0058289
0.00033569
-0.0035706
-0.009613
-0.013977
-0.015533
-0.016785
-0.015717
-0.010406
-0.0053101
-0.0015564
0.0045776
0.010834
0.013672
0.015564
0.016815
0.011963
0.0087585
0.0098572
0.0032349
-0.0069275
-0.0073547
-0.0057983
-0.0063477
0.00024414
0.0053406
0.0062866
0.017273
0.027863
0.026489
0.025635
0.02475
0.016022
0.01059
0.0060425
-0.0075378
-0.015839
-0.015198
-0.017242
-0.017731
-0.012115
-0.0098572
-0.0059509
0.0042419
0.0075989
0.0024414
0.0025024
0.0053101
-0.00015259
-0.0039368
-0.0049438
-0.012543
-0.013672
-0.0089111
-0.012421
-0.014893
-0.012726
-0.013275
-0.015167
-0.0069275
-0.0048828
-0.001709
0.0052185
-0.0068359
-0.0072021
-0.0052795
-0.015747
-0.036346
-0.065033
-0.068085
-0.045227
-0.026947
-0.0046387
0.025146
0.049591
0.095123
0.13733
0.13684
0.11798
0.10159
0.075836
0.047485
0.016113
-0.030792
-0.065643
-0.067108
-0.060608
-0.057007
-0.043457
-0.025238
-0.0039978
0.024994
0.038025
0.027405
0.016052
0.0068359
-0.0093079
-0.026825
-0.045349
-0.064056
-0.06778
-0.057434
-0.046783
-0.036713
-0.020752
-0.00048828
0.018646
0.03418
0.037537
0.02887
0.021271
0.013885
-0.00036621
-0.017334
-0.031525
-0.039673
-0.036804
-0.025024
-0.014709
-0.0049438
0.0097351
0.027039
0.038727
0.039154
0.030457
0.022156
0.0096436
-0.0025024
-0.0070496
-0.013885
-0.0159
-0.0029602
0.0070801
0.014679
0.029358
0.032135
0.029907
0.031342
0.024597
0.012299
0.0065613
9.1553e-05
-0.007843
-0.0088806
-0.0068054
-0.0086365
-0.006897
-0.0016785
-0.0026245
-0.0067139
-0.0038757
-0.0043335
-0.010834
-0.0065308
-0.0082703
-0.018677
-0.01593
-0.0075073
-0.0090942
-0.0090027
-0.014984
-0.021393
-0.013214
-0.0059204
-0.009491
-0.018555
-0.015594
-0.019409
-0.026306
-0.015991
-0.065094
-0.12451
-0.063843
-0.023956
-0.024902
0.02951
0.071899
0.089508
0.16562
0.2012
0.13666
0.1026
0.085052
0.036835
-0.0024414
-0.034576
-0.098297
-0.10776
-0.062469
-0.044342
-0.029541
0.0067444
0.030518
0.0513
0.076294
0.057465
0.013947
-0.0077209
-0.026398
-0.058655
-0.080536
-0.092316
-0.09613
-0.070343
-0.03299
-0.011597
0.0083313
0.03656
0.053558
0.059814
0.054382
0.030182
0.0042725
-0.013123
-0.031891
-0.051392
-0.064209
-0.063782
-0.047424
-0.023346
-0.0015869
0.013916
0.030151
0.046997
0.052155
0.039734
0.019135
-0.0038757
-0.018036
-0.021057
-0.027618
-0.028137
-0.011597
0.0086975
0.029999
0.045746
0.046265
0.044586
0.044189
0.035065
0.021637
0.0089111
-0.0015564
-0.0053406
-0.0048828
-0.010162
-0.013824
-0.012085
-0.008667
-0.006134
-0.0049133
-0.005249
-0.009491
-0.0038147
0.0030823
-0.00054932
-0.0083618
-0.0099487
-0.0082703
-0.010681
-0.020142
-0.030914
-0.024811
-0.022552
-0.034149
-0.01712
-0.0053406
-0.039886
-0.020691
-0.052185
-0.15961
-0.09964
-0.028625
-0.045197
0.0055847
0.083954
0.096588
0.17282
0.24323
0.17627
0.12311
0.10757
0.054932
-0.0040894
-0.032593
-0.098816
-0.12723
-0.081421
-0.050293
-0.035004
0.0054016
0.039825
0.064178
0.088959
0.068359
0.019165
-0.014435
-0.038513
-0.067444
-0.089905
-0.10788
-0.10974
-0.07843
-0.040833
-0.0088806
0.021698
0.042938
0.059845
0.074585
0.065704
0.036896
0.012421
-0.010284
-0.037598
-0.054779
-0.065857
-0.069794
-0.052246
-0.026367
-0.0064697
0.013
0.032684
0.039307
0.039978
0.029419
0.0067749
-0.0076904
-0.015015
-0.022949
-0.029297
-0.024475
-0.010193
0.011444
0.029297
0.034454
0.04071
0.045593
0.046204
0.040863
0.032684
0.02005
0.011353
0.0091553
0.00045776
-0.0079956
-0.013733
-0.016205
-0.013245
-0.010956
-0.020325
-0.015808
-0.0016479
0.0018921
-0.00012207
0.013702
0.014801
-0.0031738
-0.012482
-0.02066
-0.035614
-0.03479
-0.04071
-0.054352
-0.050964
-0.039337
-0.12518
-0.17947
-0.079193
-0.035217
-0.025818
0.051025
0.10208
0.13147
0.22546
0.24213
0.1561
0.11621
0.076233
0.021576
-0.016022
-0.067749
-0.13614
-0.1192
-0.065552
-0.03772
-0.00033569
0.041168
0.056335
0.088654
0.10693
0.052673
-0.0054016
-0.032593
-0.059692
-0.086884
-0.10205
-0.11752
-0.1015
-0.049683
-0.0112
0.013397
0.041931
0.064667
0.071136
0.074615
0.055023
0.012756
-0.013123
-0.030182
-0.055908
-0.072266
-0.070984
-0.063049
-0.041656
-0.0112
0.0057068
0.018616
0.042877
0.04895
0.029938
0.016602
0.0037537
-0.012939
-0.017334
-0.02417
-0.037537
-0.022644
0.009552
0.023285
0.032623
0.041199
0.041718
0.046967
0.047272
0.028778
0.013367
0.0054932
-0.0041199
-0.0099487
-0.0097351
-0.013092
-0.012268
-0.0082092
-0.0085144
0.00054932
0.0050964
0.0041199
0.0023499
0.0040894
0.0091248
0.0073242
-0.0063171
-0.022614
-0.023407
-0.029449
-0.036835
-0.052643
-0.060242
-0.1933
-0.22412
-0.09549
-0.057312
-0.035065
0.060211
0.10489
0.16129
0.28854
0.26474
0.15601
0.12497
0.078247
0.006012
-0.019653
-0.070587
-0.15323
-0.11688
-0.053619
-0.036316
-0.0015869
0.048462
0.056641
0.0849
0.10345
0.046478
-0.013458
-0.035187
-0.060272
-0.090729
-0.10208
-0.1181
-0.11267
-0.066925
-0.022247
0.0041504
0.032135
0.058685
0.06839
0.073273
0.063965
0.031982
0.00045776
-0.016052
-0.034149
-0.051575
-0.057709
-0.054443
-0.04071
-0.019165
-0.0026855
0.0092468
0.0271
0.038025
0.033875
0.024414
0.013184
0.0024109
-0.0051575
-0.01059
-0.020935
-0.017761
-0.0020447
0.01062
0.018585
0.021973
0.022461
0.02301
0.027374
0.023315
0.013947
0.0073242
0.0032654
-0.0037537
-0.00039673
-0.0024414
-0.017059
-0.019958
-0.012299
-0.010132
-0.0061035
0.0071716
0.010345
0.021393
0.034332
0.021271
-0.0038147
-0.016479
-0.025665
-0.048431
-0.050964
-0.17154
-0.2673
-0.15869
-0.086029
-0.077179
0.019867
0.081512
0.12393
0.26678
0.31601
0.21014
0.15707
0.12375
0.051147
0.0084534
-0.038605
-0.13895
-0.14481
-0.0802
-0.061279
-0.040924
0.017212
0.032745
0.057648
0.098724
0.066956
0.0047302
-0.013947
-0.035553
-0.075317
-0.090576
-0.10693
-0.11426
-0.077454
-0.033142
-0.012115
0.015015
0.045959
0.054718
0.06192
0.06488
0.03894
0.011261
0.0013428
-0.021881
-0.048584
-0.050537
-0.047699
-0.042389
-0.025635
-0.0058594
0.0030212
0.015808
0.031952
0.035583
0.033264
0.035187
0.026306
0.017792
0.018311
0.006012
-0.0077515
-0.0040894
-0.0026245
-0.0057068
0.0016174
0.0084534
0.0081482
0.012146
0.016052
0.0075684
0.0012207
-0.00015259
-0.013367
-0.024811
-0.03006
-0.035095
-0.031342
-0.024811
-0.011871
-0.00054932
0.0050354
0.016052
0.029724
0.033661
0.034943
0.026886
0.033051
-0.0071411
-0.17044
-0.2179
-0.15445
-0.15381
-0.11868
-0.028503
-0.0028076
0.084442
0.24347
0.26749
0.21448
0.19962
0.15054
0.085693
0.072021
0.0059204
-0.093536
-0.09967
-0.078094
-0.076752
-0.033783
0.0030823
0.0030823
0.038605
0.061584
0.029419
0.0050659
-0.0035706
-0.031036
-0.054291
-0.062805
-0.092896
-0.1044
-0.078247
-0.054108
-0.037781
-0.0080566
0.0089417
0.017822
0.040405
0.050842
0.036224
0.022705
0.016266
0.0015869
-0.0094299
-0.01651
-0.030396
-0.038849
-0.028229
-0.021515
-0.019409
-0.0015869
0.016602
0.022247
0.034424
0.04538
0.044525
0.045227
0.041016
0.023438
0.015167
0.01825
0.0093384
-0.0011902
-0.0040283
-0.01004
-0.014008
-0.0087891
-0.0084534
-0.016785
-0.018524
-0.013458
-0.016174
-0.018524
-0.021423
-0.030701
-0.031555
-0.022034
-0.017365
-0.020844
-0.020508
-0.0031433
0.022278
0.033691
0.067749
0.030487
-0.089722
-0.10315
-0.078064
-0.11279
-0.090576
-0.049927
-0.055145
0.019012
0.14572
0.17148
0.16376
0.17346
0.14365
0.10605
0.096008
0.038727
-0.027161
-0.036804
-0.044098
-0.061188
-0.034149
-0.0070801
-0.0086975
0.0028992
0.021393
0.0072021
-0.010254
-0.0058899
-0.02359
-0.047791
-0.043823
-0.053406
-0.070312
-0.054108
-0.035522
-0.035461
-0.022247
-0.0081787
-0.012604
-0.005127
0.012177
0.0090027
0.0086975
0.014465
0.0024719
-0.0093079
6.1035e-05
0.0019836
-0.0063477
-0.0058594
-0.0043945
-0.0046082
0.00057983
0.011749
0.018585
0.016113
0.018127
0.018524
0.020294
0.0242
0.01593
0.0071411
0.00079346
0.004364
0.012238
0.008728
0.0022888
-0.00088501
-0.0012817
-0.0028687
-0.0036926
-0.0049133
-0.0112
-0.017883
-0.017151
-0.013855
-0.011749
-0.0112
-0.011932
-0.014496
-0.005127
0.0033264
0.0070496
0.02298
0.012787
-0.019958
-0.016113
-0.012085
-0.039124
-0.037201
-0.027435
-0.036407
-0.018951
0.0082397
0.010834
0.026276
0.054443
0.060791
0.060913
0.062225
0.047058
0.031647
0.026001
0.019257
0.0096741
0.0053101
0.005249
0.0086975
0.0099792
0.012848
0.0090027
-0.00042725
-0.01181
-0.021301
-0.029144
-0.034698
-0.037689
-0.037537
-0.02713
-0.017853
-0.015991
-0.018341
-0.013489
-0.0053711
-0.013245
-0.01181
-0.00088501
-0.00015259
0.0046997
0.011047
0.0092773
0.0055847
0.0086975
0.0084534
0.0055847
-0.0023193
-0.017456
-0.016693
-0.0035095
-0.0085144
-0.0048523
-0.0028687
-0.01059
-0.005249
0.0046997
0.0084229
0.0037231
0.0056458
-0.00073242
-0.0034485
0.0056152
-0.00030518
-0.0079651
-0.0052795
-0.00027466
0.0037537
0.0094299
0.012299
0.016815
0.019226
0.0112
-0.00045776
-0.0040894
0.00027466
-0.0023499
-0.001709
-0.0061035
-0.0012207
0.0072327
0.014557
0.012878
-0.003479
0.0013733
0.0047302
0.0015564
0.0065002
0.0029297
-0.0085144
-0.0041199
-0.002655
-0.012787
-0.012207
-0.014893
-0.01355
-0.00036621
0.007843
0.0099182
0.013489
0.020905
0.015289
0.0075378
0.0064087
-0.0094299
-0.018646
-0.018463
-0.014923
-0.0049133
0.0019531
0.0061951
0.0071716
0.009552
