-0.043915
-0.032135
-0.023865
-0.017578
-0.0051575
0.0040894
0.0089417
0.014496
0.018829
0.019348
0.020691
0.021423
0.017029
0.012604
0.0098267
0.0048218
-0.0014343
-0.005127
-0.0097351
-0.015472
-0.016815
-0.015747
-0.016876
-0.015991
-0.011597
-0.0082092
-0.004364
0.0021973
0.0066833
0.0090637
0.013
0.017212
0.018677
0.01947
0.020386
0.017456
0.014526
0.013245
0.0092773
0.0042725
0.001709
-0.0026855
-0.0070801
-0.0070801
-0.0081787
-0.010529
-0.0085449
-0.0068054
-0.0067749
-0.0032349
-0.00024414
-0.00085449
0.0023193
0.006012
0.0052795
0.0067139
0.0093994
0.006134
0.006073
0.0093689
0.0065613
0.0039673
0.0046082
0.0016479
-0.00061035
-0.00048828
-0.003479
-0.0071106
-0.0072327
-0.0084839
-0.010956
-0.011353
-0.011505
-0.012299
-0.011169
-0.0096436
-0.0098267
-0.0078125
-0.0062256
-0.0058899
-0.0037842
-0.00067139
-0.0032959
-0.0025635
-0.00097656
-0.0050659
-0.0059204
-0.0056763
-0.0112
-0.014191
-0.016846
-0.01947
-0.01709
-0.013397
-0.010345
-0.0033875
0.0060425
0.017059
0.030823
0.042023
0.049438
0.054779
0.059174
0.060211
0.057373
0.047516
0.035278
0.022491
0.0096436
-0.0028381
-0.015503
-0.028503
-0.036621
-0.039246
-0.03949
-0.037506
-0.034821
-0.030548
-0.022034
-0.012421
-0.0066833
-0.0022888
0.0010376
0.0023804
0.0031433
0.0025024
-0.0025024
-0.0091248
-0.013031
-0.015533
-0.0177
-0.017639
-0.016724
-0.0159
-0.010498
-0.0031738
0.0014954
0.0060425
0.010712
0.011597
0.011597
0.012146
0.0083618
0.0018921
-0.0033875
-0.0089111
-0.012756
-0.010651
-0.0070496
-0.0023193
0.0071411
0.018372
0.028168
0.038025
0.042542
0.040039
0.036682
0.029724
0.017548
0.0065613
-0.0039368
-0.015015
-0.019409
-0.021149
-0.022339
-0.017517
-0.0083313
-0.0032349
-0.0012817
-0.00033569
0.00024414
-0.0028076
-0.0043945
-0.0057373
-0.013702
-0.015289
-0.011414
-0.014557
-0.012634
-0.011902
-0.012604
-0.009613
-0.0055542
-0.0053711
-0.0242
-0.026611
-0.018799
-0.0063782
-0.025879
-0.088745
-0.0737
-0.03418
-0.025055
-0.0011597
0.025208
0.027069
0.087006
0.15784
0.14212
0.10904
0.10205
0.082245
0.056122
0.034943
-0.028015
-0.079834
-0.067535
-0.04834
-0.054077
-0.041046
-0.025635
-0.0071716
0.038666
0.059601
0.031067
0.011414
0.013214
-0.0039368
-0.023651
-0.044312
-0.075836
-0.08316
-0.055511
-0.036285
-0.030731
-0.01358
0.008606
0.030731
0.052399
0.049683
0.026764
0.016449
0.012878
-0.0064392
-0.031708
-0.050201
-0.058624
-0.049225
-0.030273
-0.022217
-0.014313
0.0062256
0.02951
0.039948
0.029755
0.010468
0.0088806
0.0011292
-0.018982
-0.015869
-0.012268
-0.0054321
0.027863
0.046722
0.044342
0.053619
0.057831
0.042084
0.033051
0.013275
-0.0097351
-0.012543
-0.013306
-0.021515
-0.016022
-0.0075073
-0.0046692
0.0049744
0.0091248
-0.0072327
-0.012146
-0.0082092
-0.015839
-0.020874
-0.024414
-0.024261
-0.014465
-0.0097046
-0.010956
-0.014709
-0.020172
-0.011475
-0.028442
-0.03125
-0.036743
-0.02597
-0.076965
-0.14761
-0.078003
-0.031281
-0.021179
0.030945
0.080688
0.096924
0.18195
0.22375
0.15375
0.1102
0.09082
0.039429
-0.0048218
-0.036713
-0.10571
-0.11633
-0.063049
-0.030273
-0.020996
0.020905
0.047119
0.068909
0.091553
0.062927
0.0023193
-0.029999
-0.045227
-0.079163
-0.10257
-0.11435
-0.10892
-0.0737
-0.023438
0.0085449
0.028442
0.054443
0.071686
0.072754
0.057281
0.024994
-0.0082703
-0.026031
-0.03894
-0.059448
-0.071289
-0.063477
-0.037811
-0.0085144
0.0028076
0.019897
0.035919
0.041687
0.036163
0.016602
-0.011261
-0.016144
-0.0084839
-0.015533
-0.021851
-0.0087585
0.01358
0.032867
0.047302
0.040924
0.036255
0.03894
0.033783
0.021027
0.012054
0.00091553
-0.0012817
0.0014343
-0.00085449
-0.0082703
-0.0088806
-0.0015564
-0.0079651
-0.012146
-0.012848
-0.022095
-0.013824
-0.00067139
-0.0082703
-0.0073242
0.0028992
-0.0066528
-0.015259
-0.026581
-0.040375
-0.060455
-0.054688
-0.086761
-0.21918
-0.15982
-0.047668
-0.037048
0.018097
0.11197
0.13101
0.20563
0.29129
0.21246
0.1265
0.092346
0.033447
-0.030029
-0.062958
-0.13742
-0.16156
-0.085815
-0.025024
-0.0027161
0.040619
0.074188
0.095306
0.1282
0.089355
0.0033264
-0.045105
-0.067017
-0.10532
-0.12241
-0.13138
-0.13007
-0.076111
-0.0058899
0.029877
0.056
0.083679
0.088196
0.087097
0.069916
0.014709
-0.033844
-0.051147
-0.06778
-0.081543
-0.078644
-0.068512
-0.03772
0.011871
0.039093
0.047485
0.058228
0.056091
0.034943
0.014923
-0.013794
-0.049866
-0.052887
-0.031708
-0.028198
-0.011383
0.030029
0.049469
0.065857
0.078278
0.059479
0.036133
0.021271
-0.0022888
-0.019897
-0.025482
-0.033936
-0.035767
-0.019073
-0.0053406
-0.010651
-0.010345
-0.00045776
0.0013428
0.0068359
0.010742
0.0024719
0.013123
0.025421
0.013092
-0.0012207
-0.014862
-0.042603
-0.085968
-0.08432
-0.12158
-0.25021
-0.1825
-0.065063
-0.045135
0.03125
0.13361
0.15674
0.24432
0.31549
0.22095
0.13968
0.09903
0.016205
-0.048767
-0.075775
-0.15582
-0.17081
-0.075836
-0.016357
0.0093994
0.075867
0.10858
0.10266
0.12827
0.089874
-0.010376
-0.066467
-0.092224
-0.1394
-0.15253
-0.14566
-0.13904
-0.081482
0.0022583
0.041443
0.0625
0.093536
0.094727
0.082092
0.06427
0.013214
-0.042206
-0.061554
-0.069489
-0.080811
-0.069122
-0.045715
-0.015869
0.030548
0.063293
0.067566
0.062836
0.045746
0.017548
-0.00091553
-0.021362
-0.051727
-0.060364
-0.041962
-0.016846
0.0099792
0.036835
0.052246
0.06192
0.068909
0.057129
0.029022
0.0093994
-0.0078125
-0.025055
-0.024841
-0.025604
-0.032135
-0.021576
-0.013458
-0.02063
-0.015869
-0.0068665
0.00097656
0.0099487
0.0065918
0.011871
0.020508
0.016083
0.017151
0.0058594
-0.04776
-0.070343
-0.10107
-0.27472
-0.24747
-0.12561
-0.11816
-0.037201
0.10828
0.142
0.23972
0.37787
0.30405
0.20026
0.16922
0.074646
-0.032379
-0.06189
-0.14456
-0.21591
-0.1463
-0.068268
-0.033081
0.046143
0.10474
0.10715
0.1424
0.13562
0.048279
-0.024292
-0.059662
-0.11691
-0.14853
-0.15009
-0.16574
-0.13705
-0.053833
0.0048523
0.036469
0.074188
0.088318
0.084656
0.083405
0.053345
-0.0068054
-0.042175
-0.055328
-0.071136
-0.072876
-0.057037
-0.043823
-0.021332
0.014221
0.020447
0.018341
0.03479
0.029907
0.012695
0.014893
0.017212
0.013855
0.025543
0.033752
0.027222
0.037842
0.046051
0.03421
0.024445
0.018707
0.0043335
-0.00012207
0.0062256
-0.0022583
-0.0076294
0.0024414
-0.0049744
-0.021088
-0.02475
-0.035126
-0.045746
-0.040405
-0.033264
-0.032288
-0.019379
0.00045776
0.010223
0.028168
0.021851
-0.0087891
-0.060638
-0.24152
-0.2511
-0.1517
-0.14658
-0.087189
0.035492
0.082428
0.20361
0.36948
0.3432
0.25607
0.22272
0.13736
0.042297
-0.0021667
-0.11517
-0.2186
-0.18381
-0.134
-0.10754
-0.023102
0.044434
0.068329
0.13602
0.17654
0.1171
0.047028
0.0082703
-0.058441
-0.11295
-0.13867
-0.17627
-0.18375
-0.12732
-0.066162
-0.02359
0.045319
0.094421
0.096466
0.11026
0.11014
0.055634
0.010345
-0.021942
-0.077759
-0.11188
-0.1037
-0.098633
-0.084564
-0.050964
-0.016693
0.016174
0.054657
0.079742
0.083862
0.081329
0.069977
0.054352
0.044891
0.024658
-0.0056152
-0.013672
-0.009491
0.00061035
0.0085144
0.016357
0.020721
0.022156
0.026581
0.026276
0.016357
0.0013428
-0.016632
-0.035583
-0.042053
-0.051758
-0.057709
-0.042175
-0.025421
-0.02533
-0.0097046
0.0058594
0.010956
0.028168
0.051025
-0.11496
-0.27475
-0.18826
-0.14667
-0.16489
-0.04776
0.0088196
0.03891
0.23907
0.36243
0.28552
0.2522
0.21216
0.10556
0.058838
0.016174
-0.12527
-0.17313
-0.12033
-0.10583
-0.070831
0.013641
0.032166
0.056549
0.12717
0.10901
0.029694
0.0011597
-0.032715
-0.085938
-0.095856
-0.1138
-0.14444
-0.11417
-0.059143
-0.0336
0.00015259
0.040283
0.052399
0.064026
0.083801
0.063416
0.028534
0.01709
-0.0023499
-0.036469
-0.052521
-0.06662
-0.081085
-0.068817
-0.049774
-0.036591
-0.0067749
0.03183
0.052765
0.063324
0.074463
0.064362
0.045563
0.041656
0.019928
-0.0080872
-0.011322
-0.0092773
-0.012848
-0.0039062
0.0049744
0.0047302
0.015839
0.024292
0.012695
0.0072021
0.0079651
-0.0021973
-0.0082092
-0.01825
-0.039398
-0.041077
-0.033173
-0.036835
-0.040253
-0.024078
0.0028381
0.034515
0.09671
-0.02597
-0.18457
-0.13434
-0.10187
-0.15128
-0.0914
-0.059387
-0.066284
0.092621
0.23981
0.21304
0.20035
0.20544
0.16061
0.13742
0.12567
0.016052
-0.074036
-0.072266
-0.076385
-0.08551
-0.046753
-0.034149
-0.036591
0.019104
0.056213
0.026764
0.012268
-0.0031738
-0.044434
-0.048035
-0.041351
-0.073639
-0.097626
-0.066345
-0.036499
-0.018982
0.0048828
0.013275
0.0047302
0.023315
0.032928
0.012939
0.0082092
0.0098572
-0.0054321
-0.01886
-0.016602
-0.020325
-0.024994
-0.016205
-0.014648
-0.012512
0.0052185
0.016693
0.018707
0.037537
0.052277
0.047058
0.042572
0.029846
0.008606
0.0031128
0.00354
-0.0091248
-0.017609
-0.021484
-0.027557
-0.024628
-0.016998
-0.01001
-0.0018616
0.0070801
0.015564
0.019104
0.0077209
-0.011414
-0.021362
-0.02179
-0.021881
-0.030823
-0.029938
-0.012787
0.017944
0.041473
0.017609
-0.0097046
-0.020752
-0.034973
-0.044495
-0.046051
-0.053925
-0.045166
-0.015137
0.018951
0.044159
0.052856
0.063354
0.081177
0.094421
0.092285
0.08374
0.067108
0.043274
0.028503
0.021027
-0.0058594
-0.028168
-0.029877
-0.033508
-0.035858
-0.031342
-0.03064
-0.032501
-0.03006
-0.028778
-0.024841
-0.027496
-0.032928
-0.031555
-0.027283
-0.02179
-0.01947
-0.0093689
0.0098877
0.014313
0.00088501
0.0012817
0.014465
0.016174
0.01004
0.0095825
0.003418
0.0040283
0.0072937
0.0012207
-0.0098877
-0.015442
-0.014832
-0.010223
-0.0014343
0.007019
0.013794
0.014679
0.014496
0.016113
0.012543
0.009552
0.0057678
-0.0045776
-0.0095825
-0.0065002
-0.014191
-0.020905
-0.012878
-0.010406
-0.01059
0.0046387
0.018951
0.014008
0.010315
0.0075684
-0.0028381
-0.0077209
-0.0074158
-0.015564
-0.021301
-0.0098572
0.00027466
0.0071716
0.02002
0.017578
0.012177
0.017212
0.013245
0.0033264
0.0035095
-0.00045776
-0.005127
0.0042419
0.002594
-0.011322
-0.014862
-0.015228
-0.019379
-0.009552
-0.00054932
0.00057983
0.0054932
0.014313
0.020599
0.025177
0.024536
0.022705
0.01944
0.0063782
-0.0050964
-0.0011902
-0.0016479
-0.0089111
-0.013611
-0.013336
-0.010712
