0.012329
0.0064392
0.0021362
-0.0052795
-0.012085
-0.015991
-0.019958
-0.023254
-0.024292
-0.025024
-0.02475
-0.02243
-0.020142
-0.017456
-0.013336
-0.0088501
-0.0050354
-0.0019531
0.0013428
0.0040894
0.0057068
0.0069885
0.0073242
0.0068359
0.0057983
0.004364
0.0027771
0.0013123
-0.00015259
-0.0016174
-0.0028992
-0.0041504
-0.0050049
-0.0050049
-0.0050964
-0.0050049
-0.0047607
-0.0045776
-0.0046082
-0.0023804
-0.0012207
0.00064087
0.0033569
0.0057983
0.0081482
0.011566
0.013123
0.014557
0.017365
0.017944
0.01712
0.017883
0.016388
0.012848
0.011658
0.0085144
0.0030823
0.00073242
-0.0029297
-0.007782
-0.0099487
-0.01178
-0.015045
-0.016052
-0.015198
-0.015808
-0.014313
-0.01181
-0.011108
-0.0089722
-0.0054626
-0.0036011
-0.0014038
-3.0518e-05
0.00094604
0.0021362
0.0028381
0.0014648
0.0011597
0.00067139
-0.0010071
-0.0027161
-0.0039062
-0.0064392
-0.0084534
-0.0096741
-0.01178
-0.013611
-0.016052
-0.017548
-0.017731
-0.016296
-0.01413
-0.012146
-0.006958
0.0010681
0.0088196
0.018066
0.029694
0.038055
0.046356
0.056335
0.061584
0.061859
0.061615
0.056915
0.046936
0.037964
0.027069
0.011597
-0.0038757
-0.016998
-0.029877
-0.040771
-0.048767
-0.055298
-0.05835
-0.056366
-0.052856
-0.048859
-0.042542
-0.034607
-0.026093
-0.016815
-0.007782
0.00018311
0.0067444
0.012543
0.017548
0.020203
0.020813
0.02066
0.019043
0.015381
0.011108
0.0064087
0.0016174
-0.0026855
-0.0070496
-0.010681
-0.012268
-0.013153
-0.013733
-0.012939
-0.010101
-0.0070801
-0.0036926
-0.00079346
0.0019836
0.0034485
0.0066833
0.0093079
0.010956
0.012024
0.015228
0.016479
0.018341
0.020447
0.020477
0.02124
0.022614
0.021332
0.019043
0.017578
0.01297
0.008728
0.0062256
0.0018311
-0.0048523
-0.0082092
-0.011627
-0.016449
-0.019165
-0.02063
-0.022552
-0.022125
-0.019897
-0.019867
-0.01712
-0.014465
-0.012665
-0.009552
-0.0054016
-0.0028687
-0.0010986
0.0023193
0.0043945
0.0038452
0.0061646
0.0053711
0.00091553
0.0013733
-0.0015259
-0.0089111
-0.010437
-0.015808
-0.031769
-0.02829
-0.037445
-0.040619
-0.033569
-0.033966
-0.031372
-0.0056763
0.0039673
0.015289
0.045227
0.055511
0.065643
0.092224
0.098541
0.093567
0.10165
0.092499
0.07373
0.06781
0.048126
0.018127
-0.0025024
-0.022156
-0.045898
-0.058868
-0.071259
-0.082581
-0.087494
-0.083771
-0.078552
-0.070282
-0.060974
-0.048157
-0.03479
-0.02243
-0.0069275
0.0050354
0.012909
0.022736
0.030487
0.031464
0.034027
0.032593
0.026001
0.022156
0.016632
0.0061646
-0.0022888
-0.0087891
-0.0177
-0.022736
-0.023743
-0.02533
-0.026581
-0.022919
-0.017181
-0.013824
-0.0070801
0.00018311
0.0048828
0.0082703
0.014587
0.013855
0.016937
0.021454
0.021118
0.023926
0.029144
0.029694
0.033936
0.039093
0.036346
0.036133
0.034546
0.027039
0.022034
0.015778
0.0038757
-0.0055542
-0.012726
-0.022827
-0.02774
-0.031921
-0.037964
-0.039673
-0.038086
-0.038422
-0.035309
-0.030243
-0.025513
-0.01712
-0.0099487
-0.004303
0.0013123
0.0083008
0.011658
0.014099
0.013641
0.010986
0.0067749
0.0050659
-0.0039673
-0.015686
-0.031952
-0.038666
-0.056915
-0.053009
-0.053101
-0.062836
-0.049683
-0.022888
-0.012115
0.015442
0.054962
0.06134
0.086609
0.12402
0.12915
0.12585
0.13531
0.11914
0.094604
0.086548
0.060638
0.023346
-0.0041504
-0.025177
-0.05072
-0.06778
-0.082642
-0.095612
-0.10339
-0.099396
-0.091003
-0.084137
-0.075958
-0.061584
-0.046387
-0.028473
-0.0077515
0.0037537
0.012512
0.026184
0.035492
0.039093
0.043671
0.039001
0.029724
0.025665
0.022614
0.0087891
-0.0040588
-0.014618
-0.025513
-0.029358
-0.030121
-0.037476
-0.043427
-0.040161
-0.031586
-0.017761
-0.013306
-0.005188
-0.0048828
0.0018921
0.028564
0.044556
0.039856
0.041168
0.053741
0.059906
0.078217
0.078766
0.058197
0.04657
0.047913
0.037018
0.02005
0.00036621
-0.024689
-0.036163
-0.035736
-0.041534
-0.057922
-0.062408
-0.057343
-0.051941
-0.041229
-0.036316
-0.032654
-0.013092
0.0074768
0.010864
0.0083313
0.015411
0.017883
0.016144
0.003418
-0.021667
-0.0466
-0.053406
-0.086029
-0.14828
-0.12756
-0.085083
-0.063568
-0.021881
0.036346
0.071869
0.14789
0.22217
0.21008
0.18475
0.18295
0.15475
0.1048
0.059723
-0.018402
-0.090607
-0.095032
-0.098511
-0.11749
-0.10745
-0.073792
-0.045685
0.010529
0.05014
0.043884
0.0448
0.064148
0.046356
0.011566
-0.014252
-0.054138
-0.082672
-0.080811
-0.087494
-0.097504
-0.067596
-0.030609
-0.0091858
0.024933
0.049408
0.049652
0.061096
0.064087
0.031372
0.0079651
-0.0075073
-0.035828
-0.055389
-0.059875
-0.065521
-0.059967
-0.031921
-0.013306
-0.0054932
0.019684
0.044434
-0.0028992
-0.0159
0.032532
0.034546
0.018433
0.04361
0.038635
0.04184
0.084991
0.057648
-0.0044861
0.00094604
0.0047302
-0.020142
-0.01297
-0.011078
-0.018768
0.020813
0.04306
0.015533
0.014618
0.030182
0.006073
-0.0097046
-0.014038
-0.035278
-0.031097
-0.011353
-0.008728
-0.01886
-0.018646
-0.028076
-0.03418
-0.036957
-0.04837
-0.070099
-0.085114
-0.096832
-0.14532
-0.17197
-0.088348
-0.029083
0.0086975
0.090973
0.15063
0.18222
0.25778
0.26709
0.17688
0.13434
0.10678
0.028595
-0.03244
-0.067932
-0.13092
-0.13144
-0.07428
-0.057404
-0.038452
0.018036
0.049805
0.066193
0.087524
0.046936
-0.0089417
-0.024902
-0.04422
-0.092773
-0.11533
-0.10751
-0.094757
-0.058441
-0.015808
0.0097961
0.034943
0.076782
0.087646
0.070892
0.053345
0.02713
-0.0081177
-0.028046
-0.050385
-0.079102
-0.080688
-0.05957
-0.054932
-0.038422
-0.0059509
0.016693
0.020844
0.040527
0.0079041
-0.04068
-0.011047
0.019684
0.0058899
0.019562
0.044037
0.053345
0.089752
0.10092
0.049622
0.021057
0.022644
-0.0015259
-0.025085
-0.022003
-0.021332
-0.0088501
0.011475
0.0019531
-0.018372
-0.01001
-0.0065613
-0.026733
-0.037598
-0.038116
-0.019775
0.0029602
-0.0011902
-0.012787
-0.0012512
-0.0016174
-0.01181
-0.028198
-0.061584
-0.098511
-0.10123
-0.15576
-0.20425
-0.097961
-0.016144
0.015381
0.10593
0.1904
0.22052
0.27826
0.2807
0.16797
0.098328
0.068054
-0.012115
-0.091858
-0.11517
-0.1369
-0.12085
-0.05069
-0.0073242
0.016724
0.067383
0.10803
0.094116
0.070404
0.02771
-0.03009
-0.070801
-0.095337
-0.13058
-0.14774
-0.12216
-0.082855
-0.044495
-0.0022583
0.036957
0.065063
0.084015
0.083557
0.056366
0.018677
-0.012695
-0.039642
-0.059937
-0.070496
-0.071503
-0.050781
-0.018036
0.0097351
0.029144
0.045898
0.058563
0.040955
0.0028381
-0.023102
-0.024384
0.0029907
0.017151
0.0064392
0.02478
0.05246
0.070038
0.058899
0.029663
-0.0080566
-0.0072021
-0.011536
-0.027039
-0.030762
-0.011627
-0.0032349
0.0093079
0.0030518
-0.017822
-0.019623
-0.010956
-0.037842
-0.046783
-0.021912
0.00012207
0.0047913
0.021088
0.030457
0.013947
0.0045471
0.0019226
-0.032135
-0.080139
-0.12952
-0.21646
-0.25958
-0.13272
-0.045197
-0.016968
0.076538
0.19659
0.26627
0.32974
0.30591
0.18665
0.11981
0.083862
-0.011017
-0.098236
-0.13675
-0.15567
-0.1116
-0.028046
0.010437
0.049805
0.1109
0.13712
0.11423
0.074341
3.0518e-05
-0.073792
-0.10733
-0.14548
-0.19037
-0.18524
-0.14166
-0.099091
-0.037598
0.022644
0.058197
0.092865
0.12039
0.098145
0.058502
0.02594
-0.023254
-0.0625
-0.074554
-0.082245
-0.079468
-0.041351
-0.0044861
0.020935
0.052643
0.067993
0.053925
0.027924
-0.0021057
-0.021912
-0.0271
-0.02005
-0.0071716
0.0083008
0.033722
0.060577
0.069824
0.059448
0.044189
0.025391
0.0092163
-0.0010376
-0.0083313
-0.0086975
0.0042725
0.0068054
0.0023499
-0.0033264
-0.013092
-0.027649
-0.041809
-0.052094
-0.049561
-0.038818
-0.014984
-0.0052185
-0.011871
-0.023895
-0.01004
-0.0063782
-0.047485
-0.10999
-0.17792
-0.27087
-0.19888
-0.073334
-0.031677
0.023468
0.1619
0.2579
0.34583
0.37952
0.27905
0.16092
0.12186
0.042267
-0.083008
-0.14667
-0.18106
-0.18182
-0.090424
-0.0050964
0.017914
0.076202
0.15244
0.15225
0.11542
0.065857
-0.034027
-0.11234
-0.12888
-0.16605
-0.20557
-0.17545
-0.11829
-0.06366
0.018127
0.080597
0.093781
0.12524
0.14001
0.08786
0.026611
-0.01236
-0.068787
-0.1076
-0.11264
-0.11987
-0.10898
-0.047394
0.0063171
0.029297
0.048889
0.056519
0.049194
0.049652
0.024139
-0.018433
-0.011505
0.016907
0.021759
0.028748
0.043243
0.046631
0.061798
0.069794
0.044037
0.021332
0.027313
0.027557
0.01651
0.010529
0.0016174
-0.0097351
-0.016235
-0.037811
-0.056793
-0.06485
-0.063721
-0.062592
-0.045319
-0.04303
-0.023956
-0.012299
-0.0053711
0.0007019
-0.019592
-0.086182
-0.15079
-0.23947
-0.23529
-0.12308
-0.051636
-0.00097656
0.11963
0.23975
0.32523
0.3826
0.32651
0.20508
0.13132
0.067047
-0.052826
-0.14621
-0.19202
-0.19873
-0.13107
-0.032104
0.020691
0.069916
0.14465
0.17068
0.14587
0.089417
0.0014038
-0.093018
-0.13696
-0.1651
-0.19553
-0.18893
-0.13239
-0.062317
0.0085144
0.069794
0.092926
0.11963
0.12964
0.092316
0.029572
-0.010681
-0.055695
-0.089508
-0.10483
-0.11279
-0.10263
-0.052551
-0.0081482
0.0047607
0.018311
0.047394
0.057373
0.034149
0.030365
0.030182
0.020386
0.024078
0.026306
0.011444
0.019897
0.033051
0.01886
0.016968
0.030945
0.028351
0.027985
0.037476
0.03125
0.021118
0.022827
0.0061646
-0.013824
-0.021393
-0.03717
-0.067474
-0.069214
-0.061554
-0.055389
-0.045227
-0.025208
-0.020416
-0.0083923
-0.0092468
-0.047852
-0.15024
-0.25323
-0.17001
-0.079834
-0.045868
-0.0080872
0.1062
0.19568
0.32227
0.34521
0.24362
0.14905
0.13611
0.073914
-0.034332
-0.10593
-0.16464
-0.1629
-0.093079
-0.019012
-0.00042725
0.054718
0.11459
0.12418
0.099762
0.059082
-0.02063
-0.095367
-0.11288
-0.14728
-0.17471
-0.14606
-0.091278
-0.041199
0.033081
0.090332
0.096649
0.11368
0.11612
0.069519
0.0048828
-0.029907
-0.077698
-0.10397
-0.10349
-0.10168
-0.089874
-0.045197
-0.0059204
0.0057678
0.039093
0.058014
0.060913
0.058289
0.058533
0.044464
0.043457
0.039062
0.017639
-0.0093994
-0.01886
-0.017792
-0.012268
0.0050354
0.0159
0.021027
0.033752
0.045898
0.036591
0.016022
0.0039673
-0.0079041
-0.024261
-0.038666
-0.053192
-0.059692
-0.048157
-0.041138
-0.044006
-0.034393
-0.0074463
0.0014648
-0.020996
-0.097534
-0.26163
-0.21414
-0.09256
-0.032196
-0.029175
0.088013
0.15356
0.2901
0.37396
0.29077
0.12573
0.090729
0.073669
-0.02005
-0.073883
-0.12891
-0.14288
-0.085693
0.022614
0.025391
0.032654
0.083313
0.10428
0.072235
0.03299
-0.018951
-0.10138
-0.11087
-0.10788
-0.13516
-0.15689
-0.10477
-0.061646
-0.02478
0.031647
0.056732
0.057892
0.082062
0.10046
0.058289
0.026672
0.002594
-0.038605
-0.061127
-0.072906
-0.096802
-0.088959
-0.037476
-0.008667
0.018799
0.056183
0.082397
0.088562
0.090729
0.064392
0.020874
0.0048828
-0.0029297
-0.020203
-0.039703
-0.029053
-0.0075989
0.01236
0.034088
0.034821
0.019012
0.010132
0.017303
-0.0033875
-0.021912
-0.031158
-0.035187
-0.03772
-0.030792
-0.025208
-0.041199
-0.037201
-0.0071411
0.015717
0.059631
-0.077911
-0.2999
-0.25418
-0.11154
-0.093597
-0.070251
0.018585
0.056519
0.24203
0.40826
0.35278
0.16562
0.155
0.12341
0.051422
-0.014587
-0.077118
-0.16202
-0.12769
-0.014099
0.0094299
0.01123
0.054077
0.083435
0.063751
0.048828
-0.01236
-0.10614
-0.11069
-0.086487
-0.11377
-0.1492
-0.11008
-0.08075
-0.034912
0.0242
0.040894
0.024353
0.056
0.084106
0.048889
0.01059
-0.0028076
-0.021088
-0.034271
-0.030762
-0.039764
-0.042908
-0.0057373
0.022797
0.026031
0.03775
0.059784
0.063934
0.062622
0.059998
0.028015
-0.0039978
-0.0085144
-0.013184
-0.035339
-0.040863
-0.034851
-0.033325
-0.013763
0.0099792
0.016937
0.015686
0.025146
0.020721
0.0097656
0.0018616
-0.012054
-0.045746
-0.064423
-0.063385
-0.053558
-0.040192
0.018158
0.040802
-0.10504
-0.17255
-0.13004
-0.099884
-0.087616
-0.0078125
-0.016296
0.024048
0.1777
0.27518
0.21411
0.16196
0.13858
0.094116
0.087189
0.072784
0.0022888
-0.053711
-0.023743
0.014008
0.018127
0.025787
0.014465
-0.0032349
0.0043335
0.013916
-0.047211
-0.093109
-0.081421
-0.066254
-0.078766
-0.080353
-0.086426
-0.10114
-0.061615
-0.019653
-0.021332
-0.03479
-0.017303
0.00097656
0.019196
0.033112
0.024719
0.016693
0.033112
0.042908
0.019745
0.0024109
0.0020142
0.0037231
0.0088501
0.0078125
-0.0014648
0.012512
0.047241
0.049744
0.038666
0.030457
0.024414
0.0067139
-0.012848
-0.02887
-0.046112
-0.050018
-0.035126
-0.014709
-0.0096436
-0.0042114
0.0085449
0.0079346
0.0045471
0.015198
0.017181
0.0023804
0.0098572
-0.01828
-0.062805
-0.067383
-0.055328
-0.072174
-0.066772
-0.058777
-0.056274
-0.015656
0.049896
0.074158
0.078156
0.095703
0.10379
0.096222
0.09198
0.078705
0.041565
0.0066528
0.0068054
0.020996
0.022583
0.024597
0.025696
0.011017
0.0071716
0.01004
-0.0093689
-0.036316
-0.037323
-0.033173
-0.040771
-0.046906
-0.05127
-0.057922
-0.050629
-0.031799
-0.032166
-0.041748
-0.031342
-0.013092
0.0024109
0.017761
0.022705
0.01474
0.0057678
0.010254
0.005188
-0.0032349
-0.0096436
-0.014709
-0.017822
-0.011749
-0.00021362
0.0045776
0.0048523
0.0076294
0.0063171
0.0022888
0.013733
0.015594
0.00054932
-0.01001
-0.0046997
0.002655
0.007843
0.016907
0.0052795
-0.0072327
-0.0073242
-0.0012817
-0.0029297
9.1553e-05
-0.0072021
-0.020538
-0.0053101
-0.0027161
-0.0038147
0.0013733
0.0070801
0.0056458
0.01062
0.016449
0.0038757
-0.00085449
0.0045471
0.01059
0.013458
0.014709
0.01181
0.013733
0.032532
0.038116
0.032959
0.023804
0.019562
0.015564
0.018555
0.013489
0.0021973
-0.0044861
-0.0032349
-0.0084534
-0.017883
-0.024506
-0.023621
-0.02124
-0.026489
-0.032043
-0.029053
-0.016632
-0.009491
-0.0096436
-0.009552
-0.0059204
-0.0043335
-0.0064087
-0.0085754
-0.011749
-0.01181
-0.010376
-0.014282
-0.0112
0.00354
0.014038
0.0159
0.0072021
0.014801
0.022705
0.012695
0.017914
0.0014648
-0.020996
-0.019318
-0.0079956
-0.004303
