-0.039734
-0.036621
-0.032654
-0.026215
-0.021423
-0.016083
-0.0093689
-0.0040283
0.00091553
0.0064697
0.01059
0.013092
0.016113
0.01712
0.016266
0.015991
0.014648
0.011932
0.0089722
0.0068359
0.0027466
-0.0007019
-0.0034485
-0.0057373
-0.0077515
-0.0082703
-0.0075073
-0.0066833
-0.0048218
-0.0023499
-0.00042725
0.0028687
0.006073
0.0071106
0.0086975
0.010895
0.0085754
0.0046082
0.0066833
0.0038147
-0.0007019
-0.0011902
-0.0020447
-0.0036316
0.00012207
0.00042725
-0.0016785
0.0032654
0.005127
0.0045166
0.0089722
0.0096741
0.0067444
0.010773
0.010712
0.0063477
0.0087585
0.0086975
0.0030518
0.0036316
0.0013733
-0.0050964
-0.0049744
-0.0063782
-0.013184
-0.013153
-0.012939
-0.017944
-0.016327
-0.014587
-0.019012
-0.016663
-0.012817
-0.015503
-0.013458
-0.0093384
-0.0112
-0.0083008
-0.0036621
-0.0045776
-0.0015259
0.0020752
0.00015259
0.0013428
0.0059814
0.0039673
0.0036621
-0.0012817
-0.00082397
-0.0024719
0.00027466
0.00030518
-0.0025635
3.0518e-05
0.013092
0.016754
0.018494
0.029144
0.033905
0.041473
0.053406
0.050385
0.043671
0.049347
0.0448
0.032196
0.025482
0.012085
-0.00354
-0.0091858
-0.021362
-0.039398
-0.043793
-0.047333
-0.054932
-0.05484
-0.05365
-0.054749
-0.04657
-0.036713
-0.032959
-0.024841
-0.014496
-0.0067444
0.0020447
0.01004
0.014191
0.017761
0.023651
0.025696
0.024109
0.022766
0.021881
0.016998
0.013123
0.0093384
0.0019836
-0.0019836
-0.0040894
-0.0094604
-0.012177
-0.011597
-0.013489
-0.011475
-0.0066833
-0.0064392
-0.0028687
0.0020447
0.004425
0.0065308
0.0098877
0.0045776
0.0093689
0.0095825
0.0067749
0.0081177
0.0044861
0.00033569
0.0073547
0.0035095
-0.0022888
0.0079651
0.0042114
0.0050354
0.015228
0.0096436
0.0062256
0.017059
0.0097046
0.0022888
0.0065918
0.00048828
-0.017181
-0.0014343
-0.0061035
-0.017609
0.0049133
0.0043945
-0.004303
0.018738
0.0086975
0.00064087
0.016357
-0.00048828
-0.010468
-0.0084229
-0.024292
-0.024994
-0.025543
-0.038513
-0.033356
-0.030548
-0.027618
-0.01712
-0.017487
-0.013947
-0.00039673
-0.0030518
0.0029297
0.0019226
-0.016235
-0.00027466
-0.0097961
-0.01123
-0.004425
-0.0159
-0.0036011
0.018066
0.015991
0.029022
0.046417
0.04715
0.070526
0.080109
0.07431
0.076447
0.076385
0.066986
0.059204
0.041565
0.022888
0.0078735
-0.010895
-0.025604
-0.043762
-0.060974
-0.069092
-0.074921
-0.081451
-0.078156
-0.076965
-0.072021
-0.057526
-0.046875
-0.03598
-0.023041
-0.011871
-0.00021362
0.012878
0.019501
0.024841
0.031921
0.034912
0.038666
0.037567
0.031097
0.027679
0.023895
0.014557
0.0062256
-0.0018616
-0.0075378
-0.010315
-0.016418
-0.019531
-0.019348
-0.02066
-0.015015
-0.012238
-0.025787
-0.005127
-0.00079346
-0.001709
0.007782
0.013824
0.019135
0.032806
0.038177
0.031311
0.039001
0.042938
0.041443
0.028076
0.025146
0.018829
0.0097351
0.0029602
-0.0079651
-0.02356
-0.018738
-0.019287
-0.035767
-0.031921
-0.027344
-0.033447
-0.024048
-0.01474
-0.023254
-0.0099182
0.00036621
-0.005127
0.00018311
0.0050964
-0.0054932
-0.0021057
0.0015259
-0.0066833
-0.011353
-0.011871
-0.018646
-0.026794
-0.031219
-0.035034
-0.058899
-0.09024
-0.055176
-0.042999
-0.036194
-0.011108
0.026276
0.062927
0.11359
0.1398
0.12436
0.14059
0.14999
0.11807
0.078613
0.055756
0.011078
-0.016876
-0.038147
-0.076813
-0.087952
-0.067627
-0.070343
-0.062805
-0.033478
-0.01944
-0.0019836
0.022278
0.019806
0.013641
0.021942
0.010986
-0.012421
-0.022827
-0.034027
-0.047729
-0.045807
-0.047638
-0.049866
-0.029724
-0.01059
-0.0071411
0.0071411
0.024384
0.025421
0.025085
0.02179
0.0063171
-0.00073242
-0.0044556
-0.020294
-0.027344
-0.024475
-0.025482
-0.020691
-0.012573
0.0028687
-0.011841
-0.025116
0.025421
0.032562
0.011536
0.034546
0.049835
0.039124
0.063263
0.056396
0.017883
0.037354
0.034546
-0.0014343
-0.0010681
0.0098572
-0.010468
-0.0065918
-0.0037537
-0.017639
0.0015869
0.01767
-0.0052185
-0.0092773
0.0054626
-0.013031
-0.024384
-0.019653
-0.032776
-0.036682
-0.017212
-0.034637
-0.043732
-0.025299
-0.024811
-0.02475
-0.026276
-0.022339
-0.024048
-0.034668
-0.041107
-0.044617
-0.1207
-0.11304
-0.030304
-0.034149
-0.017578
0.068878
0.12042
0.16568
0.2337
0.20032
0.16293
0.18109
0.1221
0.025146
-0.015564
-0.060608
-0.11334
-0.10898
-0.11731
-0.11346
-0.048981
-0.00067139
0.0059814
0.042908
0.07016
0.0578
0.046875
0.021057
-0.028076
-0.049042
-0.05954
-0.097961
-0.10678
-0.079529
-0.062836
-0.037079
0.0081482
0.030884
0.052582
0.080933
0.077087
0.053497
0.042267
0.015717
-0.027588
-0.047974
-0.065796
-0.082672
-0.072205
-0.05307
-0.041351
-0.0098267
0.024536
0.038727
0.054321
0.063721
0.048615
0.041504
0.0029907
-0.04129
-0.036682
-0.060486
-0.08493
-0.04657
-0.008667
0.019043
0.071899
0.093048
0.092102
0.11389
0.099457
0.044739
0.017792
-0.0039673
-0.03418
-0.039398
-0.040131
-0.039429
-0.011017
0.0038452
-0.0014954
0.014893
0.022308
0.004364
-0.00082397
-0.0066833
-0.014801
-0.015076
-0.044525
-0.079681
-0.070068
-0.053741
-0.086212
-0.11865
-0.092346
-0.10358
-0.1763
-0.090942
-0.0041504
-0.0016479
0.075439
0.15854
0.17844
0.24185
0.27362
0.17123
0.12692
0.11557
0.022766
-0.055298
-0.071625
-0.117
-0.11911
-0.067017
-0.054077
-0.022583
0.056396
0.08548
0.07724
0.08786
0.060577
0.006897
-0.025391
-0.071014
-0.12064
-0.12665
-0.11896
-0.11728
-0.079163
-0.021088
0.015472
0.055511
0.096161
0.096405
0.083893
0.073944
0.025726
-0.021118
-0.047546
-0.081909
-0.10092
-0.089417
-0.076447
-0.057098
-0.011719
0.026031
0.046204
0.066956
0.075989
0.058472
0.044403
0.020935
-0.011017
-0.037384
-0.09198
-0.12222
-0.083649
-0.03418
-0.0097656
0.040436
0.090057
0.12024
0.14954
0.12878
0.07309
0.031097
0.0025635
-0.050964
-0.077057
-0.072388
-0.054413
-0.034241
-0.0084534
0.014557
0.032745
0.057404
0.058075
0.026184
0.0056458
0.016327
-0.00024414
-0.047729
-0.077118
-0.089783
-0.057343
-0.053345
-0.10934
-0.11887
-0.067505
-0.1333
-0.18188
-0.054749
-0.0065308
0.0015564
0.11002
0.17801
0.19608
0.27704
0.25705
0.1355
0.11661
0.083282
-0.020233
-0.075012
-0.083984
-0.12933
-0.10098
-0.037811
-0.029083
0.007843
0.089264
0.096771
0.069611
0.072418
0.030731
-0.032349
-0.059937
-0.10248
-0.15247
-0.13959
-0.11432
-0.10483
-0.060394
0.0011292
0.036804
0.071198
0.10345
0.090363
0.076538
0.064819
0.017517
-0.03949
-0.055084
-0.066895
-0.084381
-0.072266
-0.039917
-0.010895
0.021271
0.049591
0.06369
0.071808
0.069183
0.04248
0.012421
-0.011841
-0.065491
-0.11618
-0.095551
-0.078735
-0.072235
-0.0073547
0.057648
0.08429
0.11877
0.12784
0.092407
0.066711
0.033173
-0.018188
-0.04718
-0.054901
-0.051636
-0.038208
-0.020874
-0.002594
0.019562
0.035522
0.041229
0.037262
0.029297
0.025604
0.008667
-0.0071411
-0.026062
-0.061432
-0.087189
-0.08551
-0.12463
-0.16147
-0.16043
-0.2345
-0.17978
-0.040802
0.012726
0.046906
0.17258
0.25781
0.2916
0.31442
0.23599
0.13873
0.091919
0.030762
-0.070618
-0.12402
-0.13773
-0.12201
-0.077148
-0.036713
0.011475
0.075623
0.11343
0.10428
0.08374
0.038483
-0.011841
-0.059082
-0.11038
-0.14978
-0.1517
-0.14124
-0.1142
-0.063629
-0.018341
0.026825
0.072845
0.10034
0.093781
0.08313
0.0625
0.02652
-0.01181
-0.047607
-0.075775
-0.084991
-0.077148
-0.062378
-0.032104
0.0063477
0.043945
0.068817
0.064728
0.035339
0.033997
0.018677
-0.017883
-0.033417
-0.013
-0.0029907
0.0078735
0.02182
0.026306
0.039032
0.049103
0.031281
0.0080872
0.0023499
-0.0016479
-0.0026855
-0.0058289
-0.012665
-0.013458
-0.012878
-0.026489
-0.027924
-0.027435
-0.032349
-0.023376
-0.012787
-0.016479
0.0090637
0.041687
0.035889
0.016205
0.013519
-0.035095
-0.086823
-0.21344
-0.2767
-0.19864
-0.12393
-0.092743
0.0020447
0.13016
0.24188
0.33603
0.3353
0.25122
0.20087
0.15366
0.06076
-0.039001
-0.11002
-0.15637
-0.13248
-0.097412
-0.078278
-0.03476
0.041992
0.082001
0.096039
0.094116
0.055389
0.012848
-0.012756
-0.049652
-0.1076
-0.13715
-0.13568
-0.12497
-0.1041
-0.068054
-0.030579
0.0056458
0.053314
0.074829
0.062439
0.063812
0.063965
0.030945
-0.00042725
-0.035553
-0.066864
-0.068359
-0.058105
-0.060059
-0.046265
-0.016205
0.019165
0.054779
0.077301
0.082123
0.080872
0.075775
0.06369
0.049927
0.023041
-0.0079041
-0.014313
-0.0088806
-0.015076
-0.023193
-0.019196
-0.011902
-0.0058899
-0.0073853
-0.01532
-0.011963
-9.1553e-05
-0.0073853
-0.024414
-0.028351
-0.031281
-0.039368
-0.04071
-0.046661
-0.042206
-0.015564
-0.00076294
0.062714
0.0055847
-0.18698
-0.159
-0.073883
-0.096039
-0.080566
-0.041779
-0.036774
0.10883
0.29456
0.24664
0.1814
0.20676
0.18951
0.13989
0.11734
0.009491
-0.087921
-0.063293
-0.056732
-0.099548
-0.072693
-0.042694
-0.044037
0.010803
0.045349
-0.0014343
-0.017792
0.0010376
-0.020966
-0.041473
-0.044006
-0.08371
-0.096649
-0.05954
-0.049255
-0.062744
-0.038208
-0.014709
-0.0016174
0.030457
0.045929
0.03067
0.044952
0.06778
0.040436
0.014069
0.0098267
-0.0095825
-0.023987
-0.020111
-0.036011
-0.042023
-0.01239
0.0088806
0.008728
0.023224
0.030487
0.030884
0.038971
0.022736
-0.0044861
-0.0045166
0.0021973
-0.010498
-0.018097
-0.02063
-0.020355
-0.015839
-0.0050964
-0.0042725
-0.01123
3.0518e-05
0.020721
0.028534
0.047211
0.040283
-0.046448
-0.090576
-0.084747
-0.10065
-0.10666
-0.097473
-0.085968
-0.032532
0.061401
0.10889
0.12134
0.13586
0.13254
0.11374
0.10507
0.078979
0.038757
0.017548
0.0092773
0.00024414
0.0051575
0.0075684
-0.0011597
-0.006073
-0.0012512
-0.0097046
-0.030426
-0.046539
-0.059174
-0.064362
-0.059052
-0.051178
-0.042847
-0.029877
-0.014709
-0.0068359
-0.012512
-0.014465
-0.011505
-0.0093384
-0.0090637
-0.0072327
0.0011597
0.0091858
0.017059
0.016785
0.016327
0.020508
0.021423
0.0054626
-0.011871
-0.0090027
-0.010315
-0.0064087
0.0019226
-0.0067749
-0.0065918
0.0085754
0.012482
0.004303
0.0084534
-0.006958
-0.010895
-0.0036316
-0.0041199
-0.0072632
-0.0041809
0.0016479
-0.0010376
0.0055847
0.0033264
-0.0046387
-0.003479
-0.0036011
-0.010254
-0.010712
-0.0099487
-0.0072021
-0.0044861
0.0067749
0.014679
0.011841
0.022552
0.023895
0.020996
0.022125
0.016846
0.0079956
0.0066833
0.0072937
0.0068359
0.016571
0.015747
0.011108
0.016235
0.023651
0.020844
0.018921
0.014435
-0.00042725
0.0033875
-0.0030212
-0.025543
-0.028534
-0.022125
-0.031677
-0.040253
-0.039703
-0.025574
-0.012573
-0.0097351
-0.0099182
-0.0072632
-0.002655
-0.0071716
-0.00079346
-0.010101
-0.013245
-0.0091248
-0.013611
-0.0096436
0.0028381
0.0020447
-0.0012817
0.010071
0.011841
0.027496
0.028046
0.013702
0.017731
0.018677
0.01825
