-0.012543
-0.012665
-0.011292
-0.0085144
-0.0061035
-0.0022278
0.0032349
0.0080872
0.012634
0.017731
0.021271
0.024292
0.026642
0.026917
0.026337
0.024506
0.020111
0.014648
0.0099487
0.0040588
-0.002655
-0.0084839
-0.014099
-0.018951
-0.021759
-0.023865
-0.024536
-0.023621
-0.021729
-0.018799
-0.015839
-0.012665
-0.0086365
-0.0045471
-0.0013733
0.00177
0.0043945
0.0056763
0.0067139
0.007782
0.0075989
0.0060425
0.0042114
0.001709
-0.0016479
-0.0037231
-0.0044556
-0.0063782
-0.0072021
-0.0052185
-0.003479
-0.0013733
0.0028076
0.0063782
0.0090637
0.01358
0.016571
0.017609
0.019379
0.020355
0.018524
0.016205
0.013947
0.0092468
0.0039978
0.00076294
-0.0039062
-0.0098267
-0.013
-0.015381
-0.019104
-0.01886
-0.018372
-0.019592
-0.018005
-0.01474
-0.013245
-0.010529
-0.0063477
-0.0052795
-0.0013123
0.00057983
0.0015869
0.0011902
0.00030518
-0.0022278
-0.0044861
-0.010071
-0.014771
-0.015289
-0.0224
-0.019531
-0.01889
-0.018494
-0.01236
0.0022278
0.0065308
0.018616
0.036041
0.042542
0.05368
0.066559
0.069275
0.066193
0.07193
0.061096
0.050323
0.042572
0.027344
0.0062866
-0.0057373
-0.020233
-0.038483
-0.048187
-0.056335
-0.065369
-0.068359
-0.063873
-0.06192
-0.056915
-0.047211
-0.037201
-0.028412
-0.015289
-0.0038147
0.0040588
0.01355
0.022339
0.026337
0.029388
0.03244
0.030304
0.027466
0.025696
0.019928
0.01123
0.0056152
0
-0.0082092
-0.01297
-0.016296
-0.020447
-0.021942
-0.020355
-0.019135
-0.016571
-0.011017
-0.0065613
-0.0015869
0.0047607
0.010254
0.013977
0.01712
0.019867
0.019958
0.019073
0.016693
0.012543
0.0087585
0.0047607
0.00085449
-0.0027466
-0.0054016
-0.0074463
-0.0072632
-0.0069275
-0.0045166
-0.00177
0.00027466
0.0040588
0.0092163
0.012177
0.014465
0.017517
0.017487
0.016846
0.015961
0.013306
0.0085449
0.0054016
0.00033569
-0.0052185
-0.0090332
-0.012421
-0.016937
-0.02002
-0.020477
-0.022308
-0.023254
-0.021698
-0.020721
-0.021057
-0.017487
-0.015015
-0.014069
-0.0094604
-0.005188
-0.0041504
-0.0019226
0.0028687
0.0039978
0.0054932
0.0084534
0.0067749
0.004364
0.0050354
0.0031433
-0.0042114
-0.0058899
-0.0061951
-0.014404
-0.012085
-0.0091858
-0.011414
-0.0065613
0.0071716
0.0097351
0.018677
0.03537
0.040039
0.046844
0.060059
0.062622
0.055695
0.061157
0.05484
0.042114
0.034698
0.025391
0.0037537
-0.0112
-0.023529
-0.041016
-0.054718
-0.062866
-0.071259
-0.074707
-0.069885
-0.065582
-0.057465
-0.045166
-0.030975
-0.01651
0.00024414
0.012085
0.022125
0.031036
0.034973
0.035461
0.035919
0.02951
0.02063
0.014648
0.0047913
-0.006012
-0.013885
-0.01947
-0.024384
-0.023224
-0.019958
-0.016968
-0.010284
-0.00177
0.0030212
0.0070801
0.010864
0.01001
0.010101
0.009613
0.0086365
0.0082397
0.010162
0.012665
0.01651
0.019989
0.022736
0.025269
0.02713
0.026276
0.022949
0.018066
0.010803
0.0038757
-0.0027161
-0.01059
-0.016571
-0.018707
-0.021362
-0.023163
-0.021179
-0.021271
-0.016968
-0.011597
-0.011444
-0.011932
-0.0028381
-0.0043945
-0.0086975
-0.0014954
0.00018311
-0.004364
0.0024414
0.00064087
-0.011353
-0.0018311
-0.0046387
-0.014557
-0.010345
-0.015839
-0.031067
-0.021149
-0.030701
-0.10458
-0.084106
-0.034424
-0.041748
-0.029175
0.037476
0.053345
0.087158
0.17499
0.16672
0.12201
0.13266
0.12741
0.063843
0.040314
-0.0082703
-0.074249
-0.07605
-0.059509
-0.086456
-0.083466
-0.041656
-0.026428
0.0049744
0.039337
0.030121
0.017548
0.037598
0.025726
-0.010864
-0.030121
-0.051422
-0.073669
-0.071045
-0.066101
-0.074066
-0.053802
-0.020233
0.0013428
0.020294
0.038879
0.040619
0.043121
0.046478
0.026703
-0.0037231
-0.019043
-0.026581
-0.037628
-0.042725
-0.03949
-0.030334
-0.011871
0.012024
0.018341
0.0075378
0.014862
0.028229
0.029968
0.026245
0.02533
0.025146
0.03363
0.04303
0.033691
0.019562
0.012451
0.010651
0.0033569
-0.002594
-0.0097046
-0.006073
0.0054016
0.006073
0.006958
0.011658
0.011169
0.0064087
0.0014648
-0.011749
-0.028015
-0.028931
-0.029999
-0.033203
-0.030731
-0.022186
-0.014221
-0.0041809
-0.0010376
-0.007782
-0.0079041
-0.0077209
-0.0050049
-0.011749
-0.013916
-0.016174
-0.027191
-0.018768
-0.018585
-0.1409
-0.15277
-0.044006
-0.033844
-0.037903
0.05484
0.10101
0.12222
0.23636
0.23029
0.13266
0.11505
0.11694
0.024689
-0.031372
-0.067352
-0.13174
-0.12027
-0.064331
-0.052551
-0.041046
0.024963
0.06134
0.078766
0.083649
0.053253
0.0067139
-0.011383
-0.032349
-0.082001
-0.11349
-0.11465
-0.097473
-0.074036
-0.038788
-0.010193
0.020844
0.059021
0.083832
0.078491
0.05896
0.039978
0.015045
-0.016602
-0.052521
-0.080078
-0.084412
-0.072266
-0.053833
-0.030975
-0.0083618
0.019775
0.052795
0.057526
0.042267
0.034546
0.023071
0.006073
-0.0023499
-0.015259
-0.028931
-0.011047
0.010498
0.015717
0.023895
0.037476
0.045868
0.046234
0.03598
0.023315
0.020386
0.014679
0.002655
-0.0037842
-0.0080872
-0.015289
-0.016174
-0.023224
-0.029053
-0.02005
-0.017914
-0.022125
-0.008728
0.0035706
-0.00024414
0.0007019
3.0518e-05
-0.010834
-0.025726
-0.028656
-0.02243
-0.019073
-0.036804
-0.052368
-0.063507
-0.18085
-0.17661
-0.053589
-0.041199
-0.042877
0.067871
0.14355
0.17752
0.27451
0.25137
0.14816
0.11905
0.10544
0.013092
-0.053162
-0.1001
-0.13971
-0.10779
-0.063171
-0.037109
0.0018311
0.058075
0.087158
0.10748
0.088348
0.031342
-0.014038
-0.043762
-0.083557
-0.11847
-0.13312
-0.13394
-0.098328
-0.045471
-0.0098877
0.018799
0.062683
0.089081
0.085236
0.070526
0.042145
0.0025024
-0.024719
-0.043976
-0.073273
-0.089142
-0.068481
-0.042816
-0.026459
0.0013733
0.032257
0.043427
0.048248
0.043732
0.021057
0.001709
-0.012878
-0.030029
-0.032379
-0.017151
-0.0084839
0.010864
0.039459
0.050537
0.051605
0.055786
0.041382
0.019318
0.011658
0.00054932
-0.0112
-0.013336
-0.011993
-0.015198
-0.0047913
-0.004425
-0.012085
-0.0085449
-0.0038452
0.0015564
3.0518e-05
0.0027466
0.0056458
0.0089417
0.0054016
-0.0072937
-0.017517
-0.024017
-0.022675
-0.030792
-0.068268
-0.080414
-0.19034
-0.24161
-0.10873
-0.05484
-0.057648
0.051727
0.15823
0.19675
0.30798
0.30774
0.17862
0.13409
0.11755
0.0079651
-0.073914
-0.10843
-0.16888
-0.14148
-0.064178
-0.033936
-0.010345
0.065674
0.099548
0.10806
0.10123
0.044281
-0.020721
-0.045166
-0.077026
-0.13052
-0.14575
-0.12943
-0.10263
-0.058502
-0.014374
0.011658
0.051117
0.088257
0.090759
0.073822
0.061371
0.039001
0.0062866
-0.027313
-0.059998
-0.07666
-0.070099
-0.054535
-0.041412
-0.019714
0.011719
0.028809
0.034058
0.035431
0.025879
0.010132
0.0058289
-0.0013428
-0.007019
0.0028381
0.0079041
0.01236
0.024475
0.034454
0.030853
0.028687
0.024902
0.011353
0.0021667
0.0038147
0.00012207
-0.010498
-0.010864
-0.0088501
-0.017242
-0.02179
-0.023315
-0.02829
-0.026459
-0.010498
-0.0010986
-0.00073242
0.015991
0.036133
0.018524
0.011047
0.017517
-0.020721
-0.071869
-0.11526
-0.28925
-0.28659
-0.11771
-0.097961
-0.069702
0.10278
0.19235
0.26224
0.41046
0.34787
0.18475
0.16104
0.11514
-0.034668
-0.10361
-0.15891
-0.22858
-0.15628
-0.057861
-0.036072
0.013214
0.11224
0.1344
0.1369
0.12494
0.043213
-0.041473
-0.064972
-0.10635
-0.17276
-0.189
-0.16382
-0.12473
-0.055054
0.018646
0.057892
0.094208
0.12512
0.11606
0.079712
0.037903
-0.0061035
-0.042328
-0.069489
-0.089264
-0.093567
-0.078766
-0.042328
-0.0019836
0.020233
0.038849
0.065155
0.047546
0.0027161
-0.00073242
-0.00027466
-0.017914
-0.0035706
0.014221
0.010712
0.038696
0.072357
0.054657
0.036804
0.034424
0.019012
0.006073
-0.0020447
-0.015015
-0.015045
-0.00024414
-0.0015259
-0.011444
-0.013397
-0.013275
-0.028137
-0.047699
-0.053772
-0.040131
-0.030914
-0.020081
-0.0032349
-0.0090637
0.0025635
0.040863
0.030945
-0.028595
-0.077576
-0.24817
-0.26041
-0.10489
-0.082458
-0.085114
0.062927
0.16534
0.24753
0.39328
0.34341
0.18359
0.1535
0.12598
-0.011047
-0.09668
-0.15454
-0.21927
-0.15836
-0.065033
-0.041168
-0.00073242
0.10248
0.13913
0.14273
0.13007
0.056702
-0.031616
-0.060608
-0.094452
-0.16132
-0.18112
-0.15283
-0.12094
-0.067352
-0.0066833
0.031281
0.070374
0.10489
0.098572
0.071625
0.045105
0.0062256
-0.039856
-0.071075
-0.092468
-0.098938
-0.078247
-0.043457
-0.01358
0.011414
0.030914
0.047943
0.059326
0.055511
0.042419
0.027191
0.021667
0.020721
0.023224
0.02475
0.017883
0.018921
0.026947
0.03241
0.025909
0.022217
0.01651
0.0089417
0.0066833
0.0020752
-0.0020752
-0.0085144
-0.017151
-0.026917
-0.027954
-0.037628
-0.054871
-0.061005
-0.050232
-0.035889
-0.029327
-0.019989
-0.020477
0.0061035
0.039276
0.021698
-0.078766
-0.24835
-0.21127
-0.11154
-0.10822
-0.064331
0.043518
0.093048
0.23776
0.38562
0.31143
0.20209
0.19223
0.13446
0.031342
-0.028107
-0.12439
-0.19772
-0.14215
-0.081085
-0.070312
-0.019012
0.055695
0.081787
0.11734
0.11911
0.047943
-0.016937
-0.025269
-0.061279
-0.11981
-0.13855
-0.13489
-0.12534
-0.075378
-0.028595
-0.007843
0.036987
0.088074
0.095795
0.08194
0.06958
0.036438
-0.0011902
-0.026276
-0.064484
-0.098663
-0.096283
-0.080109
-0.074646
-0.050446
-0.011169
0.017853
0.053192
0.085449
0.082062
0.071716
0.070465
0.05661
0.03479
0.016907
-0.011505
-0.024536
-0.011993
-0.0056152
-0.0066528
0.0069275
0.025208
0.028046
0.036072
0.037506
0.016602
0.0016785
-0.0092773
-0.03421
-0.046356
-0.053009
-0.065247
-0.065552
-0.04834
-0.033905
-0.023071
0.0028992
0.027863
0.050537
0.079498
-0.1167
-0.25449
-0.14465
-0.13605
-0.1846
-0.052917
-0.0028381
0.019592
0.25293
0.37936
0.25992
0.23233
0.24973
0.14795
0.076996
0.035522
-0.11826
-0.18985
-0.12793
-0.10614
-0.12119
-0.049591
0.0089111
0.044769
0.10696
0.11777
0.04187
0.0089722
0.013245
-0.033997
-0.094727
-0.10599
-0.12314
-0.12909
-0.0784
-0.040039
-0.035492
0.0090637
0.053192
0.054047
0.065674
0.081848
0.048767
0.018768
0.015839
-0.025024
-0.070587
-0.063324
-0.066559
-0.08075
-0.053284
-0.024689
-0.0098267
0.035889
0.078003
0.082336
0.08316
0.078918
0.049103
0.029205
0.017609
-0.0083008
-0.027649
-0.025299
-0.029816
-0.028046
-0.0033875
0.0041809
-0.0035706
0.0039062
0.016876
0.015045
0.0052795
-0.0034485
-0.0076294
-0.0159
-0.031403
-0.044342
-0.050812
-0.046143
-0.028778
-0.020142
-0.0018005
0.077637
0.0466
-0.10654
-0.10837
-0.071533
-0.12131
-0.093567
-0.039734
-0.070709
0.0046692
0.17542
0.20374
0.16733
0.189
0.17685
0.14191
0.14423
0.088379
-0.01532
-0.056091
-0.055939
-0.070679
-0.071442
-0.065155
-0.063507
-0.034363
0.0071106
0.011139
-0.012146
-0.01004
-0.0081787
-0.034302
-0.047852
-0.046478
-0.065979
-0.068817
-0.041016
-0.025085
-0.020721
-0.0010681
0.01709
0.019562
0.02417
0.019348
0.0050049
0.010162
0.015686
-0.00018311
-0.0076904
-0.0025635
-0.0015259
0.00073242
0.0039978
-0.0066528
-0.012878
0.00039673
0.015533
0.019348
0.025726
0.03006
0.026215
0.02771
0.023834
0.01123
0.0030212
-0.0018311
-0.014252
-0.020721
-0.021301
-0.031952
-0.035126
-0.02301
-0.013
-0.0075684
-0.0066528
-0.00030518
0.021515
0.017578
-0.005249
-0.012939
-0.010162
-0.0099792
0.0015259
0.010773
-0.026306
-0.042572
-0.022552
-0.024689
-0.037659
-0.032928
-0.033112
-0.02713
0.01474
0.048431
0.058777
0.068665
0.080566
0.078156
0.073303
0.063019
0.048065
0.026672
0.013916
0.014984
0.011566
0.0048523
0.0059814
0.0024414
-0.0078735
-0.013702
-0.023285
-0.036377
-0.037048
-0.031464
-0.036194
-0.043671
-0.037018
-0.031616
-0.029724
-0.024109
-0.01947
-0.022614
-0.020233
-0.011963
-0.0054626
0.0060425
0.022003
0.020294
0.0078735
0.012329
0.02301
0.017151
0.0082397
0.0053101
0.00079346
0.0056152
0.013184
0.002655
-0.008667
-0.0055237
-0.0054321
-0.017151
-0.016144
-0.0072937
-0.0026245
0.0027466
0.012299
0.0089722
0.00033569
0.013428
0.017639
0.00033569
-0.013519
-0.015106
-0.023895
-0.02301
-0.012787
-0.014465
-0.01535
0.00073242
0.018494
0.016388
0.017731
0.019806
0.015381
0.0079956
0.0095215
-0.014282
-0.036926
-0.013824
-0.00354
-0.0080261
0.0010071
0.0084839
0.0049744
0.02005
0.037811
0.028503
0.012756
0.013123
0.02002
0.017883
0.012054
0.00177
-0.0038757
-0.0036926
0.00354
0.0055542
-0.00024414
-0.0044556
0.00088501
0.0026855
-0.0037842
-0.0067139
-0.017181
-0.018188
-0.008667
-0.011902
-0.021393
-0.012604
-0.010101
