0.00079346
-0.0085144
-0.01825
-0.026672
-0.033844
-0.036713
-0.040527
-0.040497
-0.038605
-0.035614
-0.033417
-0.02832
-0.022766
-0.017792
-0.012115
-0.0072327
-0.0031738
0.00079346
0.0058594
0.0083008
0.0097046
0.010834
0.012085
0.010773
0.0097656
0.008667
0.0054932
0.0014954
-0.00015259
-0.0016174
-0.0044556
-0.006134
-0.007019
-0.0079651
-0.0076599
-0.0058899
-0.0047607
-0.0032043
-0.00045776
0.0026245
0.0046082
0.0072632
0.0098572
0.011475
0.011871
0.013824
0.014374
0.011749
0.012451
0.011627
0.0081482
0.0061951
0.010712
0.00067139
0.00064087
0.0077515
0.004303
0.0028687
0.0099182
0.0079346
0.0014954
0.0048218
0.0007019
-0.0078735
-0.011414
-0.01239
-0.020477
-0.01947
-0.016479
-0.017029
-0.01358
-0.0055542
-0.0013428
0.002655
0.0082397
0.0112
0.010742
0.010376
0.0057373
0.0021057
-0.0016174
-0.0077209
-0.014313
-0.016235
-0.01535
-0.016113
-0.017426
-0.017029
-0.017151
-0.015167
-0.01062
-0.011047
-0.030762
-0.042877
-0.023956
-0.016052
-0.016449
-0.0076904
0.011292
0.023315
0.061462
0.087921
0.081665
0.074951
0.08902
0.088562
0.069183
0.049316
0.014435
-0.011017
-0.018646
-0.025604
-0.050812
-0.061401
-0.058319
-0.04657
-0.031891
-0.021332
-0.021698
-0.012207
0.0078735
0.014038
0.0079346
-0.00024414
-0.0065918
-0.011627
-0.010712
-0.019684
-0.033508
-0.03363
-0.022339
-0.015198
-0.009491
-0.0048523
-0.0011597
0.0098877
0.020874
0.018066
0.0090942
0.0063171
0.0055237
0.0023193
-0.0048218
-0.014984
-0.019043
-0.015106
-0.01062
-0.0089722
-0.0094299
-0.0096436
0.0071106
0.02121
0.019592
0.01889
0.031403
0.03653
0.037842
0.038055
0.026093
0.016663
0.017975
0.01239
-0.0031433
-0.0097351
-0.012482
-0.011566
-0.0086975
-0.0067444
-0.0072937
-0.0029602
0.0020142
0.0038757
0.0018616
-0.00054932
-0.0048218
-0.011475
-0.014618
-0.014404
-0.016357
-0.019775
-0.011658
-0.011169
-0.011536
-0.0059814
-0.010498
-0.022522
-0.013306
-0.0065002
-0.023041
-0.027405
-0.018433
-0.02243
-0.023132
-0.0061646
-0.078583
-0.088013
-0.010284
0.00177
-0.018158
0.032349
0.074432
0.087372
0.1557
0.1546
0.098816
0.083557
0.09375
0.039978
-0.0007019
-0.032349
-0.079071
-0.069305
-0.040192
-0.046875
-0.051178
-0.0065613
0.014679
0.033447
0.042206
0.022369
-0.00088501
0.0085754
-0.0031128
-0.044861
-0.063507
-0.065704
-0.06427
-0.049652
-0.033813
-0.032928
-0.0089722
0.027832
0.042358
0.037842
0.038269
0.030518
0.020233
0.010193
-0.018372
-0.046967
-0.049469
-0.042328
-0.042664
-0.034546
-0.020905
-0.0040894
0.020477
0.030701
0.015594
0.012909
0.015686
0.0080872
0.0010376
-0.004425
-0.0091248
0.0050964
0.02478
0.028107
0.029999
0.037323
0.043427
0.041016
0.035034
0.022095
0.016418
0.014191
0.0086365
0.00033569
-0.0021973
0.00048828
-0.0015869
-0.0067139
-0.017944
-0.020569
-0.023041
-0.026703
-0.029968
-0.02655
-0.019287
-0.0077209
-0.014008
-0.021851
-0.017975
-0.01535
-0.02301
-0.029114
-0.035431
-0.036255
-0.043945
-0.0354
-0.076599
-0.15503
-0.071686
-0.0021362
-0.0091248
0.021576
0.10455
0.12738
0.1825
0.22897
0.15152
0.095459
0.096741
0.058868
-0.0224
-0.051056
-0.10187
-0.11102
-0.060364
-0.028748
-0.032227
0.0098267
0.06192
0.068542
0.075439
0.050842
0.0030518
-0.024963
-0.030426
-0.074493
-0.11157
-0.10828
-0.089813
-0.064484
-0.028687
-0.0046387
0.013824
0.053223
0.076691
0.06424
0.041504
0.023987
0.0016785
-0.016205
-0.038513
-0.064056
-0.068115
-0.049133
-0.031006
-0.019775
-0.00048828
0.023865
0.042633
0.04422
0.029114
0.0084229
0.0011292
-0.006134
-0.021576
-0.030914
-0.030151
-0.015686
0.011566
0.032837
0.036102
0.033905
0.048248
0.058563
0.040405
0.021118
0.01828
0.012695
0.0059204
0.0044861
-0.0072937
-0.012177
-0.0072937
-0.010071
-0.014862
-0.013123
-0.01474
-0.011169
-0.0023499
-0.0027466
-0.009491
-0.0043335
-0.0023193
-0.018463
-0.031586
-0.0336
-0.0513
-0.0672
-0.067261
-0.080933
-0.15073
-0.19455
-0.093536
-0.025787
-0.0079956
0.060883
0.14584
0.18802
0.25522
0.27267
0.17734
0.11887
0.096039
0.026428
-0.060181
-0.10117
-0.14157
-0.13022
-0.063416
-0.027496
-0.0089111
0.048309
0.097351
0.10178
0.096802
0.053619
-0.0098267
-0.048859
-0.070374
-0.11691
-0.1481
-0.13617
-0.1059
-0.06015
-0.0055847
0.029968
0.059052
0.095459
0.10785
0.084015
0.051666
0.020477
-0.021912
-0.052124
-0.076263
-0.096069
-0.088776
-0.059357
-0.033539
-0.010315
0.019745
0.045319
0.057892
0.067413
0.045776
-0.026245
-0.037903
-0.029297
-0.043182
-0.036713
-0.015808
-0.00177
0.057159
0.10986
0.090271
0.071777
0.070862
0.046204
0.012085
-0.005127
-0.03894
-0.049805
-0.030457
-0.023315
-0.029266
-0.013672
-0.0065002
-0.0061646
-0.0036621
-0.0064087
-0.010345
-0.0079346
-0.0073242
-0.0052795
-0.0014954
0.00082397
-0.0076904
-0.035034
-0.058289
-0.080994
-0.1312
-0.21771
-0.19757
-0.09848
-0.054779
0.0059814
0.11282
0.18613
0.25037
0.32443
0.28177
0.18033
0.13254
0.073975
-0.031525
-0.10367
-0.15155
-0.18539
-0.13623
-0.059326
-0.014923
0.027985
0.099609
0.13589
0.13663
0.11072
0.045502
-0.027191
-0.070496
-0.11041
-0.16425
-0.18503
-0.16257
-0.11539
-0.054352
0.0053711
0.041534
0.078674
0.11734
0.12207
0.088715
0.04657
0.001709
-0.0383
-0.065002
-0.093018
-0.10822
-0.087494
-0.044495
-0.007019
0.024078
0.048309
0.060577
0.058105
0.046906
0.036774
0.016052
-0.0047302
-0.010406
-0.0036316
0.0078125
0.021851
0.028809
0.02951
0.032257
0.032227
0.023315
0.0098572
-0.00177
-0.0054016
-0.0079956
-0.0095215
-0.016266
-0.022736
-0.024963
-0.024231
-0.03183
-0.044922
-0.04306
-0.032806
-0.026459
-0.012085
0.0045776
0.016205
0.041962
0.046631
-0.0093079
-0.047577
-0.11761
-0.27036
-0.22556
-0.12405
-0.13034
-0.066406
0.10828
0.18307
0.27362
0.39136
0.328
0.21628
0.20096
0.13373
-0.024139
-0.10992
-0.1774
-0.22794
-0.17325
-0.088074
-0.054443
0.0062866
0.11285
0.15805
0.16098
0.13986
0.071289
-0.016998
-0.055603
-0.10391
-0.18933
-0.21948
-0.18558
-0.15054
-0.097839
-0.019257
0.033844
0.079926
0.13605
0.14548
0.10913
0.080048
0.03775
-0.021973
-0.061066
-0.091888
-0.12213
-0.11069
-0.071655
-0.050262
-0.0048523
0.0074463
-0.025818
0.03772
0.11292
0.079956
0.07309
0.10739
0.076111
0.067413
0.08551
0.0045166
-0.059418
-0.031372
-0.027191
-0.054688
-0.025299
-0.0013733
0.011719
0.040131
0.044189
0.022125
0.014832
0.0037842
-0.030853
-0.061737
-0.085724
-0.097443
-0.095703
-0.083252
-0.053833
-0.037415
0.011353
0.032715
-0.019318
-0.16245
-0.20016
-0.10074
-0.07901
-0.092346
-0.014923
0.077545
0.1806
0.32712
0.34995
0.25388
0.21994
0.21896
0.13718
0.025269
-0.077545
-0.17514
-0.18933
-0.14157
-0.11719
-0.09906
-0.027374
0.055817
0.10861
0.13779
0.11871
0.061432
0.021423
0.0022583
-0.062958
-0.14801
-0.18591
-0.18552
-0.1687
-0.12363
-0.074493
-0.030243
0.045898
0.12643
0.15509
0.14151
0.12302
0.08728
0.034302
-0.02359
-0.088226
-0.14389
-0.15591
-0.13339
-0.11423
-0.06897
-0.00015259
0.058563
0.10635
0.14639
0.14017
0.11279
0.095978
0.056702
-0.0037537
-0.036194
-0.049133
-0.057404
-0.046936
-0.028656
-0.018463
0.0014343
0.024506
0.038605
0.041992
0.041046
0.026733
0.012085
-0.00027466
-0.026794
-0.051636
-0.06012
-0.071838
-0.070007
-0.057159
-0.077118
-0.23743
-0.3118
-0.15387
-0.080658
-0.084625
0.033997
0.13574
0.18115
0.34387
0.41599
0.27353
0.18839
0.1937
0.10974
0.012115
-0.048492
-0.15228
-0.20047
-0.11984
-0.059723
-0.065765
-0.032104
0.036255
0.07135
0.096466
0.090515
0.029358
-0.022491
-0.015808
-0.039185
-0.11398
-0.1474
-0.14539
-0.14285
-0.10178
-0.052338
-0.03717
0.0034485
0.075867
0.10474
0.10001
0.10184
0.079468
0.035767
-0.0038147
-0.0672
-0.12015
-0.10794
-0.074829
-0.062683
-0.025818
0.031311
0.077515
0.117
0.13229
0.096649
0.057648
0.045166
0.02417
-0.010284
-0.029968
-0.040314
-0.038879
-0.023468
-0.012817
-0.020752
-0.019836
-0.011292
-0.011749
-0.014374
-0.01123
-0.015717
-0.019775
-0.014404
-0.0073242
-0.0063782
-0.0112
0.0029297
0.0082703
-0.19946
-0.31183
-0.18442
-0.15027
-0.18188
-0.027039
0.070801
0.10754
0.31824
0.44931
0.32336
0.2562
0.27863
0.18317
0.078522
0.033783
-0.088135
-0.19266
-0.15656
-0.10605
-0.13254
-0.11261
-0.044006
-0.0025024
0.03891
0.084595
0.05304
-0.00067139
0.014252
0.0074158
-0.066254
-0.10681
-0.11816
-0.14432
-0.13843
-0.088898
-0.076019
-0.060944
0.00079346
0.040924
0.052399
0.081512
0.084442
0.059113
0.056549
0.055328
0.021912
0.0016479
0.0072632
0.0052185
-0.0012512
0.0027161
-0.0041809
-0.0060425
0.011169
0.023773
0.027008
0.031982
0.037476
0.037994
0.028961
0.015137
-0.0031433
-0.021973
-0.040649
-0.050934
-0.054565
-0.056732
-0.050446
-0.040894
-0.03009
-0.014313
-0.0037537
-0.00027466
0.01178
0.02121
0.026581
0.043457
-0.025543
-0.14899
-0.18002
-0.14908
-0.15121
-0.10895
-0.040344
-0.006012
0.08017
0.22061
0.26764
0.23654
0.21991
0.2056
0.16275
0.12515
0.0802
0.004364
-0.04599
-0.042542
-0.035675
-0.049103
-0.055634
-0.049561
-0.047974
-0.04306
-0.034363
-0.041534
-0.061096
-0.058197
-0.052063
-0.062775
-0.071472
-0.068298
-0.070007
-0.068756
-0.050659
-0.033722
-0.025665
-0.011139
0.012604
0.027802
0.032898
0.03717
0.042511
0.045685
0.04892
0.042999
0.028046
0.02533
0.028107
0.015259
-0.0045166
-0.011597
-0.012329
-0.010254
0.00024414
0.006897
0.0027466
0.01123
0.021881
0.013428
0.0069275
0.01236
0.0038452
-0.019409
-0.03064
-0.03186
-0.033875
-0.037872
-0.034973
-0.037109
-0.032501
-0.018036
-0.0069275
0
0.019562
0.032959
0.0073853
-0.013458
-0.014801
-0.022614
-0.033997
-0.032135
-0.032928
-0.028687
-0.0044556
0.025635
0.041595
0.052338
0.068176
0.087219
0.098328
0.1008
0.094391
0.081909
0.067566
0.052673
0.031219
0.0061646
-0.018433
-0.027222
-0.0336
-0.045868
-0.058624
-0.056763
-0.048462
-0.044556
-0.042053
-0.038452
-0.037476
-0.033691
-0.029724
-0.029999
-0.032379
-0.030731
-0.028229
-0.02417
-0.016632
-0.0069275
-0.0047913
-0.0019836
0.012695
0.023682
0.028015
0.032837
0.02887
0.01532
0.017944
0.021881
0.010223
0.0047302
-0.005188
-0.018829
-0.0068359
0.012909
0.0056763
-0.0036621
-0.0049438
-0.0046387
0.00030518
0.00036621
-0.0050964
-0.0035095
-0.0019836
-0.0088196
-0.0076904
-0.0014343
0.0019531
0.0064392
0.00048828
-0.014923
-0.011536
-0.010986
-0.019135
-0.010712
-0.0039673
0.0059509
0.012604
0.02063
0.014252
0.011047
0.016998
0.0074463
0.0034485
0.010651
0.010712
0.011047
0.016266
0.013763
0.010437
0.021179
0.023987
0.02179
0.025513
0.017914
0.0090027
0.015778
0.015839
0.00064087
-0.009613
-0.015839
-0.02655
-0.033264
-0.032257
-0.035065
-0.031158
-0.020599
-0.013184
-0.013367
-0.015808
-0.012115
-0.0027771
-0.00039673
-0.0040283
0.0010681
0.0054932
0.0065308
0.012543
0.012695
-0.0016785
0.00042725
0.010864
0.0045776
0.0044861
0.014343
0.015259
