-0.04129
-0.039185
-0.031372
-0.020782
-0.011414
-0.0036926
0.00024414
0.00033569
3.0518e-05
-0.00064087
-0.0037231
-0.0090332
-0.01593
-0.021942
-0.02417
-0.023102
-0.019531
-0.014313
-0.0088806
-0.0030823
0.0045776
0.012482
0.018066
0.020782
0.019775
0.016174
0.011047
0.0050354
-0.0014038
-0.0068054
-0.011078
-0.013855
-0.013489
-0.011322
-0.0080872
-0.0027161
0.0026245
0.006958
0.011261
0.012848
0.011719
0.010254
0.0057068
-0.0007019
-0.0054626
-0.010315
-0.012054
-0.0095215
-0.0098877
-0.0076904
0.002533
0.012238
0.022003
0.03244
0.032196
0.026581
0.023468
0.015717
0.0069885
0.001709
-0.0083008
-0.016296
-0.01532
-0.012299
-0.0063782
0.0011597
0.0031738
0.0039673
0.0061035
0.0040894
0.0017395
-0.0005188
-0.008606
-0.017151
-0.020905
-0.020966
-0.018158
-0.014771
-0.012878
-0.010559
-0.0084229
-0.006012
-0.00091553
0.00048828
-0.0030518
-0.0027466
-0.0014954
-0.0062866
-0.0069885
-0.0067139
-0.018066
-0.02356
-0.02005
-0.024628
-0.028351
-0.026489
-0.027985
-0.015533
0.012268
0.035706
0.057556
0.075928
0.080658
0.085297
0.089813
0.079742
0.06311
0.03952
0.0078735
-0.015045
-0.028625
-0.039612
-0.041687
-0.040192
-0.039154
-0.029175
-0.01651
-0.0066223
0.0054016
0.010406
0.0053711
-0.0011902
-0.0090637
-0.01825
-0.0242
-0.030334
-0.037659
-0.040375
-0.03772
-0.029144
-0.015076
-0.0023193
0.0071411
0.015045
0.019562
0.021301
0.020782
0.015869
0.0075378
-0.0026855
-0.013123
-0.020874
-0.023438
-0.021484
-0.017456
-0.010986
-0.0020752
0.0048828
0.012665
0.022003
0.02359
0.022034
0.023926
0.022156
0.017303
0.014069
0.0090942
0.00079346
-0.0070801
-0.015289
-0.021637
-0.019653
-0.012238
-0.0034485
0.0082703
0.017944
0.023468
0.027771
0.028381
0.024109
0.016479
0.0036621
-0.0083923
-0.012573
-0.012146
-0.0091553
-0.0039978
-0.00048828
0.0036926
0.0090027
0.013367
0.014893
0.01004
0.00057983
-0.0087891
-0.016571
-0.018677
-0.014709
-0.02301
-0.031036
-0.022461
-0.023926
-0.022339
-0.0018921
0.00177
-0.0014343
0.0018311
-0.011505
-0.029358
-0.03183
-0.032776
-0.037292
-0.041382
-0.058716
-0.090576
-0.083588
-0.036682
0.018036
0.080627
0.12491
0.13474
0.13782
0.13235
0.13782
0.12512
0.074249
0.022308
-0.030396
-0.069275
-0.070465
-0.058197
-0.042816
-0.030457
-0.017853
0.011169
0.032623
0.044708
0.052887
0.031006
-0.0072327
-0.03476
-0.060577
-0.073303
-0.074219
-0.077423
-0.076172
-0.065369
-0.041779
-0.0054932
0.0271
0.047485
0.052979
0.041473
0.027161
0.015381
0.00018311
-0.014984
-0.033936
-0.054749
-0.062378
-0.054382
-0.033691
-0.0059509
0.016327
0.030731
0.038879
0.044678
0.046997
0.038422
0.026245
0.013397
-0.004303
-0.013947
-0.013519
-0.014618
-0.0091858
0.0022278
0.0089111
0.011932
0.013885
0.011627
0.006012
0.0011597
-0.0076904
-0.011963
-0.002533
0.0062561
0.014008
0.023773
0.018341
0.011749
0.015747
0.015656
0.013733
0.011902
0.0030212
0.00018311
0.0059814
0.011597
0.016815
0.014099
0.0047302
-0.0061951
-0.015778
-0.018402
-0.021179
-0.029663
-0.03476
-0.042419
-0.042419
-0.022949
-0.0093689
0.0013123
0.012451
0.0093689
-0.012787
-0.035492
-0.043549
-0.062225
-0.078552
-0.067261
-0.12762
-0.15405
-0.069397
-0.0027161
0.081818
0.19427
0.19272
0.17477
0.17715
0.15585
0.13083
0.077728
0.00033569
-0.081024
-0.13412
-0.11069
-0.06601
-0.032715
0.023438
0.045197
0.056244
0.086517
0.099945
0.081818
0.033325
-0.030365
-0.090942
-0.13531
-0.12756
-0.10297
-0.092896
-0.060669
-0.029083
0.00033569
0.049988
0.086121
0.0914
0.067749
0.022949
-0.018829
-0.055695
-0.070648
-0.070129
-0.080353
-0.075195
-0.053925
-0.028656
0.013336
0.050232
0.066589
0.06546
0.048828
0.032043
0.010895
-0.0047607
-0.0076904
-0.020844
-0.029572
-0.017853
-0.0024719
0.014679
0.033112
0.042175
0.04126
0.034271
0.029816
0.019928
0.0055847
-0.0090027
-0.025665
-0.05011
-0.083313
-0.069641
-0.031525
0.0018311
0.050232
0.077423
0.060852
0.065186
0.067352
0.050781
0.024078
-0.011749
-0.046265
-0.05658
-0.029388
0.004303
0.013245
0.01062
0.0068054
-0.00048828
0.0066833
0.0038452
-0.014618
-0.041046
-0.053711
-0.04599
-0.023956
0.0044861
0.0078735
-0.017029
-0.047028
-0.068695
-0.076233
-0.06369
-0.042023
-0.085205
-0.1684
-0.12622
-0.032928
0.066254
0.19928
0.24811
0.18918
0.15164
0.13422
0.11801
0.07782
0.011383
-0.080658
-0.15326
-0.12552
-0.054504
0.0095215
0.069885
0.09433
0.083344
0.081879
0.087952
0.071167
0.0052795
-0.065155
-0.13202
-0.17422
-0.14517
-0.08078
-0.032776
-0.0050354
0.016479
0.035767
0.057922
0.083313
0.081482
0.029572
-0.033478
-0.081604
-0.10406
-0.091919
-0.065979
-0.045197
-0.033661
-0.01535
0.015106
0.044403
0.064636
0.057983
0.022217
-0.014648
-0.030701
-0.032684
-0.027344
-0.016235
-0.0064392
0.0018005
0.024231
0.053406
0.067352
0.057281
0.036621
0.014496
0.0005188
-0.00079346
-0.0028381
-0.007019
-0.021271
-0.054657
-0.060852
-0.024902
0.020264
0.057739
0.076385
0.063263
0.043732
0.034851
0.034058
0.019043
-0.011627
-0.041687
-0.054504
-0.03363
0.0075989
0.035309
0.029877
0.0076599
-0.014252
-0.020355
-0.019623
-0.017944
-0.034637
-0.05423
-0.048798
-0.026642
-0.0025024
0.012451
0.0077515
-0.041626
-0.078094
-0.096527
-0.081726
-0.10989
-0.20529
-0.17899
-0.079224
0.045532
0.20593
0.31204
0.28149
0.21899
0.17099
0.12677
0.052124
-0.023712
-0.12357
-0.20297
-0.16525
-0.068512
0.038391
0.12076
0.16232
0.14813
0.11548
0.092438
0.051178
-0.041534
-0.13098
-0.20306
-0.23041
-0.17639
-0.076019
0.012878
0.062439
0.095551
0.10004
0.09079
0.079193
0.046051
-0.018768
-0.088257
-0.12817
-0.1315
-0.095154
-0.03363
0.010803
0.03009
0.046478
0.054504
0.045807
0.034485
0.010742
-0.031555
-0.064819
-0.069733
-0.060547
-0.041656
-0.014282
0.0057068
0.017548
0.033112
0.047455
0.049927
0.038666
0.017883
0.0062256
-0.013092
-0.032654
-0.029999
-0.017181
0.01239
0.055847
0.084198
0.0867
0.079956
0.05838
0.03241
0.0090332
-0.013885
-0.044556
-0.051514
-0.033447
-0.0040283
0.026276
0.038086
0.031555
0.011719
0.00024414
-0.011353
-0.023621
-0.052216
-0.077454
-0.068909
-0.032471
-0.0044556
0.02298
0.0097351
-0.045166
-0.071472
-0.10757
-0.072296
-0.15674
-0.2735
-0.20667
-0.082947
0.078033
0.26685
0.35712
0.28186
0.21808
0.19009
0.1257
0.034149
-0.057678
-0.19409
-0.24933
-0.1611
-0.016479
0.091766
0.16486
0.19269
0.15805
0.13092
0.1084
0.033905
-0.097778
-0.19415
-0.24863
-0.23846
-0.14859
-0.035217
0.025146
0.058655
0.096252
0.1019
0.096161
0.07312
0.011841
-0.077026
-0.12769
-0.12802
-0.098053
-0.036713
0.01532
0.032104
0.046692
0.067902
0.072388
0.053375
0.020752
-0.027466
-0.066101
-0.066803
-0.044952
-0.026306
-0.013
-0.00054932
0.0083923
0.024384
0.042419
0.038605
0.023163
-0.044006
-0.094574
-0.05896
0.00076294
0.046356
0.079834
0.077759
0.046417
0.051605
0.069733
0.056793
0.010437
-0.031769
-0.053711
-0.021088
0.029694
0.049866
0.029297
0.0050049
-0.0080566
-0.0065308
-0.00018311
-0.013123
-0.026184
-0.048676
-0.045746
-0.016998
0.0090637
0.0053711
-0.03476
-0.067078
-0.094147
-0.1098
-0.058472
-0.11353
-0.28967
-0.21994
-0.078857
0.074554
0.24527
0.35208
0.2457
0.17642
0.20682
0.16806
0.066833
-0.04895
-0.18909
-0.263
-0.14835
0.011322
0.089081
0.11353
0.14099
0.12164
0.12817
0.13641
0.059601
-0.1012
-0.19931
-0.22736
-0.20761
-0.11411
-0.020172
0.016327
0.029785
0.08847
0.12167
0.11432
0.082367
0.00054932
-0.09726
-0.1322
-0.098602
-0.067993
-0.034515
-0.0028687
0.0061646
0.027283
0.072449
0.084656
0.048553
-0.00048828
-0.050232
-0.080719
-0.068329
-0.034149
-0.018707
-0.0097046
0.0032959
0.027069
0.038971
-0.0079956
-0.02475
-0.015076
0.0021362
0.026428
0.060303
0.053528
0.04892
0.065521
0.06012
0.026733
-0.012543
-0.048828
-0.054321
-0.014771
0.013184
0.016754
0.012085
0.023804
0.012451
0.015472
0.012146
-0.0090942
-0.040375
-0.0383
-0.015442
0.020081
0.033539
0.025604
-0.01889
-0.09317
-0.15106
-0.10007
-0.12634
-0.32611
-0.26169
-0.108
0.040192
0.22025
0.37476
0.29221
0.22531
0.25906
0.18964
0.062042
-0.067566
-0.21793
-0.29813
-0.15988
0.0044556
0.062653
0.10999
0.17767
0.17709
0.18436
0.17111
0.050903
-0.13867
-0.22794
-0.23914
-0.22662
-0.14069
-0.063049
-0.021729
0.034393
0.12991
0.15918
0.11694
0.047089
-0.046509
-0.10672
-0.10449
-0.0849
-0.09201
-0.067749
-0.0068054
0.048523
0.096649
0.1225
0.082275
0.016785
-0.013916
-0.028717
-0.050385
-0.053009
-0.063721
-0.095795
-0.053253
0.022705
0.062714
0.078735
0.084229
0.045959
0.028442
0.041321
0.022003
-0.01944
-0.02655
-0.019684
-0.0044556
0.035278
0.046234
0.022278
0.00085449
0.0064087
0.00036621
-0.016174
-0.035309
-0.049255
-0.042664
-0.011719
0.0059814
0.0014343
-0.00033569
0.021149
0.022583
0.014587
-0.02533
-0.10211
-0.12927
-0.12656
-0.34601
-0.2991
-0.13565
-0.015533
0.12
0.31815
0.3324
0.29431
0.36591
0.28622
0.11945
-0.040924
-0.17374
-0.2674
-0.18109
-0.088013
-0.067108
0.0029907
0.15057
0.21494
0.24414
0.22467
0.097961
-0.070465
-0.14828
-0.18503
-0.25961
-0.24524
-0.19202
-0.11783
-0.011475
0.11209
0.14713
0.1239
0.11691
0.076416
0.023071
-0.027771
-0.094727
-0.14886
-0.13043
-0.065704
-0.017853
0.018219
0.0495
0.049377
0.061188
0.079895
0.065033
0.011871
-0.041687
-0.098236
-0.11496
-0.059479
-0.0057068
0.021423
0.05069
0.07019
0.080872
0.11243
0.1084
0.046509
-0.0075073
-0.024719
-0.021851
-0.0013733
0.014771
0.0038147
0.00177
0.013
0.022217
0.010132
-0.020172
-0.051605
-0.057037
-0.043518
-0.045441
-0.040222
-0.015198
0.0007019
-0.011139
-0.034637
-0.073608
-0.074036
-0.17194
-0.38635
-0.237
-0.1091
-0.028015
0.090363
0.26813
0.26514
0.35547
0.45355
0.32767
0.1546
0.010162
-0.12021
-0.20004
-0.15378
-0.20038
-0.23083
-0.097748
0.092194
0.18811
0.26782
0.24802
0.15363
0.084595
0.050049
-0.094147
-0.2514
-0.30157
-0.30722
-0.23419
-0.11615
-0.0075073
0.043793
0.13846
0.21875
0.21381
0.16534
0.074829
-0.022308
-0.096802
-0.12613
-0.16199
-0.17804
-0.13458
-0.070221
-0.00042725
0.071808
0.1077
0.1001
0.095215
0.066193
-0.0059814
-0.062988
-0.081482
-0.082458
-0.066193
-0.018585
0.018799
0.057007
0.10355
0.12085
0.098297
0.073792
0.038269
0.0023804
-0.0085144
0.00012207
-0.0024719
9.1553e-05
0.0072021
0.0159
0.0075989
-0.0053406
-0.025055
-0.038269
-0.038361
-0.045044
-0.036804
-0.033264
-0.034241
-0.064362
-0.079193
-0.1178
-0.35159
-0.26077
-0.12433
-0.09494
-0.038422
0.14044
0.16571
0.27615
0.45486
0.35709
0.21689
0.16226
0.076141
-0.070618
-0.082458
-0.18411
-0.28094
-0.17551
-0.015869
0.01178
0.084381
0.16278
0.16397
0.1879
0.19937
0.069946
-0.0802
-0.11514
-0.18546
-0.24829
-0.25171
-0.23056
-0.20291
-0.049133
0.08902
0.12558
0.17575
0.20523
0.17215
0.12726
0.079773
-0.035858
-0.13019
-0.15897
-0.18265
-0.16907
-0.10971
-0.047455
0.0080566
0.080444
0.12039
0.11124
0.11194
0.081879
0.017639
-0.021851
-0.035309
-0.055542
-0.040985
-0.0085449
-0.015015
0.0080566
0.053101
0.067047
0.062103
0.052795
0.030182
0.01886
0.027313
0.0063171
-0.016998
-0.016846
-0.023865
-0.03009
-0.02774
-0.022583
-0.03772
-0.039886
-0.042297
-0.070587
-0.072418
-0.072113
-0.25659
-0.26141
-0.089661
-0.09137
-0.060455
0.094788
0.11292
0.1528
0.36093
0.34567
0.22531
0.22067
0.16623
0.020386
0.0088196
-0.075531
-0.23105
-0.21024
-0.12354
-0.1261
-0.046539
0.060516
0.072601
0.13199
0.18771
0.12772
0.058197
0.041199
-0.061401
-0.15588
-0.18198
-0.21255
-0.22495
-0.15442
-0.094025
-0.049286
0.059631
0.12949
0.14331
0.16779
0.16153
0.10571
0.078705
0.032623
-0.055359
-0.098419
-0.12369
-0.14352
-0.12738
-0.10675
-0.089691
-0.032227
0.046387
0.082886
0.11285
0.12454
0.10291
0.088623
0.07489
0.042389
-0.0014343
-0.02298
-0.05014
-0.057129
-0.025024
-0.0060425
0.004303
0.026672
0.043701
0.033386
0.026978
0.020905
0.0024414
-0.016693
-0.020111
-0.027496
-0.021027
-0.046936
-0.098877
-0.09314
-0.069733
-0.23248
-0.27264
-0.12927
-0.15683
-0.13834
0.031647
0.092896
0.14014
0.31436
0.30829
0.2814
0.32303
0.24594
0.10257
0.10489
-0.012115
-0.16245
-0.1665
-0.1774
-0.2131
-0.13342
-0.060516
-0.042694
0.075623
0.11908
0.10278
0.13834
0.14764
0.050964
-0.0019836
-0.057831
-0.14133
-0.15808
-0.15118
-0.19247
-0.17163
-0.094879
-0.046509
0.029236
0.095947
0.10205
0.12177
0.15698
0.11819
0.06955
0.035156
-0.025726
-0.06842
-0.071014
-0.12085
-0.12134
-0.074982
-0.080109
-0.057281
0.017456
0.049866
0.085419
0.12598
0.10822
0.10553
0.1152
0.065552
0.031158
0.028198
-0.017212
-0.042053
-0.034851
-0.058411
-0.053101
-0.022522
-0.019501
-0.00067139
0.014221
-0.0018005
0.0088501
0.03418
0.017303
-0.034943
-0.069489
-0.068481
-0.14731
-0.2565
-0.14658
-0.17072
-0.20581
-0.083466
0.004303
0.01059
0.16348
0.2131
0.2095
0.29193
0.2915
0.21802
0.26147
0.19189
0.041107
0.019592
-0.054077
-0.14728
-0.15723
-0.18674
-0.22504
-0.13034
-0.098389
-0.069336
0.029114
0.069244
0.069061
0.13351
0.11475
0.063202
0.056702
-0.016235
-0.090454
-0.092285
-0.11761
-0.1499
-0.11563
-0.10663
-0.079407
-0.012573
0.022614
0.037689
0.078583
0.075775
0.075317
0.08197
0.035614
0.017792
0.012573
-0.029999
-0.026093
-0.013123
-0.03653
-0.016663
0.016113
0.017731
0.043457
0.057922
0.042511
0.053253
0.048859
0.027618
0.040649
0.026581
0.0017395
0.017792
0.0079041
-0.025116
-0.025299
-0.040741
-0.056702
-0.039703
-0.059937
-0.043732
-0.046814
-0.063568
-0.037628
-0.16528
-0.13895
-0.082855
-0.19846
-0.15799
-0.024445
-0.052673
0.026215
0.14484
0.14169
0.20676
0.27454
0.2207
0.25912
0.24921
0.1181
0.10281
0.058044
-0.039948
-0.050812
-0.076324
-0.15198
-0.11871
-0.13681
-0.16855
-0.090698
-0.065521
-0.079468
-0.00085449
0.016602
0.022552
0.064728
0.05481
0.04599
0.062775
0.021973
0.0060425
0.015533
-0.025635
-0.039124
-0.033875
-0.062927
-0.064423
-0.06015
-0.090973
-0.07959
-0.042419
-0.048279
-0.028564
0.013336
0.029602
0.053833
0.074341
0.065216
0.075958
0.073944
0.050018
0.048676
0.037781
0.020355
0.03067
0.03067
0.023834
0.033478
0.030212
0.017761
0.00073242
-0.024445
-0.040253
-0.043579
-0.05011
-0.061432
-0.056519
-0.046143
-0.042053
-0.02832
-0.086914
-0.098755
-0.087341
-0.14435
-0.14047
-0.097656
-0.1015
-0.043732
0.022186
0.057526
0.12256
0.17383
0.18695
0.23633
0.24924
0.22073
0.2132
0.17477
0.12582
0.076904
0.0057678
-0.045563
-0.072815
-0.12491
-0.16074
-0.17886
-0.19421
-0.17459
-0.1355
-0.11856
-0.081207
-0.054382
-0.032257
0.027832
0.066223
0.070374
0.075836
0.069458
0.055237
0.055176
0.04657
0.024811
0.0031128
-0.011719
-0.023499
-0.032196
-0.043518
-0.050446
-0.045807
-0.043457
-0.043915
-0.0289
-0.0073547
0.017212
0.025146
0.031616
0.049194
0.065826
0.064514
0.06076
0.046509
0.037811
0.033325
0.020569
0.0088501
0.003479
-0.0047607
-0.016388
-0.01889
-0.015198
-0.012451
-0.032623
-0.025116
-0.10162
-0.13284
-0.073883
-0.14142
-0.16531
-0.099579
-0.11792
-0.083282
-0.014923
-0.0075989
0.047577
0.09436
0.094879
0.15295
0.18893
0.1463
0.18887
0.19089
0.16785
0.16412
0.12073
0.080383
0.078888
0.021942
-0.018799
-0.036835
-0.087982
-0.11478
-0.10986
-0.14453
-0.14893
-0.13733
-0.14246
-0.11383
-0.094208
-0.082092
-0.049225
-0.028198
-0.0091553
0.021851
0.027985
0.047363
0.06427
0.056091
0.062561
0.068604
0.045746
0.04126
0.028015
0.00036621
-0.006073
-0.0081482
-0.020844
-0.016785
-0.015564
-0.018127
0.00042725
0.0090942
0.0068054
0.0072632
0.0056152
-0.0037842
-0.0015869
-0.0083008
-0.0076904
-0.0023193
0.0033569
0.010925
0.007843
0.010986
0.011353
0.0079956
-0.015381
-0.022125
-0.021729
-0.03009
-0.045959
-0.040558
-0.038116
-0.042725
-0.041565
-0.044678
-0.044708
-0.034363
-0.022583
-0.0056763
0.026886
0.053467
0.068817
0.09024
0.11456
0.12021
0.11804
0.11261
0.10464
0.081757
0.054657
0.03186
0.0019836
-0.017609
-0.025513
-0.041321
-0.048523
-0.045349
-0.057678
-0.066742
-0.055481
-0.055298
-0.061768
-0.065491
-0.070221
-0.060059
-0.04071
-0.036591
-0.036774
-0.030273
-0.018951
-0.006134
0.0012817
0.0013733
0.0054016
0.0096741
0.023438
0.038635
0.039978
0.044495
0.047546
0.04361
0.04303
0.034637
0.0224
0.0086365
-0.0010681
-0.01004
-0.0043335
0.00018311
-0.0078125
-0.0083923
-0.00085449
-0.0059509
-0.0018921
-0.0065002
-0.017792
-0.0081177
-0.011536
-0.013733
-0.0029297
-0.0046692
-0.0083008
-0.010498
-0.017334
-0.017487
-0.015869
-0.018677
-0.015778
-0.019684
-0.022522
-0.0076904
0.0085754
0.013062
0.023163
0.027161
0.022858
0.024658
0.026825
0.013092
0.0048523
-0.0026245
-0.0073547
0.001709
0.019775
0.019043
0.019257
0.030334
0.04248
0.046173
0.037323
0.029175
0.023987
0.012268
0.0043335
-0.0027161
-0.012115
-0.022614
-0.017578
-0.016785
-0.023376
-0.030304
-0.036224
-0.033508
-0.035522
-0.041321
-0.048859
-0.04892
-0.049957
-0.0448
-0.026764
-0.011383
-0.0041199
0.0041199
0.016663
0.021118
0.019531
0.020569
0.0177
0.019806
0.022797
0.030426
0.034332
0.044281
0.04953
0.04187
0.031738
0.025818
0.012207
-0.0040283
-0.011322
-0.024597
-0.032654
-0.031769
-0.033844
-0.028809
-0.021881
-0.022186
-0.01828
-0.018616
-0.021332
-0.010437
-0.0065002
-0.011169
-0.0024109
0.00021362
0.0012512
0.0083008
0.0071411
0.0066528
0.013062
0.012268
0.01004
0.015869
0.015289
0.019928
0.025665
0.027893
0.024261
0.028229
0.02475
0.012878
0.0035706
-0.0039368
-0.0097351
-0.013458
-0.01886
-0.015625
-0.015076
-0.0061035
0.0058289
0.0088501
0.009613
0.014832
0.014069
0.0097656
0.0056152
-0.0081482
-0.018433
-0.021881
-0.025391
-0.028931
-0.026794
-0.024475
-0.022491
-0.013428
-0.015198
-0.016418
-0.013763
-0.0090027
-0.011383
-0.012878
-0.0025635
0.0083923
0.015167
0.016113
0.023346
0.028351
0.028992
0.029205
0.023529
0.019501
0.019684
0.017944
0.014862
0.014984
0.0093384
-0.0014648
0.005127
0.0085144
-0.0011292
-0.010529
-0.014526
-0.019775
-0.019806
-0.022644
-0.029663
-0.035767
-0.036163
-0.029724
-0.024872
-0.019043
-0.008728
-0.0005188
0.0051575
