-0.0052185
-0.0067444
-0.01297
-0.02179
-0.023193
-0.021851
-0.018768
-0.012543
-0.011047
-0.01355
-0.01474
-0.016693
-0.017059
-0.015228
-0.016602
-0.019409
-0.021301
-0.022125
-0.019775
-0.014252
-0.0083923
-0.0032043
6.1035e-05
0.0019226
0.0053711
0.0090332
0.010101
0.010071
0.008667
0.0055542
0.0027161
0.00042725
-0.0020752
-0.0033264
-0.0032349
-0.0019531
0.0012512
0.0034485
0.0044556
0.0064697
0.0076599
0.0086365
0.0081177
0.0023499
-0.0022278
-0.0040283
-0.0057678
-0.0022888
0.0030212
0.0042725
0.0083923
0.012573
0.01297
0.016266
0.017639
0.011993
0.0082397
0.0044861
-3.0518e-05
-0.00021362
-0.0014648
-0.003418
-0.0025635
-0.0023499
-0.0015564
0.00042725
-0.00033569
-0.0020447
-0.0037842
-0.0057678
-0.0056763
-0.0065308
-0.0097656
-0.012024
-0.013977
-0.013062
-0.0082092
-0.0061951
-0.0047302
-0.0018311
-0.003479
-0.0024719
0.0033875
-3.0518e-05
-0.0031433
-0.00085449
-0.0081482
-0.014893
-0.013
-0.017365
-0.015411
-0.0082397
-0.017365
-0.024872
-0.025085
-0.034668
-0.02951
-0.0076599
0.010376
0.033691
0.061676
0.078552
0.092682
0.10056
0.090668
0.070679
0.045044
0.015991
-0.0093689
-0.027954
-0.039001
-0.042572
-0.040466
-0.029144
-0.013062
0.0010681
0.012482
0.01767
0.012421
0.0013733
-0.012939
-0.028015
-0.040894
-0.049957
-0.055145
-0.053802
-0.04483
-0.029724
-0.012543
0.0031433
0.015961
0.023926
0.02597
0.02298
0.015961
0.0053101
-0.0066528
-0.016602
-0.022156
-0.024078
-0.021027
-0.015167
-0.0080261
0.0020447
0.013184
0.021729
0.026428
0.027008
0.023376
0.015991
0.0094604
0.0043335
-0.00097656
-0.0074463
-0.012146
-0.014923
-0.01416
-0.0072327
0.0031128
0.012817
0.020966
0.026062
0.02829
0.028809
0.023987
0.014679
0.0036926
-0.0084229
-0.015564
-0.01532
-0.011749
-0.0075378
-0.0030212
0.00091553
0.0055237
0.010345
0.011047
0.0071411
0.0010376
-0.0053406
-0.010834
-0.013184
-0.014221
-0.014252
-0.012299
-0.012543
-0.011078
-0.0058594
-0.0057068
-0.0062561
-0.0010681
0.0018311
0.0010986
-0.001709
-0.0079956
-0.019836
-0.023895
-0.023743
-0.026947
-0.023224
-0.024872
-0.037262
-0.03949
-0.049652
-0.046967
-0.012299
0.022858
0.061737
0.10107
0.11288
0.11566
0.11328
0.098785
0.07016
0.029633
-0.01236
-0.043396
-0.053986
-0.044128
-0.029999
-0.014526
0.0039978
0.021881
0.037048
0.042847
0.03418
0.0083313
-0.023956
-0.05069
-0.068695
-0.077026
-0.073975
-0.066284
-0.052795
-0.029694
-0.0027161
0.019318
0.032074
0.033447
0.024384
0.011536
-0.00082397
-0.015594
-0.028778
-0.035675
-0.035645
-0.027557
-0.013641
0.002533
0.015564
0.023621
0.027222
0.024902
0.018677
0.01358
0.0055237
-0.0038757
-0.010193
-0.013489
-0.011505
-0.00045776
0.0089417
0.013763
0.01825
0.021118
0.015839
0.015625
0.0062866
-0.022858
-0.017395
0.0085449
0.01239
0.021332
0.03067
0.014069
0.011261
0.025269
0.022217
-0.0040588
-0.020721
-0.026123
-0.018127
0.0015259
0.013092
0.0071106
0.0013123
0.004303
0.012848
0.011749
-0.0029602
-0.023468
-0.0354
-0.027527
-0.013885
-0.0077515
-0.0078125
-0.012024
-0.010986
0.0030212
0.01236
0.0097351
-0.00061035
-0.0098572
-0.0043335
-0.0055237
-0.028259
-0.043427
-0.040283
-0.036102
-0.035004
-0.03244
-0.056976
-0.08255
-0.04364
0.01947
0.059692
0.098999
0.11465
0.11115
0.11893
0.13007
0.099976
0.034515
-0.020691
-0.054016
-0.058807
-0.040283
-0.026733
-0.023834
-0.0093384
0.025696
0.058655
0.06662
0.051117
0.011932
-0.029236
-0.05246
-0.06488
-0.078369
-0.085205
-0.07959
-0.058594
-0.020508
0.017212
0.032623
0.031799
0.029633
0.027069
0.020355
0.0055542
-0.017822
-0.04126
-0.049866
-0.041779
-0.028809
-0.020691
-0.011963
0.0022278
0.017151
0.028931
0.032532
0.024475
0.013428
0.0028381
-0.0039978
-0.0052795
-0.0068359
-0.010284
-0.0086365
-0.010193
-0.0050659
0.013733
0.023773
0.02652
0.033844
0.034515
0.032776
0.032135
0.024017
0.0065918
-0.0067139
-0.012329
-0.013519
-0.010742
-0.0064392
-0.0047302
-0.0019531
0.0064392
0.013519
0.010498
0.0019226
-0.0032654
-0.0060425
-0.010681
-0.014679
-0.019165
-0.018768
-0.011993
-0.0062256
-0.0090637
-0.0098267
-0.018005
-0.013794
0.0065002
0.0050964
-0.0050964
0.0024414
-0.0024414
-0.009613
-0.0080872
-0.015533
-0.045837
-0.061554
-0.082336
-0.12234
-0.098145
-0.041748
-0.00021362
0.067535
0.13376
0.15491
0.17554
0.18668
0.15558
0.079895
0.013214
-0.043091
-0.07843
-0.087738
-0.078705
-0.072052
-0.046143
0.0088196
0.062775
0.085327
0.087585
0.068787
0.032501
-0.0024719
-0.038452
-0.082428
-0.11566
-0.11707
-0.097778
-0.066376
-0.028107
0.0046082
0.030731
0.056244
0.070923
0.064453
0.039154
0.0079651
-0.020599
-0.041199
-0.054535
-0.062195
-0.061188
-0.047424
-0.021851
0.0047302
0.02005
0.026398
0.031128
0.032166
0.025879
0.012482
-0.007782
-0.024506
-0.03894
-0.037903
-0.022858
-0.010681
0.0021973
0.024048
0.040436
0.054932
0.065826
0.061066
0.041351
0.024078
0.013428
0.0020447
-0.0079651
-0.010742
-0.010864
-0.0069885
0.0037537
0.0078125
0.0053406
0.0033264
0.00039673
-0.0039062
-0.0067749
-0.007782
-0.010742
-0.017853
-0.015289
-0.007782
-0.013275
-0.020874
-0.020447
-0.022644
-0.01593
-0.0061951
0.0013123
0.00015259
-0.012115
-0.018555
-0.011841
-0.021362
-0.053589
-0.13678
-0.13889
-0.076813
-0.04129
-0.0060425
0.068939
0.099884
0.14832
0.21591
0.21823
0.14511
0.091522
0.043762
-0.0071411
-0.04953
-0.087982
-0.12476
-0.11914
-0.05658
-0.00061035
0.026428
0.053741
0.080017
0.084778
0.078156
0.045135
-0.013977
-0.06427
-0.081818
-0.10059
-0.11813
-0.11197
-0.086334
-0.049042
0.00048828
0.040833
0.060669
0.069214
0.079254
0.074097
0.043304
0.011566
-0.016174
-0.046844
-0.062866
-0.066772
-0.070435
-0.059906
-0.027008
0.0023804
0.024689
0.042267
0.048645
0.042938
0.026215
0.014038
-0.0010986
-0.021729
-0.028412
-0.024933
-0.027466
-0.015564
0.0083923
0.016174
0.019867
0.030853
0.034241
0.032715
0.033325
0.02652
0.018829
0.018433
0.013611
0.0029602
-0.00057983
-0.0060425
-0.014038
-0.014374
-0.012329
-0.018188
-0.019226
-0.0079346
-0.0028687
-0.0055237
-0.0011597
-0.0018311
-0.0029602
-0.0072632
-0.019501
-0.022095
-0.01535
-0.030396
-0.054504
-0.028015
-0.042023
-0.11752
-0.079926
-0.026611
-0.064941
-0.023926
0.060364
0.05545
0.092377
0.17419
0.15533
0.12799
0.14316
0.096497
0.042297
0.026001
-0.024109
-0.081512
-0.082855
-0.080719
-0.088104
-0.055695
-0.016357
-0.00024414
0.026306
0.055054
0.053436
0.038879
0.02887
0.0063171
-0.026001
-0.044556
-0.06134
-0.076355
-0.069183
-0.05545
-0.043915
-0.017395
0.0063782
0.022095
0.045258
0.057861
0.048859
0.039276
0.026306
0.0010071
-0.019958
-0.035492
-0.054993
-0.069489
-0.064026
-0.058136
-0.043762
-0.013641
0.010895
0.030334
0.056213
0.067108
0.065002
0.060516
0.044281
0.023376
0.011261
-0.0044556
-0.017822
-0.020355
-0.022522
-0.019165
-0.007019
-0.0028992
-0.0019226
0.0067444
0.012207
0.011353
0.010376
0.0039978
0.00085449
-0.0010071
-0.010132
-0.015991
-0.015167
-0.019104
-0.028412
-0.024963
-0.016968
-0.018799
0.0035706
0.011383
-0.010803
-0.011841
-0.030334
-0.040009
-0.042358
-0.05249
-0.061035
-0.042816
-0.011688
0.019653
0.053131
0.082123
0.10663
0.12415
0.12762
0.11987
0.097412
0.06485
0.029419
-0.0055237
-0.032013
-0.052856
-0.066986
-0.069946
-0.063477
-0.050873
-0.041382
-0.02597
-0.010193
0.0057983
0.012543
0.014618
0.019012
0.01532
0.0055237
-0.0041504
-0.012756
-0.022034
-0.03009
-0.039856
-0.042755
-0.037537
-0.029877
-0.021179
-0.01001
0.0012817
0.015381
0.022369
0.024323
0.027893
0.020782
0.015259
0.015991
0.0064087
0.0013123
0.0029602
-0.0044556
-0.0041809
0.0076904
0.006958
0.0083618
0.017456
0.015381
0.013885
0.013702
0.0073547
0.0030212
-0.00027466
-0.0038147
-0.0038147
-0.0061035
-0.016724
-0.018921
-0.016785
-0.022644
-0.026154
-0.020599
-0.019714
-0.020172
-0.014862
-0.0056458
-0.0031433
-0.0048523
0.013092
-0.0027161
-0.01181
-0.029663
-0.03418
-0.036743
-0.047333
-0.055176
-0.033081
-0.015167
-0.0080872
0.023224
0.055725
0.072632
0.098938
0.1189
0.12378
0.12918
0.11414
0.088562
0.068176
0.037231
-0.0028687
-0.03363
-0.056793
-0.081024
-0.092621
-0.094849
-0.089661
-0.075958
-0.059204
-0.041321
-0.022949
-0.0032959
0.0091858
0.022766
0.029633
0.02948
0.025391
0.013031
0.0020447
0.0013428
-0.0094604
-0.018646
-0.01886
-0.025208
-0.026215
-0.017365
-0.01413
-0.0075989
0.0018616
0.0036316
0.01004
0.014709
0.0098877
0.012177
0.016479
0.012848
0.012238
0.009552
0.0056763
0.0083923
0.0091553
0.007019
0.008667
0.011597
0.011505
0.0088196
0.0071106
0.0065308
0.0036011
-0.00082397
-0.0050354
-0.0093384
-0.010529
-0.012848
-0.018188
-0.011871
-0.013519
-0.019714
-0.015198
-0.0079346
-0.020691
-0.023529
-0.029724
-0.044189
-0.042877
-0.047791
-0.059204
-0.052979
-0.038605
-0.025879
0.0012817
0.028198
0.048187
0.071991
0.092224
0.10748
0.12103
0.11636
0.10281
0.09491
0.078583
0.055847
0.032867
0.0081177
-0.014618
-0.032501
-0.053223
-0.072052
-0.081726
-0.092377
-0.097443
-0.086426
-0.076019
-0.067871
-0.050385
-0.027618
-0.005249
0.01123
0.022491
0.036316
0.047455
0.046295
0.046234
0.045441
0.035706
0.02597
0.016998
0.004303
-0.004303
-0.01297
-0.020355
-0.022644
-0.029663
-0.0354
-0.032349
-0.028107
-0.026093
-0.021179
-0.01416
-0.0038757
0.0062866
0.011658
0.017517
0.024811
0.027252
0.028595
0.03006
0.022522
0.01651
0.015045
0.0073547
-0.0021667
-0.0090942
-0.016388
-0.021332
-0.026123
-0.026184
-0.030518
-0.034271
-0.026855
-0.02536
-0.034271
-0.026337
-0.016754
-0.017822
-0.0080566
0.0012512
0.0045776
0.019409
0.033752
0.040344
0.053741
0.064545
0.066711
0.07663
0.077271
0.069061
0.064056
0.053284
0.034698
0.020691
0.00036621
-0.020721
-0.036102
-0.051788
-0.061493
-0.066223
-0.073792
-0.069641
-0.059265
-0.056519
-0.047241
-0.031372
-0.024872
-0.015137
-0.0043335
0.0049133
0.014832
0.020172
0.023163
0.032227
0.035522
0.032471
0.031677
0.025909
0.015869
0.010803
0.0038147
-0.0048218
-0.0091553
-0.014038
-0.016876
-0.014984
-0.01535
-0.014008
-0.01001
-0.0090637
-0.0085754
-0.0051575
-0.0029602
-0.0021362
0.0022278
0.0062256
0.010376
0.011688
0.011505
0.012207
0.0092163
0.0065308
0.0054932
-0.0041809
-0.009491
-0.010315
-0.019257
-0.026184
-0.023956
-0.029236
-0.032715
-0.024353
-0.019989
-0.016174
-0.0047302
0.0041504
0.01413
0.027802
0.034821
0.041595
0.051575
0.056702
0.058807
0.059143
0.056274
0.052704
0.045654
0.032806
0.021423
0.011414
-0.001709
-0.015198
-0.026001
-0.034515
-0.040466
-0.04657
-0.049805
-0.048248
-0.048035
-0.046661
-0.041779
-0.037811
-0.032928
-0.027313
-0.020996
-0.012665
-0.0060425
-0.0018311
0.0037842
0.010803
0.016693
0.021423
0.025269
0.025635
0.024506
0.021271
0.017212
0.012085
0.0054321
-9.1553e-05
-0.0031738
-0.0058289
-0.0072021
-0.0081787
-0.0065308
-0.0018921
0.0018005
0.0024109
0.0040588
0.0082397
0.01004
0.0083618
0.0071716
0.006073
0.0029907
0.00085449
0.00091553
-0.00067139
-0.0029297
-0.0030212
-0.0061646
-0.0091248
-0.009491
-0.012421
-0.015381
-0.016266
-0.017883
-0.018158
-0.014557
-0.010437
-0.0064697
-0.0032349
0.0014038
0.0091858
0.016541
0.022705
0.02774
0.03009
0.031738
0.033936
0.032349
0.027954
0.024384
0.020905
0.017578
0.01651
0.012421
0.0061646
0.0012817
-0.0024719
-0.007843
-0.013672
-0.020233
-0.026825
-0.03006
-0.029541
-0.030121
-0.031555
-0.029236
-0.025543
-0.02298
-0.018768
-0.015137
-0.012482
-0.0087585
-0.004425
-0.0010071
0.0012512
0.0030518
0.0050049
0.0075989
0.0093689
0.0097046
0.010223
0.011688
0.010986
0.0099182
0.010437
0.0091553
0.0067749
