-0.01709
-0.022461
-0.023438
-0.020721
-0.014496
-0.0066833
0.0013428
0.011353
0.022461
0.031219
0.037048
0.039459
0.038635
0.034546
0.028229
0.020905
0.012329
0.0032654
-0.0059814
-0.013672
-0.020477
-0.026245
-0.028656
-0.028473
-0.027466
-0.024963
-0.020203
-0.014526
-0.008606
-0.0032959
0.00082397
0.0039368
0.0058289
0.0061951
0.005249
0.0039368
0.0031433
0.0023193
0.00097656
-0.0012207
-0.0029602
-0.0039368
-0.0047302
-0.005188
-0.0054321
-0.0049438
-0.0048523
-0.0040894
-0.0017395
0.0018616
0.0054932
0.0073853
0.0080566
0.0082092
0.0087585
0.0097046
0.0099792
0.0083923
0.0057983
0.00354
0.0021057
0.0018921
0.0014038
0.0014038
0.0011902
3.0518e-05
-0.00073242
-0.0010681
-0.0010986
-0.0011902
-0.0016479
-0.0026245
-0.0039978
-0.0046692
-0.0040894
-0.003418
-0.0037231
-0.0041199
-0.0044556
-0.0046997
-0.0043945
-0.0031738
-0.0012512
0.00054932
0.0018616
0.0014648
3.0518e-05
-0.0018616
-0.0034485
-0.0028992
-0.0012207
3.0518e-05
0.00045776
0.00061035
0.0015259
0.0046997
0.0071106
0.0027161
-0.010406
-0.032654
-0.052704
-0.056824
-0.045441
-0.027435
-0.010223
0.0023193
0.012909
0.03241
0.058441
0.079254
0.090454
0.090088
0.07843
0.06308
0.049713
0.034851
0.017944
-0.00085449
-0.021881
-0.040131
-0.050323
-0.054657
-0.053223
-0.047974
-0.045074
-0.040558
-0.031097
-0.018829
-0.0062561
0.0040283
0.0085144
0.0088806
0.0084534
0.0066528
0.0042114
0.001709
-0.0023499
-0.0077515
-0.011292
-0.013458
-0.014221
-0.012817
-0.011261
-0.0092163
-0.0062866
-0.0045471
-0.0034485
-0.0028076
-0.0016174
0.0012817
0.0058594
0.009491
0.010162
0.007843
0.0046387
0.0038757
0.0058594
0.0082397
0.0088196
0.0071716
0.0050659
0.0057983
0.010193
0.014435
0.01532
0.013062
0.0090637
0.0061951
0.0050354
0.0036621
0.0020752
9.1553e-05
-0.0032654
-0.0059204
-0.006012
-0.004364
-0.0030823
-0.0036621
-0.0054016
-0.0065002
-0.0056152
-0.0030823
-0.00064087
0.0010071
0.0018921
0.0022278
0.0015259
0.00097656
0.00091553
-0.00030518
-0.0025024
-0.0061951
-0.0094299
-0.0088501
-0.0063782
-0.0037231
-0.00076294
-0.00018311
-0.0013123
0.00057983
0.0038452
0.0013428
-0.0097046
-0.029633
-0.056549
-0.074738
-0.071716
-0.054657
-0.030182
-0.0021057
0.021698
0.042389
0.068939
0.094879
0.11038
0.11639
0.10669
0.082092
0.057648
0.036072
0.011963
-0.010925
-0.032074
-0.052307
-0.063293
-0.063171
-0.057373
-0.047211
-0.035004
-0.026062
-0.018127
-0.0071411
0.002533
0.0094604
0.013031
0.0089417
0.00039673
-0.0064697
-0.011444
-0.01474
-0.015228
-0.016846
-0.02002
-0.019501
-0.015228
-0.0093079
-0.00097656
0.0069885
0.010895
0.011658
0.010864
0.0077209
0.0041504
0.00064087
-0.003418
-0.0082397
-0.012299
-0.014496
-0.01297
-0.0089722
-0.0041809
0.0018005
0.0079041
0.013489
0.018524
0.023407
0.026703
0.026733
0.024384
0.020996
0.01712
0.012207
0.0074158
0.004303
0.0026855
0.0015564
-0.00021362
-0.0021667
-0.0048828
-0.0076904
-0.0097046
-0.010834
-0.010529
-0.009552
-0.0099182
-0.0096741
-0.0083923
-0.009491
-0.0098877
-0.0083618
-0.0084229
-0.0081177
-0.0053711
-0.0030823
-0.0032349
-0.0028992
-0.0013123
-0.0027771
-0.0028992
0.0028687
0.0016479
-0.012909
-0.031097
-0.061798
-0.09671
-0.097046
-0.068359
-0.036713
0.0077209
0.051575
0.073456
0.099274
0.13449
0.14908
0.1467
0.12952
0.085358
0.039764
0.010132
-0.019196
-0.04425
-0.057709
-0.071259
-0.07486
-0.059021
-0.039886
-0.020966
-0.00054932
0.007782
0.0067749
0.010345
0.010834
0.0045166
-0.002533
-0.016113
-0.0336
-0.042358
-0.044708
-0.042816
-0.031342
-0.019775
-0.012695
-0.002594
0.0076599
0.014771
0.020966
0.023743
0.017944
0.0065918
-0.0038147
-0.010803
-0.015381
-0.019348
-0.022156
-0.022522
-0.020477
-0.014618
-0.0049133
0.0044556
0.01297
0.020081
0.023468
0.024811
0.025604
0.021515
0.015503
0.012238
0.008667
0.0056458
0.0044861
0.0027771
0.0022888
0.0054016
0.009552
0.012817
0.015045
0.015289
0.013733
0.010986
0.007843
0.0039673
-0.0022888
-0.010284
-0.014282
-0.01355
-0.01239
-0.010712
-0.0091553
-0.0076294
-0.0044556
-0.00057983
-0.0019531
-0.0072937
-0.013123
-0.012878
-0.004303
-0.0033264
-0.011169
-0.012726
-0.017059
-0.027679
-0.031616
-0.059265
-0.12173
-0.14447
-0.104
-0.048126
0.0224
0.095947
0.12253
0.13004
0.1597
0.18024
0.17151
0.13416
0.06366
-0.0055237
-0.043884
-0.066162
-0.071869
-0.063629
-0.062378
-0.053589
-0.023102
0.0073547
0.032471
0.047852
0.038025
0.014557
-0.005249
-0.02417
-0.036682
-0.043091
-0.056519
-0.068054
-0.065887
-0.051361
-0.024597
0.0060425
0.024445
0.031494
0.033142
0.0289
0.023834
0.018463
0.0041504
-0.016663
-0.035706
-0.046783
-0.046539
-0.034943
-0.020111
-0.010895
-0.0061035
0.0017395
0.015228
0.028046
0.032623
0.026367
0.01355
0.0036926
0.0019531
0.0053711
0.0059204
0.0010681
-0.0012512
0.0058594
0.015778
0.020386
0.021881
0.021179
0.017487
0.016754
0.019653
0.016571
0.0072937
-0.00039673
-0.0054932
-0.0073547
-0.0093689
-0.013855
-0.015564
-0.013489
-0.014252
-0.010681
0.0010986
0.0047607
0.0022888
0.0075378
0.01004
0.00024414
-0.0075378
-0.0077515
-0.013
-0.023743
-0.024078
-0.018799
-0.02829
-0.037079
-0.035767
-0.089264
-0.17105
-0.15598
-0.077972
-0.015533
0.074127
0.15671
0.16022
0.15918
0.189
0.19171
0.14975
0.071014
-0.0177
-0.07016
-0.087402
-0.083008
-0.055939
-0.037933
-0.028473
0.0064087
0.052856
0.077789
0.076141
0.042267
-0.010254
-0.05307
-0.076874
-0.082489
-0.078705
-0.081238
-0.080139
-0.057892
-0.023285
0.016174
0.049774
0.063171
0.055634
0.039642
0.022095
0.0052795
-0.01236
-0.029755
-0.044434
-0.052307
-0.048096
-0.035248
-0.019318
-0.0040894
0.0079041
0.01535
0.019257
0.01825
0.015076
0.0075073
-0.0048828
-0.013428
-0.011505
-0.0082092
-0.002655
0.0080261
0.013062
0.014923
0.02356
0.033081
0.035278
0.03241
0.023926
0.014069
0.0093079
0.0073853
0.005127
0.0035706
-0.0023193
-0.0074768
-0.002533
0.0012512
-0.0016479
-0.0066833
-0.011353
-0.013367
-0.0068359
-0.0037537
0
0.0038452
-0.0051575
-0.0012512
0.016388
0.0078125
-0.012054
-0.019287
-0.027527
-0.038361
-0.037201
-0.030243
-0.059631
-0.18811
-0.22803
-0.11975
-0.019043
0.047485
0.15823
0.17529
0.13864
0.18381
0.23154
0.17917
0.067139
-0.037018
-0.098602
-0.093781
-0.061584
-0.024139
-0.019318
-0.02713
0.0056152
0.081024
0.11749
0.097046
0.039429
-0.032867
-0.085175
-0.098022
-0.088135
-0.083435
-0.087982
-0.088898
-0.055054
0.00097656
0.047363
0.066467
0.05835
0.034576
0.016205
0.0074463
-0.00018311
-0.015747
-0.039429
-0.052887
-0.043488
-0.021484
0.0010376
0.013672
0.012939
0.009491
0.01297
0.017853
0.014374
0.00088501
-0.015289
-0.024078
-0.026581
-0.019531
-0.0071411
0.0015869
0.0098572
0.017578
0.019623
0.020386
0.024689
0.026825
0.021881
0.017273
0.011597
0.0048828
0.0016785
0.0025635
0.0021667
-0.0021667
-0.0067444
-0.0037842
0.002594
-0.0011902
-0.0059509
-0.0022278
0.0023193
0.0072021
0.010254
0.010529
0.0070496
-0.0024414
-0.01062
-0.0052795
-0.0048523
-0.025208
-0.036255
-0.035156
-0.033234
-0.022125
-0.0089722
-0.05658
-0.20874
-0.22662
-0.10992
-0.0047913
0.06601
0.16599
0.16376
0.15213
0.22153
0.25394
0.16476
0.023376
-0.07309
-0.10928
-0.076263
-0.038513
-0.02356
-0.045837
-0.028107
0.043915
0.11624
0.11526
0.064575
-0.0097656
-0.070984
-0.084595
-0.080139
-0.089447
-0.10626
-0.096191
-0.064087
-0.006897
0.042633
0.058105
0.044922
0.033051
0.032043
0.025726
0.0044556
-0.029388
-0.053955
-0.053528
-0.031769
-0.0098572
0.00048828
0.0035706
0.0070496
0.015839
0.022186
0.017487
0.0022583
-0.0091248
-0.011993
-0.011597
-0.012573
-0.011444
-0.013306
-0.010406
0.0073547
0.023773
0.023102
0.014832
0.016479
0.024384
0.030823
0.026337
0.0112
-0.0054321
-0.011261
-0.0048218
0.00097656
-0.006073
-0.0159
-0.01709
-0.0098267
0.0075073
0.011536
-0.0047913
-0.0088806
0.0080872
0.01825
0.020325
0.021973
0.016418
0.0089111
0.0076599
-0.00045776
-0.021515
-0.041199
-0.061859
-0.056793
-0.019226
-0.015656
-0.15524
-0.24591
-0.14536
-0.040558
0.012695
0.11606
0.16711
0.12183
0.19202
0.27954
0.22235
0.073669
-0.022278
-0.072723
-0.070557
-0.037903
-0.036102
-0.071014
-0.064209
0.025208
0.10452
0.11258
0.066345
0.012421
-0.03891
-0.048096
-0.057983
-0.10324
-0.14215
-0.12424
-0.075043
-0.018646
0.02301
0.028015
0.026276
0.036224
0.055878
0.049866
0.016449
-0.021088
-0.040649
-0.044373
-0.03241
-0.019653
-0.022339
-0.01947
0.0077209
0.026337
0.021729
0.014496
0.010529
0.0016479
0.0021973
0.0066223
0.0018005
-0.0030212
0.0024719
0.010315
0.015564
0.018402
0.0095825
-0.003479
-0.0015869
0.016235
0.027802
0.025635
0.022125
0.011597
9.1553e-05
-0.0046387
-0.007019
-0.020477
-0.033752
-0.039368
-0.032684
-0.013855
0.0018005
0.0013428
-0.0042114
0.0080261
0.023804
0.030487
0.02652
0.018188
0.0079651
0.0036011
-0.015778
-0.031097
-0.0096741
-0.035828
-0.22025
-0.26505
-0.12283
-0.063263
-0.046692
0.084412
0.1304
0.13034
0.26202
0.31638
0.19159
0.064545
0.026001
-0.021393
-0.031952
-0.049713
-0.10138
-0.13028
-0.045776
0.060822
0.093414
0.068176
0.050171
0.044312
0.033813
0.011658
-0.060394
-0.13315
-0.14713
-0.10522
-0.082458
-0.063721
-0.043152
-0.016083
0.02179
0.067688
0.075989
0.048737
0.025299
0.010101
-0.010468
-0.031677
-0.041229
-0.042114
-0.034454
-0.022339
-0.018402
-0.02005
-0.0064087
0.012817
0.026215
0.038788
0.044189
0.034882
0.028168
0.024109
0.01358
0.0057068
0.0023804
-0.00018311
-0.0080872
-0.0092163
0.0029602
0.0271
0.039886
0.029724
0.016693
0.010895
0.0057373
0.0010681
-0.0085754
-0.034027
-0.047699
-0.047943
-0.0448
-0.035492
-0.033325
-0.04129
-0.028107
0.0053101
0.018555
0.01535
0.012207
0.014038
0.013794
0.056061
-0.0075684
-0.21341
-0.20523
-0.10129
-0.1051
-0.080597
0.049438
0.060638
0.15295
0.3038
0.31091
0.19141
0.14691
0.095428
0.033081
-0.0093079
-0.081573
-0.14642
-0.13855
-0.069672
-0.027954
0.0074463
0.031738
0.071075
0.068848
0.053223
0.020874
-0.024689
-0.066071
-0.071808
-0.09024
-0.11115
-0.08847
-0.050842
-0.028229
-0.012878
0.0037842
0.017883
0.040619
0.042694
0.020111
0.0074768
0.0045776
0.0020447
-0.0075684
-0.029419
-0.047211
-0.043579
-0.027161
-0.008667
0.0027771
0.0065918
0.020538
0.04187
0.046143
0.039459
0.03183
0.018982
0.0083618
0.0072327
0.0086365
0.0077209
0.0019836
0.00048828
0.0099487
0.014465
0.010956
0.011749
0.008667
-0.0023499
0.00039673
0.0035095
-0.0026855
-0.010315
-0.024719
-0.035706
-0.021545
-0.027039
-0.04538
-0.040375
-0.029022
-0.028229
-0.012024
0.039703
-0.0014954
-0.16364
-0.11691
-0.038116
-0.096405
-0.10083
0.005249
0.015991
0.10034
0.20239
0.20166
0.16559
0.1918
0.14716
0.10602
0.074127
0.0063171
-0.055511
-0.074097
-0.076935
-0.069794
-0.05188
-0.049316
-0.018707
0.0019836
0.014374
0.01651
0.011932
-0.018341
-0.02356
-0.026184
-0.043304
-0.05777
-0.053619
-0.055847
-0.04361
-0.02063
-0.0099182
-0.0054321
0.006134
0.018341
0.029755
0.031677
0.022797
0.013245
0.0028076
-0.0084229
-0.0177
-0.026093
-0.031433
-0.029083
-0.027008
-0.015594
0.0025635
0.01181
0.01944
0.033386
0.036957
0.034607
0.03363
0.026367
0.013306
0.0057678
0.0065308
0.0084534
0.0041504
0.0027466
0.0031128
-0.00085449
-0.0065918
-0.0081787
-0.0042725
-0.00042725
-0.0058289
-0.014801
-0.005188
-0.01059
-0.030853
-0.029724
-0.020294
-0.019958
-0.006012
-0.091766
-0.11243
-0.058563
-0.082458
-0.11151
-0.026337
-0.0027161
0.034637
0.11575
0.14743
0.15344
0.19046
0.15887
0.12537
0.11908
0.060516
0.015686
-0.0065002
-0.048706
-0.069702
-0.047913
-0.065186
-0.067657
-0.054108
-0.045837
-0.042084
-0.035156
-0.026123
0.0024414
0.0049133
-0.0056458
0.0093994
0.012329
-0.011383
-0.032013
-0.041809
-0.040802
-0.02652
-0.027679
-0.033142
-0.020691
-0.0011292
0.019287
0.036896
0.032867
0.024658
0.017059
0.0059204
0.0031738
0.00097656
-0.010834
-0.015411
-0.010193
-0.0014343
0.015442
0.020294
0.0075378
0.0039368
0.0066528
0.012115
0.018646
0.014648
0.0063477
0.015472
0.019104
0.01355
0.0047607
-0.011475
-0.021942
-0.016327
-0.019592
-0.027008
-0.033325
-0.03891
-0.017365
0.0072021
0.0073547
0.020233
-0.010681
-0.062775
-0.045868
-0.057281
-0.096008
-0.076752
-0.059265
-0.0401
0.024414
0.065857
0.091248
0.14288
0.15073
0.13947
0.14798
0.12274
0.09552
0.070435
0.021942
-0.010406
-0.02652
-0.05365
-0.064087
-0.066956
-0.080933
-0.078552
-0.06604
-0.058502
-0.038208
-0.021973
-0.02417
-0.018158
-0.0065002
0.0034485
0.0059509
0.0024719
-0.004303
-0.0063782
-0.0061035
-0.0062256
-0.016724
-0.023712
-0.018707
-0.013214
-0.011871
-0.0037537
0.0070496
0.015137
0.023468
0.029846
0.027649
0.024689
0.021881
0.015137
0.011658
0.0085144
0.0030212
-0.0033875
-0.0019531
0.0033569
0.0034485
-0.0024414
-0.0064087
-0.0079956
-0.0061035
-0.014587
-0.022491
-0.016449
-0.0088196
-0.0068359
-0.006012
-0.0041809
0.0020142
0.012421
0.0067749
-0.01239
-0.020935
-0.032898
-0.05426
-0.064392
-0.066345
-0.058838
-0.036926
-0.018372
-0.0012207
0.029022
0.06604
0.098907
0.11343
0.1113
0.11606
0.11267
0.089539
0.070435
0.055786
0.035065
0.021332
0.010895
-0.0085449
-0.028717
-0.045441
-0.057617
-0.0625
-0.067261
-0.07428
-0.069641
-0.056854
-0.04718
-0.040955
-0.035553
-0.030457
-0.023438
-0.010651
-0.0054321
-0.011261
-0.0075073
0.010193
0.015686
0.0075378
0.0038452
0.0049438
0.005249
0.00039673
-0.0084839
-0.011993
-0.0037537
-0.0021057
-0.0037842
0.0029297
0.017395
0.02298
0.015167
0.011139
0.016663
0.015137
0.011505
0.0037537
-0.0045776
0.0018311
0.015442
0.016846
0.012634
0.014984
0.015991
0.013397
0.009552
-0.0024414
-0.013733
-0.015228
-0.020538
-0.028961
-0.026733
-0.020996
-0.019684
-0.017487
-0.01532
-0.011139
-0.0053101
0.0021362
0.01001
0.0071106
0.0066833
0.022278
0.03479
0.033295
0.03241
0.032562
0.033051
0.038635
0.038757
0.032837
0.027344
0.017853
0.0087585
0.008667
0.0075378
-0.0029907
-0.017548
-0.030396
-0.036865
-0.040253
-0.042999
-0.043579
-0.042419
-0.03894
-0.028931
-0.017975
-0.013336
-0.0099182
-0.0076294
-0.0044861
-0.0016479
0.0021362
0.0065613
0.0068359
0.0035706
0.0041504
0.0075989
0.0085144
0.010101
0.0099487
0.0029297
-0.0013733
-0.0040588
-0.0064087
-0.003479
-0.0014343
-0.0046692
