0.0050354
0.010132
0.013062
0.013885
0.012726
0.0094299
0.0057373
0.0024109
0.00027466
-0.0012207
-0.0038452
-0.0064697
-0.0084229
-0.0097656
-0.010681
-0.010223
-0.0076904
-0.0036316
0.00061035
0.0033569
0.0059814
0.0083923
0.010132
0.011627
0.012421
0.012512
0.011871
0.010559
0.0090637
0.0073853
0.0055847
0.0046692
0.0035706
0.0020142
-6.1035e-05
-0.0021667
-0.0038452
-0.0055847
-0.0072632
-0.0080872
-0.0092773
-0.010956
-0.01178
-0.011871
-0.01004
-0.0061035
-0.0014038
0.0031433
0.0074158
0.01062
0.012817
0.014496
0.014893
0.014923
0.014343
0.012909
0.011108
0.0088806
0.006073
0.0027161
-0.0010376
-0.0040588
-0.0061035
-0.008606
-0.010834
-0.013184
-0.014893
-0.014313
-0.013
-0.01123
-0.0086365
-0.0052185
-0.0013123
0.0016174
0.0033875
0.0052185
0.0065613
0.006897
0.0053101
0.0023804
-0.00045776
-0.0029907
-0.005249
-0.0065002
-0.0066833
-0.006134
-0.0057068
-0.0061951
-0.006073
-0.0044556
-0.0014648
0.00054932
0.00015259
-0.0011292
0
0.0056763
0.0112
0.0062256
-0.016479
-0.043915
-0.058014
-0.052826
-0.03067
-0.005127
0.0082397
0.013641
0.024658
0.041748
0.060364
0.077087
0.083832
0.082306
0.077667
0.063904
0.039764
0.017303
0.0010071
-0.010315
-0.01944
-0.034576
-0.054565
-0.067505
-0.069031
-0.062256
-0.050049
-0.039062
-0.031158
-0.020569
-0.0080566
0.0016174
0.0097961
0.016205
0.020416
0.023834
0.021637
0.012054
0.0026855
-0.0018005
-0.0035095
-0.0040588
-0.0073242
-0.014374
-0.018433
-0.017609
-0.015259
-0.011566
-0.0070801
-0.00354
-3.0518e-05
0.0032349
0.0048828
0.0065613
0.0092163
0.010254
0.0095825
0.0091248
0.0091248
0.01123
0.014923
0.016235
0.015717
0.016479
0.017853
0.018311
0.017334
0.014099
0.0099487
0.0061951
0.00079346
-0.0050354
-0.0087891
-0.010773
-0.011353
-0.011749
-0.013885
-0.016541
-0.017578
-0.016083
-0.013245
-0.010651
-0.0086365
-0.0064697
-0.0050049
-0.0032959
-0.00039673
0.00094604
0
-0.0010071
-0.0023804
-0.0046692
-0.0046387
-0.0007019
0.0019226
-0.00024414
-0.0041809
-0.0034485
0.0050049
0.0083313
-0.018005
-0.07312
-0.11581
-0.11386
-0.070709
-0.012787
0.023071
0.029968
0.041382
0.077911
0.12405
0.15778
0.16559
0.14496
0.11096
0.077332
0.04306
0.010773
-0.012115
-0.031006
-0.054443
-0.081299
-0.10233
-0.10272
-0.080353
-0.052002
-0.033142
-0.023438
-0.014832
-0.0018311
0.014496
0.025116
0.025726
0.01886
0.0063171
-0.0091553
-0.022247
-0.028442
-0.027954
-0.025208
-0.024994
-0.026825
-0.024261
-0.015991
-0.0051575
0.0045471
0.010345
0.014099
0.016663
0.016235
0.014313
0.012482
0.0075989
0.00021362
-0.0078735
-0.014954
-0.018188
-0.015228
-0.0064697
0.0039673
0.012573
0.017731
0.020081
0.023407
0.029633
0.034241
0.032959
0.024628
0.013306
0.0052185
0.0021973
0.0015259
-0.00027466
-0.0041809
-0.0089111
-0.011749
-0.0095825
-0.006958
-0.0052185
-0.0033264
-0.0026855
-0.003418
-0.004303
-0.0042114
-0.004303
-0.0044861
-0.0035706
-0.0031433
-0.0065002
-0.012421
-0.018494
-0.021149
-0.015289
-0.0057373
-9.1553e-05
0.00054932
-0.0011292
-0.0032043
-0.0068054
-0.0061951
-0.023376
-0.094147
-0.16113
-0.15781
-0.10327
-0.01889
0.053802
0.081116
0.10522
0.14551
0.18784
0.21799
0.20654
0.15549
0.087555
0.018005
-0.027863
-0.051971
-0.071655
-0.086731
-0.098419
-0.099792
-0.081696
-0.050262
-0.012695
0.019318
0.034424
0.032684
0.020752
0.011383
0.0068359
-0.0049744
-0.028046
-0.05658
-0.077606
-0.077942
-0.061432
-0.04007
-0.019958
-0.0018921
0.014435
0.027832
0.041077
0.05069
0.046753
0.030151
0.0077515
-0.012848
-0.024994
-0.033722
-0.0401
-0.038422
-0.030701
-0.02121
-0.011505
-0.0039368
-0.00012207
0.0032959
0.012329
0.024017
0.035736
0.046722
0.049133
0.046661
0.04538
0.041168
0.029266
0.0099182
-0.010681
-0.022186
-0.021698
-0.013245
-0.0018005
0.0080261
0.014099
0.016785
0.02066
0.022766
0.013428
-0.0084839
-0.03302
-0.044861
-0.04129
-0.035919
-0.028503
-0.011566
0.0029297
0.0081787
0.0093079
0.0073547
0.0024719
-0.0038452
-0.012329
-0.025909
-0.041656
-0.062195
-0.07135
-0.085663
-0.16788
-0.21579
-0.15393
-0.061157
0.05304
0.15298
0.19998
0.24432
0.25327
0.24179
0.22742
0.16452
0.060974
-0.040405
-0.09903
-0.11316
-0.11499
-0.096344
-0.067108
-0.027435
0.019562
0.049408
0.075195
0.086609
0.049438
-0.0073242
-0.053009
-0.081665
-0.096832
-0.1051
-0.10028
-0.08728
-0.065613
-0.032288
0.0023193
0.042572
0.070099
0.068298
0.055878
0.036896
0.015869
-0.00054932
-0.019775
-0.034851
-0.046387
-0.052917
-0.05072
-0.041626
-0.023651
-0.0071716
0.0046692
0.021149
0.032684
0.035889
0.033905
0.021545
0.0040283
-0.019562
-0.053284
-0.064423
-0.04306
-0.015228
0.015686
0.047241
0.070007
0.081482
0.076477
0.063507
0.041931
0.009552
-0.02243
-0.034454
-0.027222
-0.019287
-0.0080566
0.0072632
0.014923
0.018127
0.017212
0.012451
0.0023499
-0.01416
-0.023651
-0.015137
-0.0036621
0.0021362
0.0029297
-0.0046997
-0.0060425
-0.0062256
-0.018555
-0.02948
-0.04007
-0.053986
-0.045013
-0.013275
0.0023804
0.0019836
-0.050232
-0.21448
-0.27301
-0.17871
-0.060699
0.084198
0.18295
0.21252
0.22647
0.22522
0.24698
0.22656
0.12628
-0.036682
-0.13538
-0.12201
-0.10086
-0.056458
0.00042725
0.025116
0.04071
0.069885
0.11346
0.10532
0.042786
-0.04187
-0.11404
-0.14084
-0.14639
-0.12277
-0.077972
-0.054199
-0.037598
-0.0039062
0.049408
0.072906
0.069275
0.05545
0.021271
-0.013611
-0.035553
-0.036774
-0.033325
-0.035919
-0.038605
-0.030853
-0.0081482
0.0084839
0.012085
0.015747
0.0054016
-0.0038757
-0.005127
-0.0054932
-0.01236
-0.021759
-0.020538
-0.031189
-0.049622
-0.042145
-0.011169
0.03125
0.064972
0.085571
0.094574
0.081879
0.061279
0.041718
0.019867
-0.017181
-0.045258
-0.033691
-0.0065002
0.015442
0.025024
0.027802
0.027344
0.017029
0.0063171
-0.011139
-0.032196
-0.049103
-0.052216
-0.029419
-0.01123
0.0057678
0.013763
0.0059509
-0.0057068
-0.02655
-0.034454
-0.034515
-0.025879
-0.014984
-0.025513
-0.050323
-0.2193
-0.32562
-0.21097
-0.051056
0.11118
0.22876
0.25287
0.2446
0.22394
0.24792
0.21149
0.089752
-0.10529
-0.19434
-0.13327
-0.068329
0.0079041
0.058624
0.053802
0.039703
0.082489
0.13699
0.096008
-0.0028381
-0.10977
-0.16431
-0.16049
-0.1369
-0.081696
-0.0448
-0.031677
-0.013
0.037598
0.080597
0.0672
0.038971
6.1035e-05
-0.040894
-0.048096
-0.02948
-0.012909
-0.016174
-0.016052
-0.0062561
0.016815
0.030182
0.024231
0.010529
-0.010315
-0.027832
-0.024048
-0.015137
-0.021606
-0.029205
-0.034607
-0.040771
-0.012299
0.024506
0.041046
0.048584
0.045898
0.037079
0.03421
0.036621
0.027863
0.0095215
-0.0059509
-0.013
0
0.0045776
0.0007019
0.00354
0.00177
-0.0021057
-0.0039062
-0.0045776
-0.010071
-0.015289
-0.0072327
0.00012207
0.013
0.014832
0.023499
0.038116
0.012177
-0.02652
-0.035736
-0.040192
-0.05072
-0.041626
-0.027039
-0.049591
-0.055603
-0.21265
-0.32971
-0.20148
-0.050842
0.088867
0.21646
0.25769
0.25507
0.24695
0.27847
0.22
0.069031
-0.13162
-0.18567
-0.11493
-0.068878
0.0099792
0.055603
0.045349
0.059082
0.13217
0.15082
0.059326
-0.048248
-0.14032
-0.17148
-0.15396
-0.12216
-0.084564
-0.072968
-0.04126
0.029694
0.091736
0.083923
0.044098
0.01886
-0.012177
-0.035828
-0.038757
-0.042999
-0.049896
-0.03949
-0.0062256
0.034882
0.047211
0.028259
0.016602
0.0080261
-0.008667
-0.020142
-0.029236
-0.048065
-0.047302
-0.028931
-0.020172
0.0031433
0.029541
0.034546
0.031036
0.03241
0.040192
0.040436
0.042358
0.039886
0.028229
0.0090332
0.0057983
0.012665
-0.0012512
-0.028534
-0.037048
-0.021881
-0.0065918
-0.0034485
-0.011169
-0.016815
-0.0066833
0.0076599
0.0047913
-0.017609
-0.020966
-0.0051575
0.0093689
0.023895
0.011475
0.0065918
0.0054016
-0.0028381
-0.0075378
-0.058228
-0.091614
-0.28665
-0.37943
-0.19016
-0.034943
0.083405
0.185
0.24182
0.27191
0.30444
0.35071
0.21906
0.0050354
-0.16351
-0.1246
-0.052612
-0.059296
-0.036285
-0.030701
0.0028992
0.11221
0.20535
0.14914
0.013184
-0.06485
-0.09787
-0.094299
-0.11514
-0.16519
-0.17679
-0.13773
-0.039856
0.043121
0.054047
0.024231
0.027649
0.058685
0.064667
0.038025
-0.028717
-0.091339
-0.086151
-0.037384
0.0018921
0.0049744
-0.0040283
-0.0030212
0.016846
0.036926
0.034515
0.0063782
-0.019135
-0.020813
-0.012848
-0.011383
-0.0022278
0.015686
0.032684
0.049866
0.058777
0.045807
0.019867
0.006897
0.017609
0.032715
0.027252
0.0048218
-0.00067139
0.012421
0.016327
0.004364
-0.020966
-0.04599
-0.058807
-0.05188
-0.0271
-0.014374
-0.027588
-0.033783
-0.0092773
0.0094299
0.010468
-0.0032654
-0.0075073
-0.0042725
-0.0032654
0.025024
-0.0038452
-0.02356
-0.098053
-0.36218
-0.29404
-0.10083
-0.041046
0.052307
0.16129
0.23111
0.29114
0.39001
0.34711
0.16772
-0.03183
-0.095703
-0.048187
-0.095062
-0.13892
-0.11276
-0.079773
0.040833
0.17554
0.17722
0.084167
0.050751
0.028198
-0.0022583
-0.06781
-0.17523
-0.20917
-0.1514
-0.085175
-0.03302
-0.023895
-0.038513
-0.004303
0.059723
0.070801
0.043549
0.0005188
-0.021667
-0.0036621
0.0029602
-0.027802
-0.052399
-0.055847
-0.033569
0.00045776
0.0017395
-0.013855
-0.010925
0.0038757
0.015533
0.028687
0.021423
0.023621
0.038696
0.044983
0.037323
0.031952
0.030609
0.028748
0.015747
0.0028076
0.00088501
0.016174
0.027557
0.03302
0.02594
0.0041504
-0.00079346
0.0089722
-0.0048523
-0.038513
-0.055115
-0.056305
-0.049988
-0.026978
-0.01712
-0.036926
-0.054535
-0.027985
0.0032654
-0.0011902
0.00354
0.013275
0.027893
-0.10486
-0.31992
-0.19916
-0.13608
-0.14209
-0.035797
0.071899
0.16833
0.29599
0.40009
0.33572
0.25381
0.14139
0.11374
0.068298
-0.074921
-0.16595
-0.15906
-0.13995
-0.067627
-0.011475
-0.019531
0.026947
0.11624
0.11148
0.064819
0.0043335
-0.059448
-0.065308
-0.065399
-0.11783
-0.16226
-0.14557
-0.099976
-0.043457
-0.0092468
0.014801
0.051514
0.084076
0.089264
0.076691
0.033051
-0.00012207
-0.014099
-0.037598
-0.077393
-0.10382
-0.0867
-0.059692
-0.033569
-0.0013123
0.017517
0.0383
0.061127
0.080109
0.079468
0.06897
0.056061
0.039551
0.026367
0.0059509
-0.00076294
-0.0050049
-0.012024
-0.0073853
-0.004425
0.0099792
0.027771
0.027771
0.013763
0.0021362
0.0027161
-0.011658
-0.02594
-0.037231
-0.038879
-0.0448
-0.044708
-0.037842
-0.038818
-0.030457
-0.0064392
-0.046753
-0.28787
-0.21616
-0.061737
-0.13177
-0.096191
-0.020355
0.03418
0.19067
0.29752
0.25162
0.26495
0.25674
0.18881
0.20789
0.1048
-0.05368
-0.030548
-0.051056
-0.14206
-0.13025
-0.11185
-0.1124
-0.021118
0.010315
-0.014343
0.02774
0.051453
0.04187
0.048096
-0.0099182
-0.062317
-0.063232
-0.088562
-0.11667
-0.088684
-0.084198
-0.062927
-0.007019
0.017395
0.029266
0.053619
0.044098
0.027283
0.028503
0.009552
-0.00045776
0.00061035
-0.013062
-0.020355
-0.013123
-0.018829
-0.014069
-0.0030518
-0.0062256
0.0041504
0.026093
0.02533
0.046143
0.071136
0.069641
0.05661
0.031433
0.01123
0.0021362
-0.0046082
-0.023926
-0.025421
-0.029846
-0.045441
-0.025696
-0.0097046
-0.012085
-0.0038452
-0.0049744
-0.0034485
0.0083923
0.004425
-0.0053101
-0.01889
-0.21606
-0.22247
-0.079773
-0.20337
-0.1882
-0.062714
-0.039307
0.074585
0.20221
0.16559
0.23358
0.30994
0.21402
0.23557
0.22897
0.10138
0.088562
0.066864
-0.068817
-0.084961
-0.089813
-0.15427
-0.14606
-0.1236
-0.13586
-0.062561
-0.038513
-0.059753
0.02417
0.047607
0.017395
0.024658
0.014252
-0.015625
-0.0039673
-0.035339
-0.062134
-0.049316
-0.050781
-0.04776
-0.017548
-0.018616
-0.013336
0.0079346
0.012634
0.024506
0.04361
0.043152
0.045105
0.045135
0.020355
0.0097656
0.0077515
-0.001709
0.0046692
0.012634
0.0047302
0.010468
0.017761
0.019104
0.012756
-0.0021057
-0.0032043
0.008667
0.0076904
0.0010986
0.0058899
-0.0030823
-0.011353
-0.0086975
-0.011139
-0.011597
-0.027252
-0.040466
-0.036713
-0.015991
-0.0035706
-0.10211
-0.18887
-0.085419
-0.1123
-0.15921
-0.08783
-0.055817
-0.022278
0.083923
0.099304
0.12491
0.20572
0.17871
0.18268
0.24872
0.19257
0.14474
0.1637
0.094208
0.055603
0.021912
-0.050323
-0.079102
-0.090881
-0.15735
-0.15491
-0.13934
-0.16669
-0.13016
-0.090424
-0.092194
-0.051392
-0.017609
0.00021362
0.037079
0.044159
0.026337
0.045715
0.038574
0.024963
0.026886
0.0048523
-0.011658
-0.008728
-0.01474
-0.015076
-0.0023804
-0.013367
-0.0097046
0.00177
0.0010376
-0.0019226
0.0032959
0.01059
0.035461
0.045044
0.036987
0.040833
0.049194
0.043884
0.031647
0.010498
0.006134
0.0095215
-0.0057983
-0.018097
-0.025238
-0.027466
-0.037842
-0.038177
-0.032776
-0.032837
-0.034058
-0.021118
-0.021698
-0.090393
-0.066895
-0.043549
-0.093964
-0.10214
-0.075439
-0.073517
-0.027374
0.0093689
0.014587
0.067535
0.10849
0.10919
0.14572
0.15448
0.13446
0.15356
0.15643
0.13879
0.1196
0.073212
0.033112
0.023804
-0.022339
-0.066956
-0.078186
-0.10123
-0.11386
-0.10083
-0.10794
-0.10242
-0.089691
-0.084686
-0.073914
-0.054688
-0.046936
-0.018372
0.0033569
0.0074768
0.021729
0.036224
0.035461
0.042816
0.040039
0.028015
0.028687
0.017731
0.0042419
0.0047913
-0.0011902
-0.013702
-0.0081482
-0.0058899
-0.015686
-0.01532
-0.015381
-0.020264
-0.014496
-0.0033569
0.0093689
0.022156
0.026398
0.026855
0.03476
0.037964
0.02359
0.0091248
0.0021667
-0.0080261
-0.0062256
0.0028992
-0.0024719
-0.011078
-0.013275
-0.0080872
-0.0090637
-0.021332
-0.036621
-0.041382
-0.038544
-0.036957
-0.036652
-0.032471
-0.015686
-0.00076294
0.0073242
0.011139
0.01535
0.026855
0.040314
0.049652
0.053558
0.04895
0.048523
0.05838
0.065063
0.050934
0.032532
0.030212
0.028259
0.02063
0.010071
0.010132
0.0097351
-0.013275
-0.035461
-0.038666
-0.039917
-0.062134
-0.077332
-0.077118
-0.069214
-0.059418
-0.050446
-0.039825
-0.032715
-0.021515
-0.0022278
0.016083
0.017273
0.017944
0.028107
0.032867
0.031494
0.022949
0.018372
0.012451
0.011047
0.020752
0.027802
0.021851
0.016937
0.022278
0.018646
-0.0016174
-0.018005
-0.01944
-0.017548
-0.030548
-0.039825
-0.024994
-0.0032349
0.0083008
0.0076904
0.0028687
0.00097656
6.1035e-05
-0.0016174
-0.0077515
-0.017273
-0.01828
-0.0076294
0.0015564
0.0013428
0.0088196
0.020233
0.018616
0.004364
-0.0054626
-0.0040283
-0.0058899
-0.01413
-0.015076
-0.0067444
0.0014648
0.01181
0.021881
0.026855
0.030273
0.037811
0.042175
0.032806
0.024567
0.019989
0.025818
0.028076
0.015717
0.0083923
0.0070801
0.0078125
0.0059814
0.0011902
-0.0097351
-0.016541
-0.023193
-0.031311
-0.034729
-0.049225
-0.056091
-0.052856
-0.05365
-0.055389
-0.053802
-0.041931
-0.028961
-0.02359
-0.016022
0.0061951
0.020691
0.023132
0.03598
0.041992
0.036194
0.035431
0.041016
0.04245
0.037262
0.021057
0.011383
0.014252
0.01236
0.010468
0.0016174
-0.01709
-0.02533
-0.01709
-0.0112
-0.017242
-0.019989
-0.012482
0.0036011
0.006012
-0.0054016
-0.011383
-0.013184
-0.014313
-0.010895
-0.013214
-0.015503
-0.0042114
0.0056763
0.008728
0.0082703
0.0079041
0.01297
0.024628
0.030518
0.027344
0.021973
0.015167
0.0098572
0.0026855
-0.0030518
-0.0084839
-0.015442
-0.014557
-0.0066528
0.0057983
0.0037231
-0.0062866
-0.00354
0.0048828
0.013672
0.015106
0.0053711
-0.0015564
0.0043335
0.01297
0.011261
0.0048218
-0.0028992
-0.0036011
-0.006073
-0.010254
-0.010132
-0.013428
-0.022369
-0.025146
-0.022705
-0.026276
-0.031006
-0.025635
-0.017365
-0.019196
-0.018402
-0.0065002
0.0035095
0.0064392
0.010284
0.015839
0.018127
0.02066
0.023315
0.031189
0.030334
0.020294
0.017426
0.015564
0.01651
0.016113
0.01178
0.0007019
-0.0076599
