-0.0061646
-0.011322
-0.016907
-0.020081
-0.021881
-0.022064
-0.019623
-0.016602
-0.012695
-0.007019
-0.0019836
0.0014648
0.0037231
0.0040588
0.0021667
-0.0010681
-0.004425
-0.0077515
-0.010406
-0.011963
-0.011597
-0.0096741
-0.0072327
-0.0038452
0.0005188
0.0047607
0.006897
0.0074463
0.0077515
0.0070496
0.0046997
0.0022888
0.00045776
-0.00091553
-0.0021667
-0.0026245
-0.0020447
-0.00085449
0.0012207
0.0041504
0.0064697
0.0077209
0.0081177
0.0075073
0.0055542
0.0020142
-0.0021973
-0.0068665
-0.011902
-0.015991
-0.015106
-0.0092468
-0.00097656
0.0072021
0.012543
0.018341
0.026978
0.033966
0.035736
0.031372
0.019989
0.008606
0.0020447
-0.0014648
-0.0039368
-0.0072937
-0.010773
-0.010742
-0.0054016
0.00064087
0.0019836
-0.0018311
-0.0088501
-0.015533
-0.016998
-0.016052
-0.018829
-0.023468
-0.025085
-0.025177
-0.018921
-0.0066833
-0.0030212
-0.006073
-0.0056458
-0.0075073
-0.0069275
0.0033875
0.0050964
-0.0064087
-0.012909
-0.017273
-0.020203
-0.0056458
0.01059
0.0050964
0.00088501
0.0072327
0.011749
0.028839
0.04599
0.038666
0.026154
0.019501
0.010803
0.012238
0.017609
0.0092773
-0.0029907
-0.0050049
0.0007019
0.012695
0.028809
0.033661
0.023865
0.014374
0.0077209
0.00085449
-0.0030518
-0.010468
-0.025635
-0.039276
-0.041931
-0.034302
-0.022247
-0.0098877
-0.003418
-0.0033875
-0.0018311
0.0016785
0.0038757
0.0037537
-0.002533
-0.014038
-0.022736
-0.024139
-0.02005
-0.012726
-0.005188
0.00012207
0.0035095
0.0086365
0.014343
0.017548
0.017151
0.011719
0.0038452
-0.0020447
-0.0049133
-0.0053711
-0.0037537
-0.0020142
-0.0014648
0.0011597
0.0050049
0.0073853
0.0083008
0.0090637
0.0074158
0.0013123
-0.0036926
-0.0074768
-0.019592
-0.028351
-0.026367
-0.028809
-0.028412
-0.0072021
0.013153
0.028442
0.053253
0.066803
0.06134
0.053528
0.037292
0.011475
-0.0080261
-0.024078
-0.034729
-0.030548
-0.018036
-0.0028076
0.013245
0.022736
0.020325
0.014343
0.0069885
-0.0082397
-0.029968
-0.045776
-0.0513
-0.051727
-0.037201
-0.013489
-0.0043335
-0.0032654
0.0013733
-0.0072937
-0.014069
-0.014374
-0.029999
-0.03009
-0.015381
-0.012115
-0.0033875
0.02121
0.031158
0.031433
0.037811
0.036835
0.024445
0.016479
0.014771
0.0079346
0.0067444
0.0057983
0.004303
0.011993
0.030823
0.043762
0.049286
0.050446
0.037079
0.021271
0.013428
0.0025635
-0.014923
-0.026215
-0.035278
-0.040497
-0.032043
-0.016479
-0.0079041
-0.0031128
0.0007019
-0.0030212
-0.006958
-0.0092773
-0.016815
-0.027802
-0.035004
-0.037659
-0.033905
-0.021881
-0.0090637
-0.0007019
0.0063782
0.01178
0.012604
0.012756
0.011658
0.0038452
-0.0054016
-0.011322
-0.014191
-0.0112
-0.0038757
0.0027161
0.0082397
0.013184
0.016754
0.015747
0.013214
0.010315
0.0021667
-0.0054626
-0.0089722
-0.029358
-0.044922
-0.03302
-0.013611
0.0072937
0.03006
0.033783
0.038391
0.056641
0.065704
0.058258
0.033081
-0.003418
-0.027008
-0.019928
-0.0084229
-0.0075989
-0.011017
-0.0059509
0.0054932
0.022797
0.029938
0.013306
-0.014191
-0.03009
-0.039886
-0.042572
-0.034119
-0.032593
-0.025085
-0.0062256
0.0016479
0.00027466
-0.0068359
-0.025574
-0.037018
-0.045074
-0.042267
-0.03476
-0.026337
-0.005249
0.01828
0.041962
0.056122
0.052216
0.034729
0.014984
0.0030823
-0.0018616
-0.011597
-0.015594
-0.017242
-0.00024414
0.035736
0.069519
0.087616
0.085571
0.064423
0.040314
0.021576
0.00354
-0.022369
-0.046173
-0.055115
-0.046661
-0.020355
0.0087891
0.023834
0.026886
0.023529
0.014923
0.0058289
-0.0080261
-0.032104
-0.05545
-0.063965
-0.057587
-0.041748
-0.02243
-0.0066223
0.0033875
0.01062
0.015778
0.013641
0.006073
-0.0054321
-0.021332
-0.030396
-0.030457
-0.023743
-0.012909
-0.0012817
0.0081482
0.014282
0.017944
0.022583
0.016571
-0.018768
-0.022369
-0.011688
-0.0099792
-0.013977
-0.0014038
-0.0028992
0.011047
0.040314
0.065216
0.061584
0.048126
0.032532
0.027191
0.024567
0.0067444
-0.016541
-0.028137
-0.020935
-0.0046997
0.017334
0.022339
0.010101
-0.0025635
-0.0036316
-0.010345
-0.018097
-0.031372
-0.035614
-0.03363
-0.020721
-0.012756
-0.0080261
-0.0093384
-0.019135
-0.042877
-0.052277
-0.050629
-0.059448
-0.033844
0.0080872
0.025116
0.023621
0.036774
0.028992
0.022278
0.026123
0.017334
-0.0040283
-0.008667
-3.0518e-05
0.023926
0.056305
0.07077
0.067596
0.069122
0.064941
0.044708
0.025848
-0.0010681
-0.036957
-0.056732
-0.044403
-0.02771
-0.015015
-0.0028076
0.0057678
0.0096741
0.01709
0.018341
0.0040894
-0.01767
-0.037872
-0.048279
-0.043213
-0.031219
-0.023163
-0.014648
0.00027466
0.013794
0.022522
0.024323
0.012817
-0.0050659
-0.016785
-0.022003
-0.024628
-0.024445
-0.020996
-0.014954
-0.0030518
0.010834
0.014221
0.010376
0.006012
-0.00073242
-0.0057068
-0.0050049
-0.0093384
-0.030426
-0.035858
-0.026886
-0.0039368
0.0289
0.051544
0.050995
0.051849
0.054352
0.046875
0.033875
0.005127
-0.028473
-0.03537
-0.015106
-0.0031433
0.0035706
0.0041504
0.0046692
0.013397
0.02948
0.014618
-0.010223
-0.025055
-0.031036
-0.019897
-0.0019531
-0.014587
-0.015839
-0.011536
-0.033386
-0.044037
-0.049347
-0.060181
-0.047913
-0.017212
-0.0021362
0.014893
0.0040283
-0.015594
-0.007843
0.016052
0.0099792
0.0016174
0.010895
0.030273
0.059418
0.089844
0.094147
0.071167
0.056213
0.047089
0.0383
0.018646
-0.011627
-0.043549
-0.044067
-0.020752
-0.00012207
0.0088501
0.01001
0.0065613
0.0099792
0.015808
0.0021057
-0.025269
-0.047211
-0.056946
-0.053497
-0.038727
-0.029175
-0.024078
-0.011108
0.009552
0.024506
0.02771
0.019623
0.0044861
-0.0091248
-0.015533
-0.019562
-0.022339
-0.020782
-0.014404
-0.0027771
0.010132
0.01651
0.013336
0.007019
-0.0070496
-0.024109
-0.034515
-0.034485
-0.011658
0.014832
0.033173
0.046417
0.058258
0.051422
0.042603
0.025299
-0.0018005
-0.024811
-0.029083
-0.027405
-0.016876
-0.0036011
0.0047302
0.014832
0.024933
0.021759
0.0084534
-0.012604
-0.026093
-0.024872
-0.026794
-0.023254
-0.01236
-0.0018005
-0.012787
-0.018188
-0.042755
-0.053162
-0.032104
-0.029785
-0.03009
-0.057495
-0.080322
-0.054626
0.0010071
0.026642
0.053009
0.0784
0.1001
0.13647
0.16116
0.12424
0.068115
0.031097
0.0023499
-0.012573
-0.026459
-0.053009
-0.066132
-0.029755
0.008606
0.03302
0.04361
0.040314
0.027283
0.022614
-0.00048828
-0.043365
-0.080994
-0.094879
-0.089905
-0.071503
-0.050354
-0.036194
-0.013977
0.017303
0.041382
0.049072
0.04483
0.027466
0.0056763
-0.0094604
-0.024261
-0.040955
-0.038696
-0.025238
-0.011108
0.0031738
0.011383
0.0073853
0.0071411
0.013153
0.013123
0.011383
0.010284
0.0066528
0.011749
0.021393
0.026184
0.021698
0.021118
0.015106
0.0086365
0.0037537
6.1035e-05
-0.002655
-0.0017395
0.0031738
0.0032043
0.0031738
0.0083313
0.0058594
-0.011353
-0.021362
-0.032959
-0.043884
-0.031921
-0.024323
-0.015045
-0.0068665
-0.0020752
-0.012482
-0.014923
-0.011353
-0.028381
-0.047882
-0.11234
-0.14023
-0.10837
-0.070312
-0.021851
0.043182
0.088104
0.15155
0.2196
0.22946
0.19092
0.14557
0.08728
0.021545
-0.018799
-0.079865
-0.12729
-0.12323
-0.079254
-0.043488
0.00085449
0.037231
0.064148
0.09137
0.096069
0.058258
0.0036621
-0.039062
-0.078491
-0.1062
-0.12497
-0.1344
-0.12228
-0.072937
-0.021576
0.019989
0.056885
0.08429
0.092804
0.087982
0.063019
0.021484
-0.013397
-0.040161
-0.064453
-0.075439
-0.074188
-0.069
-0.050415
-0.019562
0.0055542
0.029449
0.05545
0.068665
0.070984
0.070251
0.057037
0.035492
0.018494
0.00027466
-0.015625
-0.017883
-0.016052
-0.014771
-0.0059204
0.0071411
0.018036
0.02298
0.026123
0.021515
0.010895
-0.00015259
-0.015961
-0.036072
-0.029968
-0.027069
-0.043457
-0.037415
-0.038452
-0.049286
-0.052368
-0.043671
-0.06723
-0.15802
-0.1192
-0.080048
-0.076935
-0.036102
0.039062
0.057831
0.15063
0.22052
0.20978
0.19397
0.20212
0.13345
0.085968
0.043762
-0.050537
-0.097504
-0.094086
-0.10956
-0.1142
-0.064453
-0.044373
0.0039673
0.059753
0.069031
0.056213
0.068756
0.043915
0.0098572
-0.020264
-0.066986
-0.1059
-0.1077
-0.11069
-0.1055
-0.07077
-0.035278
0.00088501
0.047577
0.072784
0.081665
0.090973
0.076813
0.046326
0.022186
-0.011383
-0.043427
-0.061646
-0.082672
-0.085846
-0.066254
-0.045593
-0.024109
0.0050354
0.029022
0.049438
0.071655
0.076569
0.071014
0.066986
0.047333
0.023438
0.0050964
-0.013733
-0.023499
-0.024506
-0.029724
-0.022247
-0.0061035
-0.0021973
0.0028687
0.011536
0.0046387
-0.0016785
0.0075684
0.0076904
-0.0020142
-0.0080872
-0.016083
-0.036438
-0.03183
-0.059509
-0.16537
-0.13733
-0.11636
-0.15091
-0.09549
-0.024048
-0.017944
0.082458
0.1564
0.16879
0.21118
0.23557
0.18106
0.18875
0.15512
0.055939
0.015808
-0.026672
-0.095612
-0.11142
-0.12094
-0.14804
-0.10727
-0.076782
-0.065033
-0.0094604
0.029663
0.03418
0.069336
0.073822
0.051483
0.042816
0.016174
-0.027893
-0.039398
-0.062042
-0.084839
-0.074554
-0.070526
-0.065216
-0.029388
-0.0074463
0.0091553
0.038239
0.045593
0.045715
0.055115
0.034607
0.018768
0.016724
-0.011322
-0.026703
-0.020325
-0.029999
-0.027893
-0.013123
-0.0097656
0.001709
0.018311
0.0271
0.041351
0.047607
0.041229
0.046661
0.040466
0.021698
0.015686
0.0015869
-0.015076
-0.020294
-0.033417
-0.037476
-0.032898
-0.039337
-0.031494
-0.014984
-0.021484
-0.027222
-0.013733
-0.014954
-0.087158
-0.06601
-0.055511
-0.11502
-0.083435
-0.044464
-0.071564
-0.0035095
0.044922
0.051971
0.11914
0.15872
0.14764
0.20068
0.19003
0.13931
0.14481
0.10419
0.036377
0.014679
-0.043152
-0.08902
-0.087494
-0.12045
-0.13718
-0.10809
-0.11154
-0.092468
-0.040497
-0.030426
-0.0093079
0.017822
0.021027
0.036163
0.045013
0.023163
0.025238
0.021393
0.0020752
0.0011597
-0.0049133
-0.021027
-0.02124
-0.026764
-0.032776
-0.027252
-0.037598
-0.038269
-0.021637
-0.025299
-0.016144
0.0064087
0.013641
0.026947
0.039551
0.04248
0.055695
0.054871
0.043793
0.045746
0.036926
0.023529
0.020111
0.0059814
-0.0036011
-0.0038147
-0.012268
-0.016541
-0.014465
-0.026215
-0.017242
-0.012756
-0.025116
-0.022156
-0.018066
-0.022949
-0.010925
-0.018768
-0.030945
-0.046021
-0.057159
-0.051666
-0.069702
-0.08667
-0.067719
-0.059143
-0.045929
-0.008667
0.015259
0.037781
0.077393
0.099854
0.12201
0.14362
0.14206
0.14297
0.14493
0.12216
0.098816
0.076965
0.041931
0.0083008
-0.026794
-0.065369
-0.087921
-0.10605
-0.12177
-0.12228
-0.12048
-0.11234
-0.092194
-0.070862
-0.046295
-0.020477
-0.0007019
0.016754
0.032013
0.042999
0.04776
0.045715
0.04068
0.035583
0.027618
0.018555
0.0084229
-0.0047913
-0.016052
-0.020996
-0.027771
-0.029419
-0.030975
-0.031738
-0.02179
-0.0078125
-0.0010681
0.011749
0.023285
0.031677
0.042633
0.045013
0.042694
0.046112
0.042633
0.033691
0.028442
0.017609
0.0022583
-0.0080566
-0.01889
-0.031219
-0.038666
-0.045746
-0.045502
-0.039276
-0.037079
-0.03418
-0.017517
-0.030762
-0.034454
-0.012238
-0.028412
-0.035889
-0.019653
-0.032532
-0.029022
-0.01004
-0.0094604
0.0039673
0.023956
0.030731
0.057434
0.073059
0.072449
0.085724
0.090149
0.085236
0.08905
0.073242
0.057404
0.049347
0.030823
0.013062
0
-0.021393
-0.034607
-0.044067
-0.059052
-0.066772
-0.071777
-0.079254
-0.074463
-0.071014
-0.067841
-0.057251
-0.047943
-0.036896
-0.021057
-0.010498
-0.00015259
0.012878
0.020752
0.02533
0.031616
0.033142
0.031952
0.031219
0.029694
0.02536
0.019806
0.015778
0.014923
0.012573
0.0087585
0.0049744
0.0018616
-3.0518e-05
0.0010681
0.00061035
-0.0016785
-0.0030823
-0.0010986
0.0036011
0.0033569
0.004303
0.004303
-0.00076294
-0.006012
-0.0090942
-0.012268
-0.014008
-0.015869
-0.019348
-0.016052
-0.01059
-0.009613
-0.0081787
-0.0089722
-0.009552
-0.0068054
-0.0075073
-0.011566
-0.01001
-0.0094299
-0.0081177
-0.0062256
-0.0074463
-0.0054932
-0.00088501
0.0070801
0.016541
0.023163
0.03067
0.04068
0.050537
0.056183
0.055145
0.048615
0.043274
0.036011
0.025604
0.013031
-0.00033569
-0.011566
-0.021942
-0.030731
-0.034576
-0.038086
-0.042023
-0.041901
-0.036499
-0.031616
-0.027466
-0.022278
-0.020905
-0.017242
-0.01413
-0.015076
-0.012543
-0.0081177
-0.0040283
0.0011902
0.0082397
0.011444
0.017212
0.022888
0.022797
0.023132
0.023285
0.020874
0.017487
0.012238
0.0047302
0.0034485
0.00073242
-0.0049438
-0.0063782
-0.0083008
-0.011444
-0.011139
-0.011536
-0.011719
-0.0083618
-0.0058899
-0.0044556
-0.00082397
0.0044556
0.0082397
0.0066223
0.00018311
-0.0041504
-0.0068359
-0.011261
-0.015808
-0.018311
-0.017792
-0.014282
-0.0058594
-0.00021362
0.0016785
0.0054626
0.011353
0.015289
0.0159
0.015625
0.015381
0.017242
0.018646
0.018036
0.018738
0.019501
0.018005
0.018219
0.016968
0.014404
0.012238
0.010071
0.0075378
0.0056458
0.00015259
-0.0041809
-0.0074768
-0.013092
-0.017761
-0.020508
-0.025452
-0.029083
-0.029358
-0.030945
-0.029755
-0.025452
-0.022125
-0.013824
-0.0038757
0.00057983
0.0058594
0.010681
0.011566
