0.030396
0.034454
0.025787
0.022797
0.020081
0.013
0.011017
0.00354
-0.011536
-0.02301
-0.025452
-0.023193
-0.02002
-0.013306
-0.010986
-0.012177
-0.0079346
-0.0051575
-0.0052185
-0.0098572
-0.017059
-0.025146
-0.027649
-0.024414
-0.018005
-0.013977
-0.010925
-0.0090027
-0.0069275
-0.0033875
0.00057983
0.00091553
-0.0015259
-0.0045166
-0.005188
-0.00088501
0.0048523
0.0075684
0.0046997
0.0022278
0.00048828
0.00073242
0.0024719
0.00015259
-0.0093994
-0.015717
-0.013367
0.00054932
0.019989
0.034119
0.036133
0.034119
0.031738
0.030273
0.027649
0.014679
-0.0052795
-0.017853
-0.014404
-0.00045776
0.012909
0.016418
0.011414
0.0072327
0.0091858
0.0098572
0.00039673
-0.019012
-0.034088
-0.036957
-0.02655
-0.012573
-0.0054321
-0.0077209
-0.012482
-0.012543
-0.0084229
-0.0044861
-0.0093689
-0.028351
-0.043732
-0.04422
-0.036346
-0.022491
-0.0044556
0.0023804
0.0046082
0.015228
0.026703
0.030609
0.028839
0.020691
0.0080566
0.0049744
0.013336
0.019867
0.023499
0.02713
0.028229
0.03775
0.049103
0.053711
0.043152
0.030273
0.01593
0.0029297
-0.0033875
-0.011688
-0.022339
-0.027435
-0.023621
-0.017578
-0.010895
-0.0069885
-0.0074463
-0.0076294
-0.0042419
-0.0060425
-0.01004
-0.016144
-0.022736
-0.026001
-0.022797
-0.018555
-0.01712
-0.012787
-0.0084534
-0.0066223
-0.0023193
0.00039673
-0.0037231
-0.0056763
-0.0057068
-0.0096741
-0.0074768
-0.0024109
-0.0044556
-0.0042419
3.0518e-05
-0.01062
-0.015472
-0.013977
-0.017853
-0.01236
0.007019
0.014679
0.025055
0.038452
0.040253
0.038483
0.039551
0.025757
0.0085449
0.0021362
-0.0035706
-0.0035095
0.0045776
0.0072327
0.0071106
0.013306
0.015991
0.012604
0.0069885
-0.0015564
-0.014374
-0.021301
-0.020538
-0.022522
-0.021576
-0.010529
-0.0085754
-0.0050964
-0.0015564
-0.0041199
-0.011078
-0.0091553
-0.015015
-0.029663
-0.038757
-0.033051
-0.036041
-0.019867
-0.013641
-0.028412
-0.032349
-0.022705
-0.016144
0.0021057
0.018799
0.022034
0.036835
0.06778
0.087067
0.091949
0.089569
0.06781
0.052338
0.043091
0.027344
-3.0518e-05
-0.017975
-0.028961
-0.025726
-0.012634
-0.0023499
-0.0030212
0.00088501
0.0053101
0.0054626
-0.0011597
-0.014221
-0.032166
-0.042511
-0.042511
-0.041565
-0.039734
-0.034088
-0.024231
-0.011536
0.0049744
0.014404
0.015015
0.012848
0.0083008
0.0018921
-0.0047302
-0.013855
-0.022766
-0.024475
-0.019104
-0.014862
-0.010986
-0.009491
-0.01004
-0.0071716
9.1553e-05
0.0035095
0.0039368
0.0087585
0.015137
0.020691
0.026825
0.026855
0.019287
0.015625
0.013092
0.008728
0.0050049
0.0040894
0.0031128
0.0056458
0.013794
0.016907
0.014984
0.013947
0.0084839
0.00036621
-0.0060425
-0.01001
-0.017853
-0.022949
-0.020569
-0.020081
-0.010284
0.0005188
-0.0011902
-0.006073
0.0012817
0.0027161
0.00039673
-0.0056152
-0.011414
-0.031036
-0.028778
-0.052032
-0.10736
-0.11053
-0.083801
-0.073181
-0.015442
0.039764
0.063995
0.12305
0.18195
0.17834
0.15405
0.1254
0.063507
0.024536
-0.0013733
-0.0578
-0.09671
-0.085602
-0.066071
-0.035004
0.0065002
0.022156
0.033569
0.061005
0.059418
0.029022
-0.0028076
-0.037933
-0.069885
-0.0784
-0.079803
-0.087921
-0.071533
-0.038635
-0.011536
0.018555
0.041718
0.047089
0.051849
0.053253
0.033173
0.006897
-0.010406
-0.029266
-0.039368
-0.03952
-0.04422
-0.044708
-0.024445
-0.0094299
0.001709
0.015778
0.022491
0.024841
0.034546
0.0336
0.024811
0.017883
0.014801
0.0053711
0.0014038
-0.00061035
-0.0036621
0.0015564
0.0065002
0.0064087
0.013062
0.014038
0.012787
0.014221
0.010406
0.0022583
-0.0039062
-0.011444
-0.018066
-0.0242
-0.027985
-0.027405
-0.024445
-0.026093
-0.019379
-0.011444
0.0005188
0.015259
0.015533
0.027374
0.021545
-0.0082092
-0.022705
-0.094025
-0.13101
-0.10818
-0.11804
-0.094452
-0.021759
0.020782
0.082428
0.16971
0.19556
0.18475
0.19745
0.1543
0.097565
0.061371
-0.011475
-0.073608
-0.087769
-0.10153
-0.11221
-0.076172
-0.044495
-0.018158
0.027893
0.046814
0.04599
0.054535
0.044281
0.014923
-0.0092468
-0.04126
-0.070465
-0.073761
-0.080536
-0.07959
-0.059784
-0.039734
-0.014557
0.017242
0.039948
0.050201
0.056061
0.050629
0.039429
0.023407
0.00030518
-0.020477
-0.041656
-0.062744
-0.058167
-0.046875
-0.039948
-0.013794
0.01004
0.023254
0.046295
0.058685
0.055817
0.055389
0.048248
0.029968
0.019653
0.006134
-0.012726
-0.01358
-0.01297
-0.015564
-0.0092773
-0.0050354
-0.0068359
-0.0010376
0.0029907
-0.0046692
-0.0080566
-0.0072021
-0.013
-0.021423
-0.029022
-0.031769
-0.036285
-0.023987
-0.022858
-0.02298
-0.0012207
-0.007782
-0.0097961
-0.024689
-0.062408
-0.037628
-0.05188
-0.080536
-0.032043
-0.0029297
0.0066223
0.0755
0.11261
0.11438
0.15677
0.16159
0.12811
0.12714
0.083588
0.021973
0.0039062
-0.035492
-0.080566
-0.077087
-0.079681
-0.084991
-0.051666
-0.03891
-0.030029
0.0065002
0.016113
0.017365
0.033356
0.021973
0.00039673
0.0027466
-0.013824
-0.038391
-0.03595
-0.049713
-0.058502
-0.039886
-0.036926
-0.030396
-0.0063171
0.0012207
0.0066528
0.023529
0.016022
0.006073
0.01297
0.0026245
-0.0055237
0.0041199
-0.0010986
-0.0016785
0.01355
0.013397
0.014557
0.022156
0.018738
0.017365
0.025696
0.020905
0.019562
0.023773
0.019104
0.016968
0.017944
0.0095825
0.005249
0.00015259
-0.010223
-0.01416
-0.021606
-0.029419
-0.029205
-0.031372
-0.03537
-0.029175
-0.025543
-0.031525
-0.023926
-0.015015
-0.027863
-0.045502
-0.055847
-0.042023
-0.059479
-0.05899
-0.040741
-0.021851
-0.0018005
0.031799
0.068054
0.095154
0.11746
0.13129
0.1438
0.14655
0.12311
0.099548
0.075867
0.036102
-0.0043945
-0.040222
-0.065765
-0.084167
-0.099274
-0.10144
-0.090027
-0.072327
-0.053864
-0.029022
-0.0087891
0.0076599
0.020142
0.025848
0.027618
0.026917
0.014832
0.012543
0.0091858
-0.0084534
-0.017151
-0.021362
-0.030518
-0.033142
-0.035767
-0.037415
-0.025482
-0.023895
-0.017059
-0.0023499
0.0045166
0.016418
0.026123
0.026794
0.031616
0.032349
0.029236
0.025787
0.02301
0.015289
0.014252
0.010345
0.0023193
0.0031433
0.0036621
0.0014954
0.0032349
0.0023804
-0.0031738
-0.0033875
-0.0031738
-0.010803
-0.0075073
-0.0099182
-0.016083
-0.010345
-0.0077515
-0.015717
-0.016357
-0.01709
-0.019989
-0.030579
-0.052704
-0.056854
-0.039764
-0.069214
-0.061768
-0.035034
-0.039551
-0.021362
0.016876
0.03244
0.061005
0.08371
0.096832
0.12662
0.13193
0.10919
0.11169
0.099335
0.063599
0.044617
0.016571
-0.01593
-0.037201
-0.062256
-0.078125
-0.080139
-0.092163
-0.093414
-0.074951
-0.068604
-0.055573
-0.03479
-0.018982
0.0005188
0.013458
0.02594
0.03833
0.035889
0.036713
0.038513
0.025452
0.013641
0.0050659
-0.0073242
-0.016083
-0.021118
-0.030151
-0.031586
-0.024841
-0.026031
-0.015625
-0.0046082
-0.003479
0.0079956
0.018311
0.021149
0.030579
0.033325
0.031128
0.033844
0.029572
0.020264
0.018372
0.010101
-0.00018311
-0.0037537
-0.0098877
-0.011536
-0.014069
-0.020294
-0.01889
-0.019135
-0.02594
-0.022491
-0.018311
-0.023712
-0.025604
-0.019653
-0.016357
-0.028931
-0.03421
-0.024048
-0.03949
-0.042633
-0.028503
-0.033508
-0.027374
-0.0038452
0.0021057
0.023712
0.048218
0.056702
0.0802
0.1012
0.098419
0.10748
0.10703
0.093567
0.086273
0.068085
0.040771
0.022583
-0.0065613
-0.032379
-0.049042
-0.07428
-0.089417
-0.090118
-0.096771
-0.088013
-0.078796
-0.072205
-0.049408
-0.031921
-0.025787
-0.0046997
0.0088806
0.013092
0.024292
0.028046
0.026459
0.029694
0.026031
0.023224
0.023651
0.016785
0.010864
0.0092163
0.0039978
0.00085449
0.00076294
-0.0021973
0.0019226
0.0038757
0.0013123
0.0049133
0.0069885
0.0080566
0.0097656
0.0075989
0.0055237
0.0052795
0.0045166
0.0018921
-0.0010681
-0.0031738
-0.005249
-0.0085754
-0.010132
-0.016144
-0.019318
-0.019318
-0.025269
-0.023438
-0.028137
-0.044434
-0.029266
-0.034088
-0.050507
-0.033478
-0.029816
-0.036896
-0.014465
-0.0047913
0.0050049
0.030273
0.042175
0.057098
0.081848
0.082825
0.090149
0.10046
0.087189
0.078888
0.070099
0.048798
0.0354
0.019501
-0.0019226
-0.014648
-0.028564
-0.046204
-0.050262
-0.060913
-0.072662
-0.066681
-0.067383
-0.069641
-0.057434
-0.053711
-0.043121
-0.028168
-0.021851
-0.0094299
0.0046082
0.0086975
0.018799
0.026367
0.027649
0.032837
0.032898
0.029083
0.032898
0.028381
0.01944
0.017487
0.008667
0.0012207
-0.0011292
-0.0096436
-0.013611
-0.014221
-0.019318
-0.014771
-0.011353
-0.013123
-0.0061646
-0.0023804
-0.00067139
0.0062256
0.0081482
0.0093994
0.01181
0.010529
0.0079956
0.0053711
0.0025024
-0.00082397
-0.0050354
-0.0093689
-0.017639
-0.02121
-0.024963
-0.031921
-0.031921
-0.028534
-0.028839
-0.020721
-0.01236
-0.0067139
0.0056763
0.017242
0.023773
0.034332
0.041321
0.045441
0.050751
0.051147
0.05127
0.05249
0.048187
0.043304
0.039124
0.031281
0.021027
0.011322
0.00027466
-0.010284
-0.022186
-0.036133
-0.04657
-0.053162
-0.060333
-0.06189
-0.059509
-0.055725
-0.048309
-0.039001
-0.027161
-0.014771
-0.0057373
0.005249
0.015259
0.020752
0.024689
0.026855
0.027222
0.025116
0.021576
0.018311
0.014435
0.009491
0.0049744
0.0016785
-0.0026855
-0.0080566
-0.010101
-0.010345
-0.010956
-0.011047
-0.0091553
-0.0057373
-0.0039978
-0.0025635
-0.00045776
0.0017395
0.0032349
0.0038757
0.0046692
0.0040588
0.0037231
0.0041809
0.0024109
0.0010376
-0.00057983
-0.0024719
-0.0021667
-0.0038147
-0.0055847
-0.0057983
-0.0076904
-0.0077515
-0.0068359
-0.006134
-0.0042114
-6.1035e-05
0.0057373
0.01059
0.015717
0.02066
0.023743
0.025665
0.026825
0.025696
0.025879
0.024048
0.020813
0.018494
0.015625
0.012512
0.0082092
0.003479
-0.00012207
-0.0054016
-0.0097656
-0.014954
-0.020477
-0.025238
-0.028503
-0.031219
-0.03302
-0.033722
-0.032379
-0.030212
-0.028168
-0.024658
-0.021759
-0.017242
-0.01181
-0.0081177
-0.0011292
0.0041809
0.0068054
0.011658
0.014709
0.015106
0.017487
0.019592
0.020142
0.020813
0.020355
0.018951
0.016571
0.012726
0.010101
0.0061035
0.00067139
