0.010834
-0.00085449
-0.0090942
-0.013977
-0.014252
-0.01236
-0.0094299
-0.0047302
-0.0022583
-0.0032349
-0.0064697
-0.012451
-0.020294
-0.027618
-0.033112
-0.036499
-0.037994
-0.035675
-0.030792
-0.023041
-0.013702
-0.0044556
0.0032654
0.0079651
0.0085754
0.0065613
0.0034485
-0.00039673
-0.0050964
-0.0091248
-0.0099487
-0.0092468
-0.0072021
-0.0018311
0.00354
0.0062561
0.0087585
0.0093384
0.0074158
0.006134
0.0053101
0.004364
0.005249
0.006958
0.0084534
0.0097961
0.010529
0.010254
0.0091858
0.0093994
0.0084839
0.007019
0.006958
0.0061951
0.0045776
0.0040894
0.003479
0.0030212
0.0016785
-0.00085449
-0.0036621
-0.0047302
-0.00354
-0.002533
-0.0017395
-0.0013733
-0.0019836
-0.002533
-0.0030823
-0.0031738
-0.0025635
-0.0044556
-0.0059204
-0.0064697
-0.0049133
0.0017395
0.0059509
0.004303
0.00177
-0.0038452
-0.0073547
-0.0048218
-0.0061951
-0.012146
-0.0076904
-0.0028687
0.0063782
0.012817
-0.0019531
-0.019714
-0.032257
-0.034943
-0.021454
-0.018921
-0.027374
-0.038635
-0.043701
-0.026764
0.0027771
0.032074
0.050354
0.058746
0.067047
0.073853
0.078339
0.069824
0.045441
0.019073
-0.0028992
-0.011414
-0.0077515
-0.0019836
0.0012207
0.0025635
0.0049744
0.0097656
0.013031
0.010864
-0.00064087
-0.016846
-0.033081
-0.04303
-0.043915
-0.04068
-0.03656
-0.031738
-0.027069
-0.018188
-0.0078125
0.00073242
0.005188
0.0032654
-0.0019531
-0.0074463
-0.010406
-0.010651
-0.011414
-0.012177
-0.010986
-0.0073853
-0.00177
0.0038147
0.0051575
0.0038757
0.0028687
0.0038147
0.0046387
0.0046997
0.0031433
0.0038452
0.0066223
0.011536
0.015625
0.017029
0.012848
0.0067749
0.0027161
0.0019531
0.004364
0.0088806
0.0096741
0.010864
0.013458
0.016266
0.016113
0.013214
0.0075073
0.00082397
-0.0036621
-0.0054626
-0.0062866
-0.0046082
-0.0014954
0.0011597
0.0021057
0.00018311
-0.0032959
-0.0068359
-0.0077515
-0.0082397
-0.0082397
-0.0084229
-0.010925
-0.0084534
-0.007019
-0.006134
-0.0031738
-0.0066833
-0.0080872
-0.0077209
-0.0064392
-0.0050049
-0.0085754
0.0014648
0.012146
-0.0013733
-0.0092773
-0.02774
-0.043457
-0.028198
-0.012421
-0.017365
-0.027588
-0.045166
-0.052765
-0.024445
0.024384
0.05658
0.077209
0.087738
0.085236
0.084869
0.08252
0.061005
0.022675
-0.0083618
-0.024353
-0.025024
-0.0075989
0.0090637
0.011688
0.013275
0.018951
0.02243
0.018372
0.0066833
-0.018585
-0.044769
-0.056671
-0.057068
-0.048401
-0.034729
-0.025421
-0.018341
-0.007782
0.0041199
0.0091553
0.0063171
-0.0015869
-0.011536
-0.018341
-0.019073
-0.016632
-0.01474
-0.011414
-0.0072021
-0.0042725
-0.0022278
-0.0032349
-0.0069275
-0.0093079
-0.0091248
-0.0063477
-0.0029907
0.0014648
0.0059509
0.009613
0.012817
0.016785
0.017029
0.014862
0.012634
0.0077515
0.0037537
0.0046082
0.006134
0.011108
0.016846
0.019135
0.020905
0.019623
0.01593
0.011353
0.0072937
0.0035706
0.00064087
-0.0015259
-0.0017395
0.00018311
0.00094604
0.0011597
-0.00054932
-0.0075378
-0.011444
-0.0087585
-0.0057983
-0.0040588
-0.00354
-0.0055847
-0.0049438
-0.0010986
-0.0025024
-0.0079956
-0.017365
-0.022095
-0.015411
-0.014496
-0.0060425
0.003418
-0.00033569
0.0016479
0.011169
-0.0016174
-0.024017
-0.024231
-0.021729
-0.042725
-0.055603
-0.079285
-0.099548
-0.05957
0.0044556
0.06189
0.10852
0.12915
0.12476
0.12244
0.11475
0.068298
0.0068359
-0.038055
-0.063416
-0.052765
-0.019135
0.0068665
0.014832
0.027924
0.044189
0.049622
0.044342
0.018707
-0.025146
-0.057373
-0.067505
-0.066315
-0.059937
-0.046326
-0.033295
-0.01535
0.0098877
0.023346
0.019714
0.0083313
-0.0045166
-0.01413
-0.015045
-0.01593
-0.021759
-0.023132
-0.014191
-0.0024414
0.0057373
0.0063171
-0.0010376
-0.009491
-0.011841
-0.011536
-0.010284
-0.0085754
-0.0073547
-0.0045471
0.0050354
0.014862
0.016144
0.01181
0.0051575
0.003479
0.0028687
0.0067749
0.0098572
0.011719
0.016724
0.028107
0.035522
0.033234
0.021637
0.0088806
0.00042725
-0.00088501
-0.0016479
-0.0040588
-0.0039368
0.00082397
0.0065613
0.0093384
0.0046997
-0.0054321
-0.011017
-0.0093689
-0.0067444
-0.0057068
-0.01004
-0.013123
-0.013
-0.013062
-0.011871
-0.011566
-0.011383
-0.0080566
-0.00021362
0.0034485
0.0072632
0.0069275
0.0018921
-0.011536
-0.023804
-0.031342
-0.0448
-0.06488
-0.089386
-0.11658
-0.093658
-0.041962
0.024048
0.080994
0.11996
0.13837
0.15421
0.15347
0.12158
0.059967
-0.0026245
-0.047211
-0.052917
-0.039795
-0.028351
-0.014282
0.0078125
0.040771
0.065735
0.072052
0.043365
0.00042725
-0.034912
-0.057312
-0.0737
-0.083862
-0.085419
-0.073242
-0.042908
-0.006073
0.015656
0.024506
0.024261
0.022034
0.01767
0.0081787
-0.0075684
-0.024475
-0.02951
-0.021393
-0.012665
-0.0090637
-0.0085449
-0.0046082
0.0025024
0.0092163
0.0083313
-0.0018921
-0.0088196
-0.0078735
-0.0042725
-0.0048828
-0.0096741
-0.016113
-0.018372
-0.0085144
0.0056763
0.012299
0.014679
0.017731
0.022034
0.028229
0.033386
0.031677
0.023468
0.01712
0.015839
0.0159
0.011475
0.0060425
0.0026855
0.0012512
0.0036926
0.0056152
0.0019836
-0.0043335
-0.0087891
-0.0095215
-0.0090332
-0.010651
-0.014496
-0.015991
-0.01886
-0.015381
-0.0059814
-0.0097351
-0.017151
-0.0075989
-0.0033875
-0.0095825
0.0072937
0.0084229
-0.0093384
-0.018097
-0.026215
-0.030853
-0.039825
-0.1059
-0.12238
-0.074646
-0.03717
0.0080261
0.067566
0.099762
0.13217
0.17139
0.17056
0.12274
0.066315
0.0023804
-0.033783
-0.047791
-0.071198
-0.078003
-0.053436
-0.012146
0.027893
0.064636
0.071045
0.054413
0.044128
0.024506
-0.01062
-0.047455
-0.076721
-0.08728
-0.076233
-0.061981
-0.049957
-0.027771
0.00042725
0.022278
0.036255
0.039673
0.030182
0.01825
0.0083313
-0.0075989
-0.026276
-0.037994
-0.041412
-0.0336
-0.024017
-0.02005
-0.010651
0.0054016
0.015656
0.016327
0.010162
0.006897
0.0045471
0.0064697
0.006073
0.0021362
0.001709
0.004425
0.007019
0.0066833
0.0046387
0.0039062
0.0084839
0.015167
0.017365
0.016968
0.01651
0.014435
0.016266
0.019043
0.011749
0.0014648
-0.0026855
-0.0028687
-0.0027771
-0.004364
-0.0084229
-0.01239
-0.0088806
-0.0020447
-0.0022888
-0.0019226
-0.0058899
-0.014282
-0.016846
-0.0092163
-0.018188
-0.027679
-0.024475
-0.032562
-0.020752
-0.023926
-0.047302
-0.075592
-0.080963
-0.042938
-0.035187
-0.02478
0.012207
0.053162
0.10159
0.14124
0.14484
0.12592
0.12219
0.092957
0.052734
0.01944
-0.027588
-0.059723
-0.059143
-0.056122
-0.056183
-0.034912
-0.0069885
0.012146
0.031219
0.031342
0.019897
0.013702
-0.0010071
-0.026428
-0.046387
-0.058746
-0.066284
-0.057678
-0.044037
-0.032257
-0.011353
0.012299
0.026428
0.036407
0.041656
0.037598
0.031128
0.020142
-0.0005188
-0.022003
-0.03241
-0.039948
-0.046844
-0.046051
-0.047974
-0.036011
-0.0085144
0.0045776
0.014832
0.032715
0.040283
0.044617
0.043518
0.029053
0.014374
0.01059
-0.0035706
-0.01004
-0.0077209
-0.0090637
-0.002594
0.010315
0.012115
0.014435
0.02179
0.018738
0.013794
0.0048218
-0.0047607
-0.0084229
-0.011108
-0.015808
-0.023926
-0.021912
-0.0224
-0.021118
-0.021149
-0.015594
-0.011261
-0.0099487
0.00042725
0.0093689
0.0054016
-0.0018921
-0.0083313
-0.039612
-0.067963
-0.043793
-0.063934
-0.072235
-0.033722
-0.0052795
0.032501
0.087128
0.10815
0.11533
0.14853
0.13425
0.10666
0.088928
0.045532
-0.0055847
-0.02594
-0.053406
-0.073425
-0.068848
-0.063416
-0.057068
-0.028809
-0.016357
-0.0091553
0.010101
0.013885
0.011658
0.014679
0.0047913
-0.0093689
-0.010529
-0.019043
-0.027069
-0.029266
-0.038055
-0.040833
-0.030243
-0.020447
-0.014435
0.0018616
0.013092
0.02066
0.032288
0.029144
0.017273
0.01297
0.00079346
-0.013672
-0.017822
-0.022919
-0.020264
-0.0086365
-0.0033875
0.0061035
0.020172
0.025482
0.03241
0.035919
0.03006
0.025574
0.019135
0.0053406
-0.0037537
-0.01059
-0.015625
-0.013947
-0.014465
-0.015137
-0.010193
-0.0091553
-0.0091553
-0.0057373
-0.0069885
-0.01358
-0.010498
-0.010559
-0.01535
-0.012543
-0.0079041
-0.010956
-0.012573
0.0018616
0.01001
-0.0083008
0.011383
-0.027832
-0.058472
-0.027466
-0.054962
-0.083771
-0.044128
-0.028656
-0.017578
0.049072
0.067352
0.075012
0.13031
0.13486
0.12204
0.13663
0.10135
0.062134
0.056793
0.012512
-0.030182
-0.039856
-0.064728
-0.082367
-0.06781
-0.077271
-0.068695
-0.038574
-0.032227
-0.02356
0.0023804
0.0064392
0.009491
0.020752
0.010864
0.0038452
0.0027466
-0.013367
-0.020508
-0.02179
-0.0383
-0.033661
-0.021362
-0.023224
-0.0098877
0.0061646
0.0026245
0.0098572
0.021149
0.011841
0.0112
0.013885
0.0016174
0.0037537
0.0057983
-3.0518e-05
0.0061951
0.0080872
0.0058594
0.013885
0.015503
0.011841
0.015137
0.010986
0.0074463
0.011536
0.0074463
0.0066833
0.012573
0.004425
0.0010376
0.00064087
-0.0076904
-0.010468
-0.016846
-0.023315
-0.021088
-0.026215
-0.031128
-0.021881
-0.026672
-0.016052
-0.014862
-0.025604
-0.027039
-0.035126
-0.039734
-0.04068
-0.041809
-0.03952
-0.023041
-0.0095215
0.0088501
0.035095
0.055786
0.075317
0.097687
0.10669
0.11362
0.11578
0.10443
0.088623
0.069946
0.043488
0.018494
-0.0078735
-0.038818
-0.055664
-0.07132
-0.083405
-0.086121
-0.081573
-0.072815
-0.059113
-0.045135
-0.030579
-0.014893
-0.0031738
0.0050354
0.016174
0.023621
0.025238
0.028595
0.024292
0.020203
0.01825
0.01239
0.0042114
-0.0040894
-0.014374
-0.021606
-0.022095
-0.028564
-0.02887
-0.024292
-0.021667
-0.016846
-0.0073547
-0.0036621
0.003418
0.0097961
0.010437
0.017212
0.024292
0.021637
0.023773
0.025024
0.02066
0.021057
0.016022
0.010223
0.0072632
-0.00027466
-0.0067139
-0.0066833
-0.011871
-0.011871
-0.0063171
-0.0097351
-0.011566
-0.0027771
-0.0057983
-0.008728
-0.014709
-0.028839
-0.037659
-0.037415
-0.043396
-0.047394
-0.047119
-0.040405
-0.029846
-0.013519
0.0013428
0.020203
0.03476
0.053375
0.069946
0.081146
0.089661
0.093262
0.09137
0.086395
0.075623
0.060333
0.045227
0.028259
0.0074158
-0.015533
-0.035889
-0.055847
-0.068329
-0.076447
-0.083038
-0.085236
-0.07843
-0.064789
-0.052185
-0.040009
-0.0224
-0.010651
0.0033264
0.013855
0.020935
0.026306
0.031494
0.030975
0.030823
0.028076
0.023254
0.019989
0.013916
0.0032654
-0.002533
-0.0094604
-0.015259
-0.017181
-0.020203
-0.019836
-0.014954
-0.009552
-0.0072021
-0.0017395
0.00036621
0.0038147
0.0083008
0.0091248
0.011169
0.010498
0.0099487
0.011841
0.0092773
0.0049438
0.0037842
-0.00082397
-0.0039062
-0.0048828
-0.0086365
-0.0085144
-0.0065002
-0.012512
-0.0090942
-0.0099487
-0.021698
-0.013306
-0.013306
-0.025635
-0.01889
-0.012543
-0.018036
-0.005249
0.0022888
0.0028076
0.016663
0.024811
0.026794
0.04007
0.045044
0.045441
0.055969
0.05545
0.051147
0.052246
0.044403
0.035126
0.02478
0.0064697
-0.0074463
-0.017883
-0.032654
-0.043671
-0.049408
-0.055511
-0.053436
-0.049255
-0.047729
-0.040192
-0.033051
-0.029602
-0.021149
-0.01355
-0.006958
-6.1035e-05
0.0060425
0.0085754
0.011414
0.013336
0.014832
0.016296
0.014801
0.013855
0.014679
0.012177
0.010956
0.0095825
0.0054321
0.0040894
0.0020752
-0.0021973
-0.0038452
-0.004303
-0.0057678
-0.0045471
-0.0036926
-0.0053101
-0.0047607
-0.0024414
-0.002594
-0.00085449
0.0012512
0.00021362
0.0011597
0.0037842
0.004425
0.0046082
0.0040894
-0.00045776
-0.0018311
-0.0027771
-0.0055237
-0.0073853
-0.009613
-0.0093384
-0.0071106
-0.0076599
-0.0060425
-0.0028381
-0.00027466
0.0032043
0.0091553
0.013916
0.017426
0.021637
0.024323
0.025848
0.026672
0.024597
0.021179
0.018463
0.015442
0.011047
0.0077515
0.0027466
-0.0029297
-0.0075378
-0.010773
-0.015076
-0.0177
-0.019012
-0.021088
-0.02121
-0.019745
-0.02124
-0.022705
-0.020416
-0.018738
-0.017853
-0.014618
-0.012512
-0.0088806
-0.0025635
0.0010986
0.0037842
0.006958
0.0082397
0.010315
0.011658
0.008667
0.0062561
0.0056763
0.0043945
0.0041809
0.004303
0.0037842
0.0049133
0.0041809
