0.017578
0.024872
0.025085
0.019073
0.0061035
-0.0074158
-0.016357
-0.021881
-0.025299
-0.028564
-0.032257
-0.031647
-0.023773
-0.011505
0.0024109
0.014557
0.021515
0.023102
0.021942
0.020355
0.018066
0.013672
0.006012
-0.0029602
-0.010193
-0.014221
-0.014923
-0.012695
-0.0083618
-0.0021973
0.0046387
0.0099792
0.014496
0.016907
0.017731
0.020294
0.020874
0.016174
0.0079956
-0.0031128
-0.011169
-0.010773
-0.0097046
-0.010376
-0.010315
-0.011169
-0.0065308
0.0038147
0.011505
0.015564
0.015503
0.010712
0.0086365
0.0093384
0.0073547
0.0040283
-0.00082397
-0.0055237
-0.0075684
-0.0076599
-0.0051575
-0.0030518
-0.0028381
-0.0012817
-0.00042725
0.00048828
0.0031433
0.0011902
-0.003479
-0.0056152
-0.0078735
-0.0074768
-0.0053101
-0.0085144
-0.010284
-0.010468
-0.012634
-0.011597
-0.012482
-0.01355
-0.0090942
-0.0052795
0.00042725
0.0059204
0.0039978
0.0067749
0.0090637
0.0015564
-0.00067139
-0.0067139
-0.016998
-0.015381
-0.022949
-0.037689
-0.03717
-0.034241
-0.023865
0.0036621
0.025635
0.043274
0.06488
0.079224
0.089783
0.097321
0.0896
0.068146
0.043152
0.017151
-0.0089722
-0.029388
-0.042908
-0.053131
-0.054413
-0.045166
-0.032593
-0.016632
-0.00091553
0.0084229
0.012482
0.011139
0.0038452
-0.0067139
-0.018768
-0.030487
-0.041107
-0.048096
-0.048889
-0.044189
-0.033264
-0.018646
-0.004303
0.0081177
0.019745
0.027954
0.029968
0.028625
0.023315
0.012695
-0.00036621
-0.012299
-0.020813
-0.023346
-0.019745
-0.014038
-0.0062866
0.003418
0.01413
0.024841
0.033203
0.0354
0.029327
0.019653
0.0085144
-0.0049744
-0.015869
-0.024841
-0.033051
-0.028961
-0.015411
-0.0012512
0.016907
0.030151
0.034515
0.03775
0.037109
0.029816
0.01944
0.0065308
-0.0071106
-0.014923
-0.015167
-0.01474
-0.014282
-0.01059
-0.0076294
-0.004364
0.0029907
0.0066223
0.0038147
-0.0011597
-0.0082397
-0.012878
-0.011078
-0.012421
-0.015015
-0.016357
-0.021851
-0.025421
-0.016663
-0.0084229
-0.0012512
0.0046692
0.005188
0.00082397
-0.015289
-0.021759
-0.012909
-0.029327
-0.03244
-0.026947
-0.053192
-0.068298
-0.047852
-0.019653
0.029449
0.088348
0.12347
0.12912
0.13431
0.12415
0.095642
0.07312
0.031982
-0.025726
-0.059113
-0.069122
-0.06543
-0.044678
-0.014221
0.0071716
0.019867
0.03891
0.049438
0.040009
0.022217
-0.010803
-0.053986
-0.081207
-0.08783
-0.085724
-0.072662
-0.050293
-0.033325
-0.013
0.015533
0.036682
0.045258
0.043427
0.027588
0.0014648
-0.021423
-0.030731
-0.037811
-0.039948
-0.03418
-0.026428
-0.010864
0.011566
0.031586
0.041077
0.038452
0.03009
0.019012
0.010864
0.0043945
-0.0039368
-0.011108
-0.01709
-0.019226
-0.014465
-0.0027466
0.0019836
-0.0037231
-0.0039062
0.0063782
0.02066
0.036407
0.042114
0.033264
0.019653
0.012329
0.01181
0.011322
0.0035095
-0.011108
-0.018768
-0.014252
-0.0033569
0.0074463
0.01123
0.0097656
0.0067444
0.0047913
0.0037231
-0.0012207
-0.014832
-0.029205
-0.030396
-0.024628
-0.018311
-0.0083008
-0.0035706
-0.0093079
-0.006012
-0.0010376
0.0067444
0.01004
0.0016174
-0.0044556
-0.015717
-0.035614
-0.04303
-0.039948
-0.041199
-0.041779
-0.034332
-0.062469
-0.086975
-0.049988
0.0078125
0.076752
0.14935
0.16296
0.13846
0.11844
0.098816
0.061432
0.022217
-0.027008
-0.086487
-0.095093
-0.053619
-0.006134
0.029205
0.05484
0.063995
0.057037
0.057098
0.046844
0.0031433
-0.049225
-0.095581
-0.12115
-0.11041
-0.07251
-0.03772
-0.012329
0.011658
0.024109
0.03244
0.041656
0.034546
0.0070496
-0.026031
-0.046661
-0.056732
-0.051636
-0.033661
-0.020813
-0.010193
0.0039978
0.016052
0.023926
0.028809
0.023102
0.0055237
-0.0046997
-0.0039368
0.00057983
0.0060425
0.0071411
0.0027771
0.00045776
0.0054321
0.010437
0.01239
0.012726
0.0061646
0.0022583
-0.0007019
-0.0097046
-0.012085
-0.0026245
0.012177
0.030273
0.040497
0.042908
0.035187
0.026306
0.011353
0.00048828
-0.0065918
-0.015198
-0.013733
-0.0055237
0.00061035
0.0068665
0.010834
0.010223
0.0036926
-0.0080872
-0.019501
-0.031189
-0.031403
-0.025146
-0.01947
-0.018982
-0.01947
-0.012817
0.0075073
0.018005
-0.0010986
-0.024506
-0.03656
-0.053192
-0.043152
-0.037079
-0.049377
-0.057098
-0.089966
-0.12482
-0.081512
0.0083618
0.089966
0.15765
0.19553
0.18027
0.15811
0.13818
0.087219
0.017609
-0.057556
-0.11539
-0.1124
-0.050842
0.0099792
0.042419
0.068451
0.084045
0.086304
0.08194
0.054596
-0.011047
-0.085541
-0.12689
-0.13199
-0.10812
-0.06842
-0.036316
-0.010162
0.023834
0.053467
0.061951
0.049225
0.015106
-0.027771
-0.053833
-0.05896
-0.056488
-0.049774
-0.038574
-0.024139
-0.0020752
0.023438
0.036926
0.028809
0.0097351
-0.0096436
-0.020203
-0.020325
-0.017181
-0.013733
-0.0041809
0.0058899
0.01416
0.026001
0.031128
0.01825
0.0025635
-0.0045166
-0.0096436
-0.012177
-0.0055542
-0.0075073
-0.010315
0.019135
0.052002
0.058228
0.055084
0.040131
0.017944
0.012787
0.018921
0.005188
-0.011658
-0.014313
-0.012299
0.00036621
0.018555
0.018097
0.0025024
-0.003418
-0.0030518
-0.0069885
-0.0095215
-0.013977
-0.022308
-0.031311
-0.02713
-0.018463
-0.021118
-0.012695
0.0040894
-0.0032349
-0.0081482
-0.013031
-0.049896
-0.072479
-0.06311
-0.063721
-0.099884
-0.17999
-0.16327
-0.076385
0.041595
0.15793
0.21683
0.20792
0.19855
0.19543
0.16574
0.085541
-0.021942
-0.13364
-0.14954
-0.081421
-0.019226
0.016968
0.046387
0.074921
0.10297
0.13107
0.11337
0.027649
-0.063629
-0.12094
-0.13821
-0.13043
-0.11124
-0.090729
-0.057678
0.00061035
0.053406
0.08136
0.074005
0.039093
0.0010376
-0.019867
-0.034058
-0.055359
-0.070862
-0.066223
-0.04361
-0.0068054
0.024384
0.033875
0.029327
0.023926
0.019531
0.0088196
-0.0082092
-0.022491
-0.029999
-0.024902
-0.019043
-0.013702
-0.0019226
0.00018311
-0.0038757
0.011932
0.021881
0.01593
0.014221
0.019684
0.020844
0.03006
0.034607
0.022461
0.017181
0.020691
0.020233
0.022522
0.023132
0.0059204
-0.0060425
0.004364
0.0090027
0.0028687
-0.0023193
-0.011902
-0.018097
-0.015839
-0.010071
-0.0065613
-0.012146
-0.015991
-0.013062
-0.0030823
0.0091858
0.0011292
-0.0052185
-0.0067139
-0.0093994
-0.026184
-0.047729
-0.070282
-0.065887
-0.18826
-0.28171
-0.17868
-0.051849
0.03717
0.16064
0.20624
0.2207
0.27692
0.30441
0.19717
0.067749
-0.068207
-0.16003
-0.11926
-0.074768
-0.1022
-0.098602
-0.0036011
0.094421
0.17044
0.20029
0.12167
0.020172
-0.018738
-0.05014
-0.11288
-0.16785
-0.1864
-0.15991
-0.07077
0.011841
0.037598
0.048523
0.067444
0.085083
0.089142
0.061127
-0.015442
-0.077484
-0.078613
-0.065369
-0.059448
-0.053986
-0.046936
-0.022064
0.026825
0.059509
0.048126
0.022491
0.010101
0.0071106
0.0072327
-0.015564
-0.054535
-0.060913
-0.035004
-0.0030823
0.02301
0.032623
0.027466
0.03241
0.054901
0.057526
0.041382
0.015076
-0.0070496
-0.0061951
0.0059204
0.0015564
-0.0074463
-0.011444
-0.0058899
0.0039978
0.014679
0.010437
-3.0518e-05
-0.0099487
-0.011627
-0.0044861
0.0041504
0.0093384
0.0097046
0.013733
0.02356
0.026276
0.0091248
-0.006897
-0.030182
-0.091003
-0.091858
-0.08783
-0.28778
-0.27652
-0.11328
-0.054169
0.036621
0.16443
0.16565
0.23407
0.35236
0.28513
0.14154
0.088196
-0.035858
-0.084351
-0.045135
-0.11682
-0.1925
-0.10956
9.1553e-05
0.048462
0.11807
0.11899
0.074524
0.09613
0.087219
0.00057983
-0.07843
-0.12933
-0.16541
-0.14978
-0.12347
-0.12823
-0.08493
0.0059814
0.060608
0.089111
0.1044
0.091644
0.076447
0.071381
0.023743
-0.039429
-0.076416
-0.091339
-0.082153
-0.061676
-0.057098
-0.044006
0.00064087
0.046021
0.060883
0.060944
0.055511
0.03476
0.021179
0.0077515
-0.01944
-0.039337
-0.036438
-0.022095
-0.010986
0.0067139
0.01767
0.033813
0.053162
0.049072
0.036774
0.027954
0.013245
0.0016785
-0.0039673
-0.014648
-0.030884
-0.030518
-0.020172
-0.020813
-0.021454
-0.021515
-0.020447
-0.0028687
0.011566
0.0055847
0.024109
0.040161
0.021423
0.02713
0.0021667
-0.056976
-0.060242
-0.21426
-0.25781
-0.14362
-0.12683
-0.092072
0.040192
0.093994
0.18155
0.31659
0.29916
0.21313
0.22089
0.12268
0.042419
0.020264
-0.084259
-0.16956
-0.13693
-0.1272
-0.12262
-0.049744
-0.011932
0.019409
0.098785
0.10089
0.066895
0.074097
0.040741
-0.01178
-0.046661
-0.09787
-0.14886
-0.13376
-0.11749
-0.10016
-0.044586
-0.0038757
0.032379
0.086914
0.10568
0.089722
0.085968
0.052246
0.0048828
-0.018311
-0.044037
-0.067566
-0.069214
-0.083221
-0.079071
-0.036041
-0.012543
0.013
0.049042
0.057678
0.064392
0.083069
0.072205
0.052856
0.042969
0.010834
-0.0058899
-0.0052795
-0.021454
-0.024933
-0.018463
-0.02182
-0.015778
-0.001709
-0.0021973
0.0030823
0.011383
0.0018005
0.0061646
0.0026855
-0.019684
-0.024963
-0.035675
-0.049805
-0.040375
-0.044189
-0.039642
0.00012207
-0.023163
-0.0091858
0.008728
-0.11371
-0.060608
-0.04837
-0.11383
-0.050751
0.00354
0.00177
0.095703
0.1608
0.13239
0.20175
0.20639
0.13885
0.15384
0.10278
0.0028381
0.00024414
-0.049957
-0.11212
-0.096527
-0.11075
-0.12296
-0.055817
-0.03125
-0.032501
0.026031
0.031189
0.027863
0.064301
0.039856
0.0041199
0.011414
-0.018402
-0.048523
-0.037598
-0.062469
-0.073761
-0.056732
-0.055023
-0.041321
-0.014282
-0.0091248
0.0074463
0.032257
0.029236
0.027161
0.023529
0.002594
0.0046387
0.010895
-0.0016479
-0.0028076
-0.00057983
-0.0048523
0.0061035
0.014557
0.010559
0.013977
0.012238
0.015991
0.029449
0.033081
0.032837
0.036804
0.033783
0.030975
0.027313
0.0053711
-0.012238
-0.026489
-0.037292
-0.039795
-0.037842
-0.041168
-0.029572
-0.019501
-0.020905
-0.014587
-0.02121
-0.01416
-0.013733
-0.10684
-0.085175
-0.054138
-0.1326
-0.08252
-0.044495
-0.062561
0.021606
0.078827
0.068115
0.14734
0.17688
0.15152
0.20743
0.18372
0.12561
0.13803
0.0849
0.0068359
9.1553e-05
-0.065887
-0.10654
-0.0961
-0.12869
-0.14124
-0.096222
-0.1008
-0.077087
-0.028992
-0.030701
-0.0018921
0.033295
0.028137
0.042572
0.049866
0.028931
0.041412
0.038574
0.004425
-0.00177
-0.016113
-0.046722
-0.051056
-0.055054
-0.058716
-0.040741
-0.022247
-0.010895
0.0061646
0.018127
0.021088
0.033997
0.038177
0.027954
0.022491
0.017181
0.013489
0.017426
0.022308
0.022095
0.013397
0.005249
-0.0037842
-0.007782
-0.0051575
-0.006012
-0.010803
-0.012543
-0.011475
-0.0083618
0.0084229
0.0080566
-0.00015259
0.005188
0.0022583
0.0054016
0.00076294
-0.014557
-0.011658
-0.016052
-0.066193
-0.075409
-0.058411
-0.10388
-0.099579
-0.052887
-0.058197
-0.035126
0.0080261
0.021362
0.066071
0.1037
0.10599
0.14032
0.15836
0.14005
0.15286
0.13644
0.088287
0.06958
0.03241
-0.014954
-0.034882
-0.06601
-0.096954
-0.098969
-0.11859
-0.12482
-0.10648
-0.10385
-0.094025
-0.066254
-0.049835
-0.021912
0.005249
0.017181
0.044373
0.064789
0.059052
0.064087
0.05899
0.04538
0.047516
0.030396
0.0036316
-0.00015259
-0.014343
-0.023071
-0.024872
-0.03717
-0.036865
-0.029449
-0.034088
-0.028412
-0.014191
-0.0017395
0.010986
0.019104
0.025574
0.032288
0.03006
0.032867
0.034119
0.025787
0.018951
0.0099487
0.0047607
0.0015869
-0.0046692
-0.010468
-0.014404
-0.023712
-0.030426
-0.02533
-0.027893
-0.029633
-0.027222
-0.044128
-0.060791
-0.037903
-0.050262
-0.057098
-0.037628
-0.03775
-0.028473
-3.0518e-05
0.0023499
0.017456
0.044128
0.049652
0.072723
0.098297
0.092407
0.10516
0.11887
0.11066
0.10748
0.090607
0.060333
0.048615
0.026093
-0.0049438
-0.028015
-0.057068
-0.082825
-0.090485
-0.10214
-0.10724
-0.10394
-0.1008
-0.089355
-0.07132
-0.053284
-0.037323
-0.022888
0.00030518
0.017181
0.028839
0.040955
0.046936
0.051788
0.056366
0.047028
0.037994
0.029541
0.016693
0.010681
0.0057983
-0.0054626
-0.010284
-0.0041199
-0.00045776
0.00061035
0.0014038
0.001709
0.0040283
0.0011597
-0.010376
-0.013245
-0.0037537
-0.0011597
-0.0053711
-0.0063782
-0.0082092
-0.0048828
-0.0010986
0.0021057
0.0032043
-0.0023193
-0.0040588
-0.016785
-0.027527
-0.015778
-0.030518
-0.042236
-0.031158
-0.042633
-0.044159
-0.01828
-0.016052
-0.01123
-0.0015869
0.0036621
0.031189
0.051514
0.04776
0.06012
0.073334
0.077179
0.091949
0.085052
0.069916
0.072327
0.06189
0.038696
0.018402
-0.011658
-0.029205
-0.034271
-0.049286
-0.061798
-0.06546
-0.070709
-0.064972
-0.060455
-0.061981
-0.055695
-0.048431
-0.036102
-0.023193
-0.019165
-0.0097046
0.0056152
0.010925
0.016785
0.021729
0.019257
0.025696
0.027374
0.021881
0.027344
0.02832
0.02243
0.024841
0.019257
0.0079651
0.00033569
-0.011047
-0.01532
-0.011108
-0.014954
-0.015961
-0.0082092
-0.0048828
-0.00079346
0.0030518
0.003418
0.006134
0.0064392
0.0038757
0.0036926
0.005127
0.0029602
0.0048218
0.0057678
-0.0046997
-0.0078125
-0.01535
-0.025177
-0.028107
-0.034698
-0.043488
-0.041718
-0.040466
-0.035645
-0.015015
0.0013428
0.015533
0.034363
0.043457
0.050629
0.066589
0.072876
0.071472
0.066772
0.054657
0.047089
0.044556
0.030579
0.014587
0.0039673
-0.0094299
-0.014679
-0.013153
-0.01889
-0.02655
-0.035675
-0.042358
-0.042023
-0.045135
-0.049255
-0.053864
-0.056091
-0.049255
-0.041748
-0.035431
-0.028381
-0.021576
-0.0076294
0.0079346
0.017242
0.0224
0.029419
0.035126
0.038422
0.037476
0.029083
0.021484
0.016968
0.010315
0.0080261
0.0097656
0.0079651
0.0062256
0.0039978
-0.0015259
-0.0064392
-0.010437
-0.014496
-0.014374
-0.016113
-0.018738
-0.012024
-0.0076294
-0.0099487
-0.0051575
0.00048828
-6.1035e-05
0.0038757
0.0054016
6.1035e-05
0.00073242
0.0011292
-0.0022888
0.00064087
0.0034485
0.0032959
0.0059204
0.0047607
0.00024414
0.0041199
0.0060425
0.0016785
0.00033569
0.0022583
0
-0.0013428
-0.00045776
0.00067139
0.0066223
0.012909
0.016388
0.020447
0.020416
0.022095
0.027039
0.024017
0.01593
0.011444
0.0050354
-0.00057983
0.00097656
-0.0015869
-0.0057983
-0.0057068
-0.007782
-0.01123
-0.016113
-0.022949
-0.029205
-0.032623
-0.036041
-0.038727
-0.035614
-0.029205
-0.024231
-0.020996
-0.01712
-0.007843
0.0030823
0.008606
0.0085144
0.011444
0.015442
0.018402
0.020477
0.020508
0.019714
0.020081
0.020538
0.023926
0.026306
0.020264
0.013519
