0.029572
0.022156
0.018829
0.018921
0.016998
0.012329
0.0027161
-0.008728
-0.014709
-0.013824
-0.0099487
-0.0076294
-0.0095215
-0.013245
-0.016296
-0.016724
-0.014038
-0.012238
-0.014587
-0.018311
-0.020172
-0.018616
-0.013214
-0.0067749
-0.0027771
-0.0010376
0.00057983
-0.00024414
-0.0017395
-0.0032654
-0.0071411
-0.011719
-0.013947
-0.013214
-0.010132
-0.0061035
-0.0029602
0.00073242
0.0041199
0.0074463
0.01062
0.011627
0.0084839
0.0020447
-0.0032349
-0.0079956
-0.011383
-0.010956
-0.0089417
-0.0041504
0.0090942
0.026001
0.037598
0.041107
0.035461
0.024902
0.015137
0.0069885
-0.00015259
-0.0063782
-0.0097961
-0.0065918
0.0020752
0.010956
0.016174
0.014404
0.0075378
0.00042725
-0.0042725
-0.010468
-0.018341
-0.024536
-0.027588
-0.023254
-0.013214
-0.01059
-0.010834
-0.011688
-0.017975
-0.013275
-0.0054321
-0.010803
-0.012604
-0.02063
-0.041473
-0.031952
-0.017273
-0.012817
0.0039673
0.011139
-0.0015259
0.007782
0.016602
0.016296
0.026978
0.031677
0.024475
0.02832
0.039215
0.044281
0.050171
0.046417
0.033752
0.021027
0.014771
0.0091553
0.0061646
-0.00064087
-0.0097961
-0.014771
-0.011902
-0.0033569
0.0047607
0.0050049
-0.0022583
-0.01001
-0.016083
-0.017975
-0.018982
-0.02301
-0.029144
-0.029449
-0.02359
-0.013855
-0.0039368
-0.0014648
-0.002655
-0.0024414
-0.0010986
0.00033569
-0.00064087
-0.0082397
-0.016418
-0.021545
-0.021179
-0.015808
-0.010681
-0.0073242
-0.0048523
-0.00067139
0.0042114
0.008667
0.0095215
0.0054626
0.0007019
-0.00079346
-0.00030518
-9.1553e-05
-0.0010986
-0.0054626
-0.009491
-0.008728
-0.0033264
0.0077515
0.026245
0.038422
0.040955
0.039124
0.031128
0.017822
0.009491
0.0010681
-0.0090332
-0.013306
-0.0083618
0.0021973
0.015533
0.026398
0.025085
0.015411
0.0059204
-0.00097656
-0.0090027
-0.015869
-0.023468
-0.030334
-0.026154
-0.018066
-0.01474
-0.011108
-0.0089722
-0.017273
-0.011993
-0.003418
-0.007782
-0.0242
-0.042847
-0.057709
-0.047516
-0.014343
0.0077515
0.0095215
0.00097656
-0.0033264
-0.00088501
0.018158
0.028595
0.021912
0.010284
0.017548
0.038757
0.062927
0.074432
0.06308
0.042267
0.027191
0.024841
0.020782
0.0086365
-0.01236
-0.026154
-0.025543
-0.0092468
0.0098572
0.017548
0.01001
-0.0014343
-0.009491
-0.014282
-0.017426
-0.02594
-0.03775
-0.042908
-0.035187
-0.020172
-0.0058899
0.0016174
0.0024109
0.0020447
0.0032959
0.0030212
6.1035e-05
-0.0065002
-0.017151
-0.022766
-0.021759
-0.016296
-0.011261
-0.0076904
-0.0077209
-0.0059814
-0.0014648
0.0041199
0.0072937
0.005249
0.00073242
-0.0028381
-0.0019226
0.00097656
0.0027771
-0.00091553
-0.0098572
-0.016022
-0.013824
-0.0073547
0.0069275
0.029602
0.043152
0.045258
0.045624
0.03894
0.026398
0.015533
0.0021667
-0.011963
-0.016113
-0.0082092
0.0028992
0.013184
0.020142
0.018433
0.012329
0.010803
0.007019
-0.0064087
-0.021362
-0.029144
-0.030182
-0.021759
-0.012848
-0.014191
-0.016968
-0.017731
-0.017212
-0.0068665
-0.0057373
-0.020599
-0.025208
-0.033447
-0.042145
-0.026276
-0.0039062
-0.0083923
-0.009552
-0.010712
-0.020264
-0.014343
0.01001
0.016693
0.018585
0.036163
0.054199
0.073059
0.089264
0.083862
0.053711
0.029572
0.015015
0.0047302
-0.0041809
-0.012756
-0.023132
-0.021942
-0.0030823
0.017334
0.024017
0.019531
0.010498
-0.0027161
-0.01355
-0.023773
-0.037628
-0.049805
-0.049957
-0.039154
-0.023163
-0.0082092
0.00033569
0.0039062
0.0053406
0.0043335
0.0022278
-0.00094604
-0.0091858
-0.017151
-0.019928
-0.018646
-0.015167
-0.010376
-0.0087585
-0.007782
-0.0054016
-0.0005188
0.0040283
0.0063782
0.0077209
0.0052795
0.0020752
9.1553e-05
-0.0030212
-0.011932
-0.019379
-0.021881
-0.019745
-0.0011902
0.022614
0.037384
0.044495
0.050842
0.046173
0.037781
0.025543
0.0065002
-0.011078
-0.014984
-0.0083008
0.0016174
0.012634
0.016541
0.015686
0.015839
0.02121
0.014679
-0.0020447
-0.019348
-0.028381
-0.031616
-0.02478
-0.022217
-0.020172
-0.013336
-0.01416
-0.021729
-0.014557
-0.0098572
-0.0071411
0.0016479
-0.017578
-0.046997
-0.029236
-0.0068359
-0.020874
-0.03891
-0.05603
-0.078674
-0.046875
0.0090942
0.029572
0.036316
0.067078
0.093689
0.12164
0.13269
0.098816
0.040466
0.010742
0.0036316
-0.0050659
-0.021118
-0.039185
-0.040405
-0.013672
0.027588
0.045258
0.036224
0.017609
0.0097351
0.003418
-0.0097961
-0.036621
-0.063538
-0.070526
-0.053619
-0.031647
-0.01709
-0.0069275
0.0018005
0.015991
0.03009
0.029541
0.012451
-0.004425
-0.014587
-0.017975
-0.019989
-0.024872
-0.030457
-0.027679
-0.0177
-0.0068054
-0.0019531
-0.00094604
0.0012817
0.0033569
0.004303
-0.00042725
-0.018097
-0.028046
-0.018341
-0.010193
-0.0022278
0.01297
0.019318
0.024292
0.042053
0.046112
0.033112
0.021973
0.013824
0.0061646
0.0067139
0.0055237
0.0010986
0.0038452
0.010101
0.010559
0.012512
0.012665
0.0014648
-0.0087585
-0.0088501
-0.013153
-0.019287
-0.016449
-0.012756
-0.011353
-0.0097046
-0.010101
-0.00354
0.0059509
0.0019226
-0.0075989
-0.0074463
-0.011749
-0.02771
-0.032257
-0.021149
-0.045044
-0.093414
-0.11288
-0.07077
-0.042786
-0.0074463
0.039307
0.076355
0.10025
0.15402
0.16602
0.12595
0.077667
0.043732
0.0089722
-0.013031
-0.036743
-0.066162
-0.062134
-0.029785
0.0049133
0.029572
0.043274
0.039124
0.038361
0.035553
0.012024
-0.028931
-0.059814
-0.073669
-0.073669
-0.06955
-0.059479
-0.042053
-0.015198
0.016907
0.036926
0.038483
0.034393
0.030243
0.018372
0.0028687
-0.01593
-0.035858
-0.044678
-0.038727
-0.031067
-0.022705
-0.011871
-0.0010071
0.011322
0.018707
0.017761
0.0081177
-0.00039673
-0.0043945
-0.0090027
-0.012177
-0.0075073
-0.0031738
0.0037231
0.015961
0.019012
0.019409
0.024445
0.026337
0.021484
0.018799
0.014496
0.010376
0.0075073
0.0062561
0.0021362
-0.0033875
-0.0044861
-0.0038147
-0.0019836
-0.0028381
-0.0075378
-0.0067139
-0.0018311
-0.0015869
-0.0019836
-0.004364
-0.0068054
0.0050354
0.0056152
-0.0048828
-0.0041199
-0.015076
-0.019379
0.013519
-0.00042725
-0.041962
-0.028625
-0.11676
-0.15033
-0.075836
-0.079193
-0.082733
0.012909
0.058014
0.10236
0.18268
0.19574
0.14468
0.13864
0.097717
0.039337
0.012604
-0.043457
-0.085205
-0.078827
-0.064911
-0.052917
-0.013733
0.011353
0.029358
0.056396
0.052521
0.027679
0.011414
-0.016602
-0.039124
-0.052063
-0.071686
-0.078979
-0.062469
-0.052063
-0.03299
0.00018311
0.017426
0.031219
0.047516
0.04657
0.03775
0.030518
0.01123
-0.012665
-0.02536
-0.037842
-0.045288
-0.041077
-0.036163
-0.029541
-0.018311
-0.0050354
0.011292
0.02652
0.029938
0.026978
0.024414
0.022736
0.015778
0.0062561
-0.0032043
-0.0059509
-0.0055542
9.1553e-05
0.0075378
0.011108
0.012939
0.017181
0.019348
0.016724
0.011841
0.0050964
0.00097656
-0.0063782
-0.011963
-0.018585
-0.023743
-0.026093
-0.022125
-0.011353
-0.0097046
-0.007843
0.008667
0.017303
0.018616
0.0271
0.0082092
-0.0066833
0.0033569
-0.028625
-0.053345
-0.11414
-0.1366
-0.098724
-0.097229
-0.079834
-0.01001
0.037079
0.099487
0.16327
0.18362
0.16931
0.1734
0.13821
0.094727
0.056519
-0.0067444
-0.049591
-0.064819
-0.082855
-0.084473
-0.065521
-0.049774
-0.025024
0.0074463
0.013489
0.017853
0.027374
0.015991
0.0062561
-0.0067139
-0.0354
-0.05127
-0.054047
-0.064819
-0.057007
-0.039459
-0.02774
-0.0045776
0.01413
0.021698
0.033325
0.04303
0.037506
0.027771
0.014221
-0.0028076
-0.016907
-0.029999
-0.039398
-0.03717
-0.030396
-0.021271
-0.0075378
0.0021362
0.013641
0.029785
0.034241
0.03537
0.034027
0.029846
0.022858
0.018127
0.0093384
0.0022583
0.0007019
-0.0048828
-0.0077515
-0.0049133
-0.0048523
-0.0076904
-0.00354
-0.0021057
-0.0055847
-0.0076294
-0.0097656
-0.014679
-0.017487
-0.02066
-0.015472
-0.0085449
-0.015839
-0.013
-0.00018311
0.0044861
0.016388
0.020935
0.015167
0.012817
-0.022705
-0.095337
-0.07193
-0.081299
-0.12122
-0.072845
-0.028442
-0.011902
0.061066
0.10437
0.12497
0.16504
0.15982
0.13583
0.13989
0.09726
0.048645
0.02536
-0.022308
-0.055298
-0.056732
-0.080719
-0.084686
-0.062408
-0.057587
-0.046082
-0.019775
-0.0097351
0.0067139
0.022064
0.010101
0.0085449
0.0075378
-0.018555
-0.028198
-0.031586
-0.046173
-0.04071
-0.032013
-0.03244
-0.016174
-0.0026855
-0.0014648
0.012817
0.019165
0.01236
0.011993
0.0049133
0.00024414
0.0033875
-0.0063477
-0.0089417
-0.0042725
-0.0054626
0.00021362
0.008606
0.010223
0.016144
0.027069
0.025116
0.026703
0.026337
0.022766
0.024567
0.024841
0.017273
0.013763
0.011475
0.0066223
0.00021362
-0.0058594
-0.011688
-0.018463
-0.022949
-0.022644
-0.023499
-0.029816
-0.027344
-0.020721
-0.022247
-0.021027
-0.013489
-0.013367
-0.014496
0.0015259
0.0054932
0.011444
0.019958
-0.04892
-0.052094
-0.024689
-0.084686
-0.096832
-0.056671
-0.053284
-0.01944
0.032104
0.055878
0.10483
0.1355
0.13065
0.16251
0.15958
0.11108
0.095154
0.066254
0.01944
-0.002594
-0.039612
-0.067291
-0.065918
-0.083344
-0.095673
-0.074005
-0.067627
-0.054596
-0.031677
-0.024841
-0.0062256
0.01001
0.012085
0.020111
0.025665
0.019379
0.017151
0.0090942
-0.0038452
-0.011108
-0.017883
-0.028198
-0.032501
-0.033295
-0.033417
-0.030243
-0.022125
-0.015106
-0.0084229
0.00088501
0.0083923
0.014374
0.01709
0.021423
0.023895
0.0242
0.020203
0.016205
0.012756
0.012329
0.0073853
0.0056152
0.0090027
0.011658
0.01239
0.016541
0.01886
0.019226
0.012878
0.0069885
0.0051575
0.00039673
-0.010406
-0.015106
-0.013763
-0.01651
-0.020752
-0.024078
-0.02356
-0.021973
-0.02063
-0.022949
-0.01886
-0.012939
-0.00045776
-0.015594
-0.047394
-0.019653
-0.038177
-0.074249
-0.056549
-0.04184
-0.04541
-0.017609
0.0049133
0.037781
0.08017
0.089783
0.10678
0.13831
0.1286
0.11411
0.11209
0.085205
0.06662
0.041595
0.0088501
-0.0083313
-0.027557
-0.058441
-0.074707
-0.087341
-0.098297
-0.095062
-0.091461
-0.079865
-0.058167
-0.042999
-0.021851
0.0046692
0.018219
0.031921
0.037231
0.03418
0.034607
0.030914
0.019958
0.016937
0.012848
0.0022583
-0.0098267
-0.021881
-0.02597
-0.027893
-0.035126
-0.036896
-0.034393
-0.029175
-0.013123
-0.0007019
0.0068359
0.016663
0.023712
0.029877
0.037659
0.035675
0.028076
0.024719
0.019043
0.014221
0.01236
0.0040894
0.0012512
0.0015259
-0.003479
-0.0047302
-0.0046082
-0.0079346
-0.0065918
-0.0061035
-0.01236
-0.014038
-0.012634
-0.016449
-0.014954
-0.013855
-0.017303
-0.016357
-0.0086365
-0.0036621
-0.0027771
-0.0020142
0.0059509
0.00067139
-0.0059509
-0.0011292
-0.0098877
-0.021393
-0.022064
-0.022858
-0.020905
-0.017212
-0.015289
-0.0013123
0.018921
0.027832
0.042633
0.059814
0.06662
0.070679
0.070923
0.066803
0.060394
0.045898
0.029785
0.019501
0.0066223
-0.0069885
-0.022583
-0.038605
-0.04303
-0.044678
-0.055847
-0.061035
-0.055847
-0.050323
-0.044739
-0.042023
-0.032867
-0.016785
-0.0059204
-0.003479
0.004303
0.016357
0.020203
0.020264
0.022369
0.022522
0.021576
0.015442
0.0082092
0.0062866
0.0021057
-0.0043945
-0.0086365
-0.01239
-0.012512
-0.0086365
-0.0052795
-0.0040588
-0.00091553
0.00064087
0.00354
0.0078125
0.0092773
0.010864
0.0098572
0.0088501
0.010406
0.011047
0.0072632
0.0064697
0.0082092
0.0072021
0.005249
0.0010681
-0.0023804
-0.0055847
-0.0095825
-0.01123
-0.014008
-0.015442
-0.015106
-0.014099
-0.012146
-0.0092468
-0.0060425
-0.0022583
0.002655
0.0038452
0.0046082
0.0079041
0.011932
0.010437
0.0062866
0.0040283
-0.0007019
-0.0050659
-0.009613
-0.013519
-0.012634
-0.011292
-0.010406
-0.0067139
-0.0019531
0.0015869
0.0039978
0.006134
0.0084839
0.014313
0.017609
0.018829
0.022705
0.024811
0.026917
0.027374
0.020874
0.013397
0.0093994
0.0038452
-0.0033569
-0.0072021
-0.0072021
-0.006897
-0.0050964
-0.0019226
-0.0018005
-0.0038452
-0.0054626
-0.0075378
-0.012115
-0.01767
-0.020752
-0.021118
-0.018921
-0.017151
-0.013733
