-0.0080872
-0.011658
-0.017761
-0.019043
-0.015747
-0.0087891
0
0.0040588
0.0042725
0.0045471
0.0055237
0.0088806
0.01062
0.0065613
0.00097656
-0.0032349
-0.0055847
-0.0041809
-0.0028992
-0.00354
-0.0024109
-0.0016785
-0.00048828
0.004425
0.0089111
0.012146
0.013763
0.011719
0.010223
0.0088501
0.0065613
0.0056763
0.0031433
-0.0010376
-0.0053406
-0.011047
-0.011169
-0.0058594
-0.0027771
0.0017395
0.0040894
0.0013123
0.0050354
0.010437
0.011108
0.012726
0.0091858
0.0027466
0.0040588
0.0062256
0.0054321
0.0050964
-0.00021362
-0.0058289
-0.0041809
-0.0022888
-0.00094604
0.00027466
-0.0036316
-0.006897
-0.0047913
-0.0021057
0.0007019
0.0014343
-0.0026855
-0.0077209
-0.0096741
-0.0088806
-0.006897
-0.0054626
-0.0062561
-0.0068359
-0.0041504
-6.1035e-05
0.0028076
0.0036011
0.0015259
-0.00097656
-0.0012207
-0.00091553
-0.0019836
-0.004303
-0.0065002
-0.0072937
-0.0057373
-0.0021667
0.00079346
0.0032654
0.0061951
0.0030823
-0.0058594
-0.01593
-0.031647
-0.04126
-0.037231
-0.031097
-0.017578
0.0022888
0.01712
0.037964
0.060333
0.070709
0.076813
0.07431
0.060608
0.047668
0.03186
0.011292
-0.0057373
-0.020477
-0.031647
-0.033997
-0.030914
-0.025604
-0.018585
-0.012238
-0.0074158
-0.0046387
-0.0021057
-0.0014954
-0.0045166
-0.0099792
-0.016876
-0.023346
-0.026398
-0.026947
-0.025879
-0.022339
-0.01767
-0.011322
-0.0038757
0.0042419
0.013214
0.017242
0.016541
0.01358
0.0074158
0.0044556
0.0043335
0.00027466
-0.0030518
-0.0047913
-0.0077209
-0.0059814
-0.0035095
-0.0053406
-0.0055237
-0.0040588
-0.0027466
0.0048218
0.013153
0.014679
0.014954
0.012817
0.0096436
0.010895
0.01059
0.0054016
0.00024414
-0.0045776
-0.0057068
-0.0013123
0.0023804
0.0046082
0.0067139
0.0075073
0.0083923
0.010162
0.0096741
0.0049744
-0.0018616
-0.008606
-0.012207
-0.011017
-0.010162
-0.0091248
-0.0056763
-0.0033569
-0.0010986
0.0021667
0.0030823
0.00085449
-0.0014648
-0.0045166
-0.01001
-0.01413
-0.014954
-0.017944
-0.017975
-0.011078
-0.01001
-0.0046082
0.0068359
-0.0018311
-0.01004
-0.016083
-0.039001
-0.043549
-0.036804
-0.032318
-0.0069275
0.017792
0.036621
0.061523
0.07959
0.09137
0.094177
0.086731
0.066956
0.039734
0.021576
0.003479
-0.013977
-0.022003
-0.031189
-0.032745
-0.02301
-0.013214
-0.0038757
-0.00048828
-0.0036011
-0.0090332
-0.015808
-0.020477
-0.027954
-0.036102
-0.041168
-0.045258
-0.041382
-0.031952
-0.020508
-0.0079956
0.00030518
0.0067139
0.012604
0.015289
0.016327
0.012573
0.0046997
-0.0023499
-0.0083008
-0.01297
-0.014832
-0.013367
-0.011169
-0.0075073
-0.0022583
0.0019226
0.0054932
0.0079346
0.0090942
0.0087891
0.0088501
0.010956
0.010345
0.0089722
0.010162
0.0081482
0.0070496
0.0084534
0.0074768
0.0091248
0.011841
0.011688
0.012421
0.015533
0.01709
0.017334
0.016541
0.010345
0.0028076
-0.0022888
-0.0072937
-0.011169
-0.014832
-0.018646
-0.017792
-0.014465
-0.0072937
0.0014954
0.0028076
0.00030518
-6.1035e-05
-0.0032654
-0.0048828
-0.0024719
-0.01059
-0.019867
-0.016907
-0.014923
-0.0062866
-0.00027466
-0.0032349
-0.0078125
-0.0057373
-0.00177
-0.013275
-0.031647
-0.057251
-0.088379
-0.078278
-0.048248
-0.016754
0.025146
0.05484
0.081879
0.11429
0.13702
0.13232
0.09848
0.057861
0.015442
-0.011871
-0.019653
-0.033203
-0.040192
-0.036499
-0.019867
0.0058899
0.029205
0.037659
0.027161
0.0091858
-0.0076904
-0.023773
-0.03656
-0.050781
-0.062866
-0.06781
-0.058685
-0.037262
-0.016541
0.0033875
0.016174
0.022949
0.028046
0.028595
0.022675
0.0089111
-0.01004
-0.025757
-0.03421
-0.032318
-0.025848
-0.019775
-0.013214
-0.0060425
0.0012512
0.010193
0.01825
0.01886
0.013062
0.0065918
-0.0010071
-0.0019226
-3.0518e-05
-0.0014038
-0.0040283
-0.0028381
-0.00015259
0.0081177
0.018738
0.022003
0.022705
0.022827
0.021637
0.022003
0.021149
0.016571
0.011078
0.0041809
0.00057983
-0.0027771
-0.0062561
-0.0092773
-0.013641
-0.0159
-0.01236
-0.0089111
-0.0062561
-0.0056763
-0.0035706
-0.0031128
-0.0018921
-9.1553e-05
-0.0021057
-0.0080872
-0.01358
-0.017792
-0.013245
-0.011261
-0.011169
-0.0021667
0.0039978
9.1553e-05
-0.0042114
-0.033997
-0.097198
-0.12473
-0.11804
-0.089386
-0.02594
0.04425
0.084167
0.13263
0.17856
0.19125
0.16693
0.1199
0.043518
-0.019958
-0.046021
-0.060425
-0.070923
-0.062164
-0.038971
-0.0058899
0.041962
0.072052
0.066803
0.042084
0.014771
-0.018707
-0.043945
-0.066772
-0.089996
-0.10132
-0.083649
-0.052124
-0.019287
0.01059
0.029358
0.037811
0.047974
0.048126
0.029541
0.0039673
-0.019379
-0.035828
-0.039429
-0.034058
-0.032837
-0.030945
-0.02002
-0.0050659
0.008728
0.017731
0.012878
0.0025635
0.00054932
0.00094604
-0.0028992
-0.0057678
-0.0096741
-0.010284
-0.00030518
0.015289
0.019531
0.0177
0.018524
0.020386
0.023193
0.028168
0.02179
0.0099487
0.0063171
0.0088501
0.010071
0.0088196
0.0021667
-0.0060425
-0.0076294
-0.0042725
-0.0024109
-0.004364
-0.0090332
-0.010071
-0.0061035
0.0031738
0.012665
0.010132
0.011383
0.0047913
-0.0069275
-0.005188
-0.0091248
-0.030212
-0.029846
-0.012848
-0.011932
-0.02121
-0.025513
-0.092743
-0.15997
-0.1319
-0.1066
-0.063171
0.024353
0.073608
0.10434
0.18527
0.22421
0.19244
0.14395
0.077728
-0.006897
-0.025055
-0.032776
-0.071564
-0.083008
-0.058594
-0.022705
0.036407
0.086029
0.076752
0.04718
0.030792
0.0036621
-0.033691
-0.065186
-0.10361
-0.12244
-0.10205
-0.061737
-0.033905
-0.0041199
0.02179
0.042358
0.060791
0.067902
0.046021
0.012177
-0.010895
-0.026093
-0.038361
-0.040253
-0.042542
-0.041046
-0.022949
-0.00085449
0.0089111
0.010742
0.0096436
0.0079346
0.0090942
0.008606
-0.00088501
-0.013092
-0.014587
-0.0071411
0.002594
0.0065613
0.0064697
0.0059814
0.014801
0.028412
0.031647
0.025146
0.016693
0.011261
0.013367
0.015198
0.0062561
-0.005127
-0.010712
-0.01239
-0.0085449
-0.0041504
-0.010956
-0.018463
-0.015686
-0.006897
-0.00082397
0.0080872
0.011658
0.0045471
0.0046387
0.017334
0.015381
-0.0010376
-0.01004
-0.019196
-0.010315
-0.022583
-0.026306
-0.078461
-0.17847
-0.16241
-0.11078
-0.068268
0.010986
0.074097
0.098724
0.17633
0.24173
0.22064
0.15585
0.092438
-0.0021362
-0.024323
-0.024597
-0.062927
-0.095947
-0.073181
-0.030579
0.023621
0.076965
0.068268
0.03476
0.029968
0.018219
-0.017822
-0.057007
-0.090515
-0.11148
-0.094391
-0.057068
-0.048737
-0.034363
-0.0067444
0.01825
0.039307
0.056335
0.038849
0.015381
0.010895
0.0011597
-0.014771
-0.02356
-0.035614
-0.039886
-0.023743
-0.0092163
-0.0084534
-0.0041504
-0.0021973
0.0017395
0.016663
0.023956
0.018097
0.015625
0.016235
0.012024
0.010956
0.0084229
-0.0020752
-0.007843
-0.0058899
-0.00018311
0.0088806
0.018341
0.024567
0.024109
0.018799
0.01181
0.0031433
-0.0021362
-0.0080872
-0.019501
-0.028473
-0.024994
-0.017029
-0.01828
-0.011353
-0.003479
-0.00054932
0.014954
0.022736
0.016083
0.016479
0.020966
0.0083923
0.0054016
0.0095825
-0.040222
-0.16022
-0.19321
-0.15747
-0.14001
-0.074524
0.0015869
0.035706
0.13245
0.2446
0.25922
0.22583
0.17456
0.091553
0.042847
0.031097
-0.050507
-0.11954
-0.12189
-0.089417
-0.038818
0.019104
0.023315
0.025879
0.059631
0.072083
0.039917
-0.0062561
-0.053955
-0.083893
-0.084015
-0.084381
-0.099762
-0.096771
-0.060944
-0.018799
0.0224
0.046387
0.050232
0.05072
0.055573
0.045349
0.020294
-0.0076294
-0.025879
-0.039551
-0.046143
-0.04837
-0.046234
-0.032166
-0.0068359
0.012115
0.029724
0.042969
0.047485
0.045898
0.041046
0.026855
0.014679
0.004425
-0.0044556
-0.012268
-0.014618
-0.0098267
0.0011292
0.014008
0.017822
0.015808
0.014496
0.011993
0.0076904
0.00082397
-0.015106
-0.028717
-0.034119
-0.032776
-0.032715
-0.036591
-0.038025
-0.029053
-0.021362
-0.0040588
0.0083313
0.015106
0.024139
0.036591
-0.0090942
-0.11862
-0.10593
-0.11203
-0.13513
-0.068237
-0.01712
0.0034485
0.12457
0.20447
0.21002
0.22159
0.20892
0.12878
0.11142
0.056885
-0.052612
-0.090485
-0.099182
-0.11475
-0.085419
-0.041992
-0.033875
0.012604
0.057037
0.045441
0.033295
0.024963
-0.0059814
-0.022217
-0.045715
-0.081909
-0.091492
-0.072113
-0.060059
-0.041473
-0.025269
-0.017059
0.0078125
0.03598
0.039032
0.031708
0.023407
0.016693
0.006134
-0.0047913
-0.022308
-0.039001
-0.041901
-0.03598
-0.024597
-0.010925
0.0020447
0.02005
0.041016
0.051483
0.047729
0.03952
0.031342
0.020935
0.015961
0.0054932
0.0018921
0.0024414
0.0031128
0.0077209
0.011841
0.012421
0.0078125
0
-0.0041809
-0.0074158
-0.0080261
-0.0080566
-0.018555
-0.023926
-0.026245
-0.032166
-0.042542
-0.040741
-0.032562
-0.027344
-0.014557
-0.032135
-0.11343
-0.083893
-0.056641
-0.10046
-0.065002
-0.010406
-0.0063477
0.084045
0.15579
0.1416
0.16968
0.19687
0.14597
0.14462
0.12064
0.022919
-0.0054932
-0.019073
-0.075378
-0.08197
-0.065735
-0.079865
-0.045563
-0.014069
-0.027191
-0.0036926
0.021912
0.0044861
0.0091858
-6.1035e-05
-0.033691
-0.035309
-0.033386
-0.056061
-0.052856
-0.04071
-0.039337
-0.017487
0
-0.0059204
0.0085449
0.020447
0.01355
0.019806
0.021729
0.009552
0.011719
0.0021362
-0.016113
-0.014374
-0.010406
-0.01825
-0.013214
-0.0093994
-0.0056763
0.01474
0.027344
0.029449
0.036133
0.034576
0.024933
0.021729
0.01593
0.0073242
0.0059509
0.0045166
-0.0033264
-0.0074768
-0.0098877
-0.010254
-0.010803
-0.012329
-0.0093079
-0.0073547
-0.0028687
-0.0041199
-0.013367
-0.016205
-0.022827
-0.03006
-0.013
-0.021545
-0.090912
-0.079254
-0.045593
-0.089966
-0.077209
-0.038055
-0.041077
0.015991
0.079132
0.089905
0.13443
0.16705
0.14587
0.16229
0.15033
0.084595
0.056641
0.026398
-0.025757
-0.038544
-0.061218
-0.087372
-0.071075
-0.067596
-0.076538
-0.053986
-0.043335
-0.032867
-0.005127
-0.0018616
-0.00012207
0.018707
0.019897
0.013947
0.0092163
-0.010162
-0.020294
-0.019043
-0.027985
-0.033173
-0.032471
-0.032715
-0.018524
0.00064087
0.0065308
0.01535
0.021759
0.019409
0.017761
0.013245
0.0080872
0.0037231
0.00073242
0.0010376
0.0042114
0.004364
0.0031128
0.0039062
0.0036316
0.0082703
0.0093994
0.0074768
0.010376
0.014008
0.015717
0.018158
0.017975
0.011597
0.0054932
0.0012207
-0.0089417
-0.014343
-0.018311
-0.033905
-0.034271
-0.026123
-0.030151
-0.025055
-0.013947
-0.0055847
0.0088501
-0.020477
-0.05899
-0.030701
-0.051605
-0.085632
-0.056335
-0.050598
-0.038513
0.013275
0.040009
0.074402
0.11746
0.11508
0.12817
0.15802
0.13522
0.10962
0.092041
0.051727
0.029327
0.0025635
-0.042603
-0.059784
-0.073792
-0.095825
-0.089935
-0.082214
-0.083374
-0.061676
-0.051636
-0.041382
-0.012695
0.0012817
0.003418
0.018463
0.017395
0.016052
0.021698
0.0086975
-0.0010681
-0.0040283
-0.015228
-0.017517
-0.017639
-0.020691
-0.011932
0.0015564
0.0042114
0.0097351
0.016968
0.016113
0.020691
0.019379
0.017639
0.022278
0.017792
0.012329
0.01474
0.0097351
0.0042114
0.0036926
-0.0007019
-0.0053101
-0.0040588
-0.0063171
-0.0059509
-0.0040283
-0.0053406
-0.003479
0.0020142
0.00030518
-0.0025024
-0.0087585
-0.01239
-0.0090942
-0.0096436
-0.017609
-0.025452
-0.029144
-0.017456
-0.033936
-0.057068
-0.040558
-0.045868
-0.056458
-0.029633
-0.032532
-0.028778
0.0087891
0.018524
0.031006
0.065674
0.070465
0.087067
0.12119
0.11566
0.1109
0.1131
0.090149
0.079529
0.059265
0.015503
-0.0033264
-0.018341
-0.046478
-0.059204
-0.077972
-0.10086
-0.095825
-0.09201
-0.093689
-0.078674
-0.066193
-0.054504
-0.029236
-0.008667
0.0071411
0.022614
0.026276
0.031952
0.040863
0.03418
0.025757
0.020081
0.014618
0.013367
0.010162
0.0050354
0.0032654
0.00064087
-0.00030518
0.00067139
-0.0036926
-0.0091553
-0.010315
-0.010864
-0.0050354
0.0031433
0.0069885
0.012787
0.020142
0.022705
0.022522
0.017731
0.0076904
0.0010986
-0.001709
-0.009491
-0.01828
-0.021881
-0.020081
-0.015503
-0.015564
-0.015228
-0.01062
-0.0089111
-0.010468
-0.0089722
-0.0050659
-0.014404
-0.017334
-0.016785
-0.025146
-0.027344
-0.020996
-0.022736
-0.015045
-0.0015259
0.0090637
0.021729
0.032684
0.037994
0.050781
0.060791
0.062592
0.061493
0.055145
0.049713
0.050018
0.043793
0.032776
0.020905
0.0099792
0.0013733
-0.0088806
-0.022003
-0.033173
-0.039856
-0.047607
-0.05011
-0.051117
-0.054047
-0.052643
-0.047028
-0.040466
-0.028259
-0.021545
-0.013153
-0.0014343
0.0058899
0.009491
0.013794
0.01239
0.012268
0.014313
0.0097961
0.0021057
0.0020752
0.0040283
0.0060425
0.0066223
-0.00021362
-0.005249
0.002655
0.0061035
-0.00085449
-0.0030518
-0.0036926
0.0015564
0.011841
0.013
0.01001
0.014923
0.016602
0.01239
0.010498
0.0080872
0.0040588
0.00073242
-0.0053711
-0.010529
-0.009613
-0.010132
-0.0096741
-0.0065918
-0.0057068
-0.0033875
-0.00039673
-0.0010986
-0.0018921
-0.0037231
-0.006134
-0.0040894
-0.0037842
-0.0084229
-0.0071106
-0.0037231
-0.0030212
0.00082397
0.0037537
0.0055847
0.011505
0.017395
0.019867
0.018127
0.017975
0.021301
0.023071
0.019287
0.012695
0.0083618
0.0072021
0.0054016
0.0010376
-0.0056763
-0.010223
-0.013885
-0.013489
-0.011658
-0.014069
-0.016541
-0.015106
-0.013
-0.01181
-0.01181
-0.012299
-0.010162
-0.0053406
-0.0011292
-0.0023193
-0.0045471
-0.0049438
-0.0037231
-0.0018005
-0.0011597
-0.0018616
0.00042725
0.0055542
0.0068665
0.0046082
0.0020752
0.0025635
0.0030518
-0.00088501
