-0.00061035
-0.00045776
-0.00042725
-0.00027466
-0.00027466
-0.00030518
-0.00061035
-0.00097656
-0.0010681
-0.0010681
-0.00091553
-0.00091553
-0.0007019
-3.0518e-05
0.00036621
0.00015259
0.00012207
0.0005188
0.00067139
0.00091553
0.0010986
0.0012512
0.001709
0.0020447
0.0021362
0.0020752
0.0020142
0.0016479
0.0011292
9.1553e-05
-0.0007019
-0.0015259
-0.002533
-0.0032959
-0.0038452
-0.0034485
-0.002594
-0.0013733
-0.00027466
0.00073242
0.0015259
0.0020142
0.0024414
0.0024719
0.0023804
0.0019531
0.0013123
0.00030518
-0.00097656
-0.0022278
-0.0029602
-0.002655
-0.0016479
-0.00039673
0.00024414
0.00097656
0.0022888
0.0030823
0.0033875
0.0032043
0.0025024
0.0013123
0.00015259
-0.00079346
-0.0015564
-0.0022583
-0.0029297
-0.0029907
-0.0028687
-0.0030518
-0.002594
-0.0014038
-0.0010986
-0.0016174
-0.002594
-0.0032043
-0.00354
-0.0046387
-0.0059204
-0.0058899
-0.0047913
-0.0031128
-0.00048828
0.002594
0.0047607
0.0055237
0.0050659
0.0033264
-0.0014343
-0.0093079
-0.01825
-0.02536
-0.028137
-0.025299
-0.017944
-0.0079041
0.0037842
0.016266
0.030273
0.043243
0.052277
0.05658
0.054901
0.048004
0.038025
0.026733
0.014557
0.0018311
-0.010529
-0.021332
-0.029327
-0.033783
-0.034912
-0.033173
-0.029541
-0.024384
-0.018494
-0.01236
-0.0060425
-0.00073242
0.0026855
0.0041809
0.0038147
0.0015869
-0.0013428
-0.0040283
-0.0066528
-0.008728
-0.0099792
-0.010529
-0.0097046
-0.0074768
-0.0044861
-0.0014954
0.00015259
0.0011292
0.0021362
0.0030212
0.003479
0.0031433
0.0026855
0.0026245
0.0032043
0.0046692
0.0065613
0.0072021
0.0072021
0.0074463
0.0077515
0.0076599
0.0067749
0.0056458
0.0046082
0.0043945
0.0043945
0.0045471
0.0046997
0.0034485
0.0016785
0.00057983
-0.00027466
-0.00073242
-0.0018921
-0.00354
-0.0040588
-0.0037842
-0.0032654
-0.0021057
-0.00045776
0.00036621
0.00076294
0.0013428
0.0018616
0.0023499
0.0029602
0.0030518
0.0022583
0.00018311
-0.0015259
-0.0027771
-0.0050964
-0.0070496
-0.0093689
-0.013428
-0.013306
-0.0099487
-0.0095825
-0.006134
0.0011902
0.005188
0.0062561
-0.004303
-0.039764
-0.075134
-0.084412
-0.074646
-0.04541
-0.0072021
0.012146
0.027863
0.059174
0.088623
0.11609
0.13632
0.12335
0.093445
0.065918
0.032043
0.0057068
-0.010559
-0.03598
-0.058319
-0.067017
-0.071533
-0.062042
-0.041046
-0.025085
-0.010651
0.00039673
0.0042419
0.0112
0.018677
0.018707
0.012299
-0.0024109
-0.019806
-0.029968
-0.033936
-0.031952
-0.025757
-0.022461
-0.019104
-0.011383
-0.0018616
0.010254
0.021118
0.023438
0.019531
0.012665
0.0048523
0.00024414
-0.0029602
-0.0082703
-0.014099
-0.017975
-0.018768
-0.014954
-0.0087585
-0.0020752
0.0056458
0.013763
0.021149
0.02356
0.021088
0.015717
0.0093994
0.0062256
0.0056763
0.0043335
0.0022583
0.00067139
-6.1035e-05
0.0021057
0.0047607
0.0065002
0.0081787
0.0078735
0.0067444
0.0057068
0.0040894
0.0027161
0.0013123
-0.0015564
-0.004303
-0.0053101
-0.0048218
-0.0038757
-0.0033875
-0.0040283
-0.005249
-0.0067139
-0.0073853
-0.0061646
-0.003479
-0.0011597
0.00045776
0.00030518
-0.0018616
-0.0025024
-0.0018616
-0.0022888
-0.0031738
-0.006073
-0.012543
-0.015656
-0.013153
-0.010406
-0.0057068
-0.00088501
0.00018311
0.0028992
0.00073242
-0.016846
-0.042084
-0.066193
-0.079346
-0.066498
-0.036713
-0.0061951
0.023102
0.048401
0.073761
0.10367
0.12552
0.12729
0.10968
0.078522
0.044769
0.01712
-0.0057678
-0.026031
-0.042297
-0.051971
-0.05127
-0.039795
-0.022369
-0.0056763
0.0061646
0.010864
0.0083008
0.0027771
-0.0025024
-0.010071
-0.020905
-0.03363
-0.046417
-0.051392
-0.046173
-0.034668
-0.020142
-0.0074768
0.0015259
0.01004
0.017059
0.021484
0.022461
0.0159
0.0042725
-0.0084534
-0.020416
-0.025635
-0.025238
-0.025269
-0.022217
-0.017548
-0.013672
-0.005249
0.0057983
0.013397
0.021271
0.027985
0.029205
0.029388
0.027069
0.021851
0.019226
0.017792
0.013794
0.012207
0.011993
0.010956
0.013062
0.014771
0.013031
0.010284
0.0065002
0.0014954
-0.0017395
-0.0054626
-0.012451
-0.02066
-0.026154
-0.026672
-0.023102
-0.016388
-0.010284
-0.0056763
-0.0010071
0.0019836
0.0031433
0.0028076
-0.0014343
-0.0044861
-0.0090637
-0.013672
-0.010559
-0.0081482
-0.010132
-0.0073547
-0.015594
-0.036865
-0.051636
-0.07666
-0.099915
-0.083984
-0.052979
-0.011627
0.050751
0.097565
0.12363
0.15109
0.1604
0.14508
0.11551
0.066559
0.0084534
-0.035065
-0.056
-0.065979
-0.064758
-0.048187
-0.027618
-0.0028687
0.02774
0.046661
0.04953
0.040649
0.017761
-0.011871
-0.038849
-0.059204
-0.072845
-0.079346
-0.074097
-0.059937
-0.039795
-0.011017
0.017517
0.036652
0.047028
0.047058
0.036041
0.01889
0.00094604
-0.017914
-0.035339
-0.04422
-0.044617
-0.040955
-0.027863
-0.010315
-6.1035e-05
0.010284
0.020782
0.021973
0.019867
0.015167
0.0019531
-0.0098572
-0.013306
-0.014038
-0.011444
-0.0022583
0.0073853
0.014587
0.024353
0.033661
0.035034
0.032806
0.027313
0.016632
0.010956
0.009552
0.0075378
0.0053406
0.0032043
-0.0011902
-0.0024719
0.0017395
0.0020142
-0.00033569
-0.00354
-0.0092468
-0.014954
-0.010803
-0.0042725
-0.0056763
-0.0028381
-0.0062866
-0.01239
-0.0077209
-0.0014343
-0.0084839
-0.020966
-0.025757
-0.03064
-0.054199
-0.061523
-0.092041
-0.15305
-0.13751
-0.084564
-0.011993
0.086304
0.15588
0.16803
0.17828
0.18655
0.16577
0.1189
0.053192
-0.029785
-0.094574
-0.095551
-0.075256
-0.049957
-0.014862
0.013977
0.037048
0.067963
0.092133
0.080109
0.033844
-0.018524
-0.071136
-0.10498
-0.10345
-0.090637
-0.07901
-0.059509
-0.030304
0.00082397
0.034912
0.062836
0.061157
0.039459
0.014099
-0.014038
-0.035217
-0.044495
-0.049866
-0.050079
-0.039825
-0.020935
-0.00079346
0.015533
0.02533
0.026215
0.021667
0.014618
0.006134
-0.0042725
-0.014252
-0.020142
-0.020905
-0.011749
0.0039978
0.018158
0.028076
0.030884
0.030121
0.030121
0.031403
0.028137
0.019806
0.010376
0.00036621
-0.0037231
-0.0027771
-0.0032349
-0.0050354
-0.0066528
-0.0055542
-0.0040894
-0.0021057
0.0016785
-0.0015259
-0.00039673
0.00039673
0.0093689
0.010498
0.0030518
0.0056152
0.0019836
-0.0098572
-0.0080261
-0.0027771
-0.024139
-0.030304
-0.038116
-0.080078
-0.079742
-0.15262
-0.22336
-0.17438
-0.078766
0.032593
0.14853
0.22867
0.2088
0.20844
0.2081
0.15961
0.085114
-0.0098877
-0.10577
-0.14035
-0.091492
-0.037537
-0.0050354
0.035126
0.063934
0.084412
0.10934
0.099152
0.036011
-0.051361
-0.1073
-0.13739
-0.1319
-0.09906
-0.077484
-0.05957
-0.018921
0.030487
0.061035
0.080627
0.073395
0.031189
-0.0053101
-0.021484
-0.038025
-0.045135
-0.038788
-0.033569
-0.023926
0.00079346
0.022888
0.02594
0.022552
0.015839
-0.0025635
-0.017792
-0.024872
-0.030945
-0.032471
-0.02002
-0.0047302
0.005249
0.020752
0.027283
0.029236
0.027985
0.023773
0.014801
0.014069
0.021179
0.016479
0.016022
0.015747
0.0085754
0.00039673
-0.00045776
-0.0023193
-0.0082092
-0.012665
-0.014618
-0.017944
-0.012329
-0.010498
-0.013428
0.00030518
0.0092773
0.0072021
0.01532
0.023438
0.018768
0.018005
0.0019226
-0.031097
-0.061066
-0.060547
-0.11215
-0.26459
-0.26056
-0.16858
-0.043823
0.1012
0.23035
0.23444
0.22223
0.26932
0.2348
0.15353
0.026428
-0.11182
-0.18457
-0.11969
-0.048584
-0.033905
-0.0016479
0.050354
0.094269
0.1575
0.1687
0.080444
-0.038879
-0.1084
-0.1344
-0.14337
-0.12143
-0.11832
-0.10889
-0.0513
0.029938
0.079132
0.087799
0.072968
0.023346
-0.0019836
-0.0069275
-0.031586
-0.057556
-0.067291
-0.058807
-0.033539
0.010468
0.030212
0.026611
0.019257
0.013611
0.0084534
0.0026245
-0.0075378
-0.02179
-0.023865
-0.0096741
0.0069885
0.01767
0.028381
0.027008
0.028717
0.030945
0.023651
0.008667
0.0059509
0.012817
0.021362
0.029388
0.024292
0.0065918
-0.0052795
-0.0079041
-0.010803
-0.019989
-0.035767
-0.050049
-0.046387
-0.02533
-0.01355
0.00097656
0.012634
0.021606
0.02005
0.02948
0.036499
0.032684
0.021515
-0.017303
-0.03241
-0.048431
-0.12366
-0.30359
-0.29105
-0.18005
-0.055908
0.089783
0.20853
0.21841
0.24408
0.32501
0.27979
0.16916
0.01297
-0.12961
-0.18094
-0.099426
-0.059784
-0.070038
-0.041107
0.037079
0.12241
0.20282
0.18771
0.065857
-0.042328
-0.084656
-0.10611
-0.14032
-0.14639
-0.1622
-0.12625
-0.031647
0.048767
0.056213
0.046387
0.040894
0.029358
0.03418
0.017273
-0.036652
-0.079346
-0.066071
-0.039795
-0.013885
0.0036011
0.0012512
-0.00088501
0.028259
0.044189
0.022186
-0.0037842
-0.022278
-0.026825
-0.0029602
0.022888
0.0177
0.01355
0.023895
0.037598
0.043518
0.038666
0.0099487
-0.0071106
0.010345
0.029816
0.032379
0.023102
0.013214
0.0030212
0.0053101
0.0035095
-0.015564
-0.044067
-0.060822
-0.058105
-0.039124
-0.011566
-0.012634
-0.020599
-0.018677
0.013092
0.029572
0.028503
0.0098267
-0.0085144
-0.015167
-0.040314
-0.2384
-0.30588
-0.21365
-0.13382
-0.023865
0.13083
0.17346
0.20773
0.35818
0.36243
0.26224
0.13373
-0.00088501
-0.10861
-0.079651
-0.097931
-0.17789
-0.15811
-0.041595
0.05835
0.14676
0.16943
0.10596
0.068237
0.060425
-0.0031433
-0.1124
-0.16351
-0.18994
-0.16223
-0.095032
-0.048218
-0.045349
0.0010376
0.075684
0.099915
0.09552
0.061249
0.0075073
-0.019714
-0.014679
-0.036987
-0.070343
-0.071869
-0.058472
-0.032532
0.0020142
0.0012817
-0.0096436
0.0036316
0.028442
0.032867
0.031555
0.017426
0.0025024
0.010681
0.026764
0.01828
0.001709
0.00094604
0.005127
0.013031
0.029297
0.030182
0.029877
0.043701
0.056488
0.04892
0.029114
0.0029907
-0.019897
-0.030029
-0.040588
-0.052155
-0.053619
-0.042542
-0.036591
-0.02063
0.0031128
0.012817
0.00097656
-0.0051575
-0.0059204
0.014893
-0.13
-0.2915
-0.2037
-0.15671
-0.13974
-0.022736
0.069153
0.091339
0.27899
0.37241
0.29703
0.23004
0.17325
0.055481
0.035645
-0.0015259
-0.15585
-0.21136
-0.14252
-0.084229
-0.014313
0.057617
0.044617
0.078186
0.15271
0.13446
0.033325
-0.029053
-0.086029
-0.12836
-0.13113
-0.1398
-0.16092
-0.11081
-0.028839
0.022614
0.064484
0.083679
0.067566
0.065735
0.062469
0.012634
-0.026245
-0.031158
-0.045349
-0.056427
-0.050354
-0.050659
-0.036591
-0.0080566
0.0063782
0.0027771
0.012909
0.02417
0.036804
0.05304
0.053436
0.038208
0.02359
0.01178
-0.0062561
-0.01889
-0.015167
-0.0050659
0.0037842
0.0069275
0.015717
0.032745
0.040466
0.038971
0.025421
0.010406
-0.0053406
-0.02005
-0.036346
-0.030609
-0.043091
-0.059692
-0.048737
-0.022034
-0.013428
-0.005127
0.036377
-0.029999
-0.18723
-0.13162
-0.098816
-0.14395
-0.090607
-0.019257
-0.010345
0.15057
0.26312
0.22128
0.21768
0.22882
0.14014
0.12265
0.086975
-0.057953
-0.10223
-0.081604
-0.11047
-0.10641
-0.050781
-0.058441
-0.010406
0.053802
0.038757
0.022766
0.044678
0.015045
-0.0050049
-0.0090637
-0.058502
-0.098389
-0.083588
-0.085571
-0.083252
-0.042786
-0.024414
-0.0022278
0.044006
0.063721
0.062836
0.082001
0.061951
0.010773
-0.01178
-0.032928
-0.054352
-0.048187
-0.048553
-0.054474
-0.02243
0.012115
0.024475
0.033722
0.030396
0.027039
0.041321
0.046783
0.03418
0.025665
0.011658
0.0061646
0.018829
0.021393
0.0038147
-0.0097046
-0.016876
-0.017334
-0.0065002
-0.013702
-0.026611
-0.027252
-0.017395
-0.0056763
0.0057983
0.0050049
-0.011841
-0.022644
-0.0089417
-0.1015
-0.18378
-0.12558
-0.15308
-0.15311
-0.057678
-0.01532
0.028625
0.16263
0.19211
0.19998
0.24734
0.21979
0.15628
0.16986
0.089081
0.0062256
-0.011902
-0.06488
-0.11438
-0.09494
-0.10852
-0.11826
-0.053253
-0.032104
-0.021851
0.020905
0.026031
0.021606
0.048584
0.016754
-0.016998
-0.014008
-0.041321
-0.068573
-0.05191
-0.054688
-0.057404
-0.032623
-0.026428
-0.014526
0.014343
0.014801
0.0086975
0.022705
0.025513
0.02533
0.038269
0.029022
0.012329
0.010651
-0.0012207
-0.0091858
-0.0018616
-0.006897
-0.0080261
0.007782
0.01123
0.013672
0.021149
0.022064
0.02121
0.029449
0.027008
0.017914
0.0083923
0.0060425
0.0013123
-0.0030212
-0.013214
-0.028564
-0.028717
-0.029175
-0.033569
-0.021667
-0.026245
-0.032776
-0.039429
-0.011169
-0.050751
-0.11215
-0.059357
-0.10284
-0.1199
-0.04071
-0.045105
-0.039032
0.058197
0.063538
0.093384
0.17523
0.16467
0.1525
0.21143
0.16721
0.13675
0.12686
0.042694
-0.008728
-0.016449
-0.081573
-0.11142
-0.096863
-0.12347
-0.11053
-0.069489
-0.068939
-0.041656
-0.0082703
-0.0075989
0.019318
0.023987
0.00030518
0.00061035
-0.0036011
-0.021484
-0.012054
-0.020172
-0.04126
-0.033783
-0.032288
-0.03537
-0.017059
-0.017975
-0.012726
0.01825
0.030914
0.033661
0.036499
0.030487
0.031616
0.035583
0.018616
0.011566
0.014374
0.010956
0.014099
0.012756
0.0092468
0.020447
0.021576
0.012299
0.015381
0.0075684
-0.00354
-0.0014648
-0.0065613
-0.0093994
-0.013031
-0.022644
-0.026215
-0.021851
-0.029266
-0.017792
-0.017151
-0.010559
-0.050903
-0.086823
-0.047577
-0.077759
-0.1207
-0.09021
-0.088745
-0.075775
-0.0046997
0.016205
0.051117
0.11984
0.13437
0.16626
0.21371
0.17371
0.15234
0.15143
0.09671
0.058929
0.03244
-0.027252
-0.040405
-0.048279
-0.093689
-0.10559
-0.099609
-0.10696
-0.083862
-0.073486
-0.071899
-0.039734
-0.019379
-0.015076
0.0072327
0.011139
0.0097961
0.022522
0.0224
0.02594
0.035858
0.019196
0.00076294
-0.0039062
-0.019287
-0.030304
-0.037262
-0.043823
-0.038635
-0.025208
-0.020538
-0.0078735
0.0097046
0.024841
0.03006
0.026245
0.022797
0.029907
0.028931
0.02536
0.019745
0.007843
0.011536
0.022034
0.027893
0.024963
0.017426
0.0081177
0.0058594
0.0013733
-0.0054626
-0.018951
-0.031311
-0.038025
-0.040283
-0.032379
-0.026093
-0.024658
-0.041504
-0.032166
-0.025696
-0.045258
-0.049744
-0.04715
-0.053802
-0.034424
-0.0092163
0.0052185
0.028503
0.046234
0.057526
0.092499
0.11188
0.11118
0.11172
0.10471
0.096069
0.096558
0.077057
0.050659
0.02478
-0.0032043
-0.025696
-0.049622
-0.08606
-0.10104
-0.097992
-0.10068
-0.095154
-0.084564
-0.076019
-0.058289
-0.036957
-0.025146
-0.0093384
0.00064087
0.0094299
0.022034
0.025299
0.0242
0.029999
0.029633
0.022064
0.020538
0.017731
0.0091553
0.0088501
0.01355
0.015137
0.012268
0.0055237
-0.0025024
0.00057983
0.00015259
-0.010406
-0.017395
-0.0073242
0.0043335
0.0033875
0.0059509
0.00088501
0.0065613
0.013153
0.0033264
-0.0064697
0.00048828
0.0093994
0.0092163
0.0030518
-0.0067139
-0.0056458
-0.0052795
-0.010803
-0.022156
-0.025024
-0.030853
-0.02829
-0.022827
-0.032104
-0.032227
-0.025208
-0.028259
-0.020142
-0.009613
-0.0021667
0.011719
0.0271
0.027313
0.040894
0.054688
0.065216
0.073334
0.070831
0.06604
0.070831
0.076324
0.063843
0.04422
0.029449
0.018921
0.010468
-0.0064087
-0.031555
-0.053192
-0.063385
-0.067963
-0.07077
-0.077698
-0.082855
-0.079224
-0.068359
-0.05542
-0.044739
-0.032471
-0.021271
-0.0089111
0.0072632
0.02005
0.028107
0.033325
0.035645
0.030792
0.026184
0.025543
0.024902
0.02652
0.027313
0.02124
0.01532
0.011414
0.0064697
0.00177
-0.0064087
-0.011475
-0.012115
-0.01123
-0.006134
-0.0047607
-0.006073
-0.0047607
-0.0030212
-0.00079346
-0.0043335
-0.0098877
-0.014587
-0.011932
-0.0055542
0.0007019
0.0052185
0.007782
0.013641
0.01825
0.017242
0.0092773
-0.0025635
-0.01001
-0.015442
-0.024841
-0.029907
-0.02771
-0.026764
-0.022064
-0.012329
-0.002655
0.0028992
0.0087891
0.01651
0.02536
0.034698
0.040619
0.042664
0.040497
0.046906
0.049988
0.047028
0.043884
0.033539
0.025055
0.013397
0.0041809
-0.0057678
-0.015869
-0.027985
-0.036255
-0.034302
-0.037628
-0.048035
-0.057068
-0.053223
-0.048584
-0.043518
-0.037048
-0.02951
-0.024048
-0.017975
-0.0071716
0.003479
0.0098572
0.015259
0.017609
0.022339
0.024017
0.024231
0.027618
0.028259
0.020233
0.01416
0.016815
0.016357
0.010071
0.0025635
-0.0050659
-0.011139
-0.012787
-0.0090027
-0.0058899
-0.0078125
-0.0093689
-0.0040894
-3.0518e-05
0.0023804
-0.0018311
-0.0091553
-0.0093994
-0.0018616
0.0013428
-0.00030518
-0.0025635
-0.0062866
6.1035e-05
0.012421
0.014221
0.011688
0.012848
0.0085144
0.0054321
0.0083313
0.003418
-0.0076294
-0.010254
-0.0089417
-0.0088501
-0.0054932
-0.0012512
-0.0036621
0.0015564
0.007019
0.0064087
0.0044556
0.0061951
0.011261
0.014862
0.018219
0.013031
0.01236
0.013702
0.012878
0.0112
0.0077515
0.0029907
-0.0041199
-0.012787
-0.020844
-0.024292
-0.033966
-0.038483
-0.031097
-0.023804
-0.019501
-0.014679
-0.010742
-0.0079041
-0.0041199
-0.0051575
-0.003479
0.0025635
0.0070801
0.013702
0.020508
0.023376
0.026276
0.031555
0.032196
0.02832
0.023071
0.014404
0.0086975
0.0049438
-0.00024414
-0.0071411
