-0.025909
-0.033051
-0.037811
-0.040314
-0.038849
-0.035553
-0.031281
-0.024261
-0.016724
-0.0098572
-0.0022888
0.0036011
0.0078735
0.011505
0.011444
0.009613
0.0082092
0.0050964
0.00097656
-0.002533
-0.0057983
-0.0079346
-0.0091553
-0.01059
-0.0099792
-0.0072327
-0.0050964
-0.0027466
0.00012207
0.0024109
0.0049133
0.006897
0.0074158
0.0073853
0.0071106
0.0056458
0.004364
0.0037537
0.0020142
0.00021362
-0.0016479
-0.0050049
-0.0084839
-0.011322
-0.013977
-0.014832
-0.012482
-0.0092163
-0.0030518
0.0066833
0.015289
0.023926
0.032227
0.034943
0.034149
0.032318
0.026184
0.018768
0.011993
0.0027466
-0.004364
-0.007843
-0.011383
-0.012848
-0.012573
-0.013275
-0.012085
-0.010071
-0.010284
-0.0098572
-0.0098877
-0.011017
-0.0097046
-0.0096436
-0.010681
-0.0093689
-0.010895
-0.013
-0.011383
-0.012726
-0.013519
-0.010559
-0.011292
-0.012085
-0.0070496
-0.0058289
-0.0072021
-0.0020752
-0.0018311
-0.004425
-0.0012207
-0.0020752
-0.005127
-0.001709
-0.00018311
0.0019226
0.012482
0.020294
0.026459
0.038055
0.046478
0.051758
0.057831
0.056946
0.05127
0.044678
0.032013
0.018219
0.0056763
-0.0096436
-0.022278
-0.030396
-0.038239
-0.041229
-0.03891
-0.036438
-0.029907
-0.02182
-0.016357
-0.0097351
-0.0043945
-0.002655
-0.0011292
-0.0023804
-0.0065002
-0.0092163
-0.012665
-0.016205
-0.016998
-0.016632
-0.015228
-0.011627
-0.0072327
-0.0024719
0.0032654
0.0071716
0.0097351
0.011322
0.010345
0.0082092
0.0054626
0.0026855
0.00097656
-0.0021057
-0.0044556
-0.0039978
-0.005188
-0.0039368
-0.00079346
-0.0036621
-0.002655
0.0010071
-0.0020752
0.0011597
0.0091553
0.0092468
0.013855
0.020233
0.021606
0.027954
0.03302
0.029694
0.026581
0.019531
0.010712
0.0068665
-0.00021362
-0.0063782
-0.0093384
-0.014862
-0.013641
-0.0074768
-0.0056763
-0.0028076
-0.00076294
-0.0045776
-0.008606
-0.012085
-0.016785
-0.020569
-0.023224
-0.023163
-0.021729
-0.01889
-0.012421
-0.0054626
-0.0028076
-0.0021973
-0.0023804
-0.0089722
-0.015564
-0.017548
-0.025208
-0.029053
-0.023895
-0.028656
-0.032501
-0.030823
-0.033264
-0.018677
0.008728
0.032379
0.061859
0.082886
0.090546
0.10059
0.10147
0.092621
0.080322
0.051514
0.01886
-0.0075378
-0.030945
-0.041443
-0.043427
-0.042908
-0.034058
-0.023315
-0.0098267
0.0083923
0.018616
0.021881
0.017151
0.0025635
-0.011932
-0.025452
-0.038239
-0.046112
-0.053558
-0.056335
-0.050751
-0.040222
-0.021912
-0.0029602
0.011444
0.02298
0.027313
0.027313
0.024353
0.014191
0.001709
-0.01358
-0.028931
-0.036987
-0.039581
-0.034729
-0.024017
-0.011658
0.0036011
0.017731
0.02829
0.036774
0.034332
0.024292
0.01593
0.0068665
0.002594
0.0021057
-0.0037842
-0.0057678
0.00024414
0.0046082
0.011414
0.014496
0.0030212
0.0042419
0.021149
0.027954
0.030457
0.031586
0.020599
0.015778
0.021179
0.016388
-0.0010681
-0.020447
-0.033813
-0.03421
-0.021484
-0.0076599
-0.0035706
-0.0042114
-0.0031433
-9.1553e-05
0.0039062
0.0040283
-0.0061951
-0.020508
-0.023529
-0.022064
-0.019073
-0.0078125
-0.015106
-0.040924
-0.049255
-0.048859
-0.048615
-0.039673
-0.036713
-0.073242
-0.098297
-0.067169
-0.016449
0.044373
0.1189
0.14117
0.13452
0.13724
0.14273
0.13452
0.10056
0.048004
-0.017303
-0.073151
-0.080048
-0.060028
-0.044525
-0.020813
-0.0017395
0.015198
0.038513
0.064301
0.069763
0.045624
0.0056763
-0.038177
-0.077789
-0.090393
-0.086029
-0.082642
-0.075134
-0.059631
-0.031952
0.0039062
0.042755
0.067963
0.06662
0.048828
0.026001
0.0005188
-0.020721
-0.039215
-0.057098
-0.069275
-0.06601
-0.047791
-0.02243
0.0079956
0.033173
0.041992
0.040466
0.038635
0.021759
0.00097656
-0.0090942
-0.023438
-0.034546
-0.027374
-0.016571
0.00094604
0.020416
0.037231
0.046448
0.042511
0.035614
0.0242
-0.0040894
-0.023743
-0.018982
-0.0063782
0.012817
0.032867
0.038544
0.034576
0.037872
0.038147
0.020569
-0.0083923
-0.0336
-0.049194
-0.03833
-0.011108
0.0036926
0.0030823
0.0022583
0.0042114
0.0081177
0.0022278
-0.013062
-0.031647
-0.043365
-0.041321
-0.015717
0.0058289
0.015564
0.0056763
-0.018066
-0.038086
-0.051788
-0.053772
-0.031982
-0.077911
-0.17563
-0.16925
-0.095337
0.0057373
0.1322
0.21234
0.19226
0.16595
0.1788
0.18277
0.1283
0.0495
-0.060608
-0.15182
-0.15018
-0.078461
-0.016266
0.010468
0.040161
0.061676
0.085785
0.12503
0.12967
0.060944
-0.036041
-0.11508
-0.15726
-0.15488
-0.11154
-0.081482
-0.06955
-0.039062
0.01239
0.065826
0.1026
0.10745
0.065247
0.00027466
-0.039337
-0.055664
-0.065948
-0.069916
-0.073395
-0.071838
-0.044098
0.0094299
0.052216
0.068512
0.060944
0.035492
0.013641
0.0029297
-0.0049133
-0.024963
-0.049255
-0.054749
-0.039948
-0.012177
0.019257
0.032745
0.018372
0.006958
0.012726
0.022614
0.035217
0.042664
0.031158
0.018402
0.023712
0.034698
0.036926
0.028595
0.0078735
-0.013885
-0.015747
-0.0043335
0.0014648
0.0005188
-0.0019531
-0.0025635
0.0038147
0.010773
0.0063782
-0.0029602
-0.022339
-0.042816
-0.047485
-0.03772
-0.018829
0.0015869
0.004425
0.01001
0.011536
-0.024353
-0.049713
-0.040619
-0.044952
-0.099548
-0.21378
-0.21085
-0.12454
0.0018921
0.13431
0.22299
0.20734
0.19138
0.20911
0.20831
0.13614
0.028625
-0.10614
-0.19385
-0.15689
-0.074371
-0.016754
-0.00036621
0.042694
0.088135
0.13614
0.16968
0.13364
0.019135
-0.091431
-0.14624
-0.15286
-0.13617
-0.1062
-0.093048
-0.069092
0.0012207
0.079163
0.12024
0.11139
0.074799
0.017487
-0.026825
-0.041351
-0.057861
-0.085541
-0.099487
-0.081238
-0.034973
0.022278
0.063751
0.065216
0.047852
0.035339
0.026825
0.013
-0.0078735
-0.036835
-0.066498
-0.063843
-0.029175
-0.012909
-0.013245
0.0050964
0.022217
0.030273
0.054993
0.066772
0.036438
0.014771
0.013306
0.0049133
-0.0020752
-0.00042725
-0.013092
-0.012878
0.004303
0.019684
0.017609
0.014801
0.016113
0.014832
0.0098877
0.0027771
-0.0082703
-0.017609
-0.023438
-0.021027
-0.016907
-0.0177
0.0068359
0.025055
0.025574
0.027313
-0.010071
-0.064117
-0.080872
-0.072937
-0.070648
-0.194
-0.24554
-0.16394
-0.042419
0.086548
0.2103
0.21884
0.18002
0.20627
0.24179
0.17792
0.06427
-0.065765
-0.18533
-0.1752
-0.08078
-0.021637
-0.032104
0.0041809
0.071594
0.13757
0.18665
0.16586
0.051666
-0.067383
-0.11157
-0.12418
-0.14182
-0.14536
-0.1442
-0.12146
-0.032471
0.067383
0.10773
0.10181
0.088501
0.062225
0.032806
0.0072327
-0.041687
-0.099701
-0.11636
-0.081299
-0.040955
-0.0087891
0.017792
0.030182
0.050354
0.076233
0.073547
0.034088
-0.01004
-0.039948
-0.068878
-0.067169
-0.049286
-0.046448
-0.032074
0.013794
0.053467
0.07193
0.076569
0.061646
0.030823
0.022186
0.015656
-0.0054932
-0.022949
-0.027893
-0.02652
-0.0074768
0.021118
0.025269
0.0053711
0.00057983
0.0067749
-0.00097656
-0.0086975
-0.018311
-0.031891
-0.026642
0.0036316
0.022797
0.032806
0.027649
0.017609
9.1553e-05
-0.052124
-0.0802
-0.072968
-0.18185
-0.25986
-0.16287
-0.063751
0.016266
0.1373
0.19818
0.18961
0.24655
0.28806
0.19995
0.075714
-0.026337
-0.13138
-0.15009
-0.099365
-0.10162
-0.13498
-0.062378
0.069336
0.14636
0.18372
0.16095
0.071686
0.00021362
-0.010895
-0.060181
-0.14923
-0.19714
-0.19217
-0.14651
-0.050262
0.028412
0.043732
0.062927
0.11557
0.12781
0.09552
0.04306
-0.030762
-0.089081
-0.088806
-0.071716
-0.076996
-0.070099
-0.032379
0.012726
0.061371
0.094025
0.082886
0.055756
0.044373
0.011627
-0.026642
-0.051697
-0.074982
-0.07605
-0.038635
-0.0049133
0.023895
0.046753
0.063141
0.061523
0.062714
0.049927
0.015564
-0.0089417
-0.017487
-0.021973
-0.022888
-0.018738
-0.01651
-0.015656
-0.0090637
-0.0019836
-0.005188
-0.0084839
-0.01709
-0.033386
-0.028442
-0.0042419
0.014801
0.026428
0.033569
0.044037
0.014923
-0.03891
-0.037201
-0.084167
-0.22467
-0.23077
-0.15085
-0.10764
-0.02771
0.093506
0.13522
0.20624
0.31152
0.30722
0.21375
0.15125
0.051453
-0.05365
-0.080963
-0.11514
-0.18402
-0.17505
-0.074646
-0.0026245
0.059998
0.11169
0.11563
0.10944
0.1228
0.072906
-0.032593
-0.096588
-0.12485
-0.1521
-0.14481
-0.13095
-0.13315
-0.093201
0.0014648
0.068665
0.097198
0.11749
0.10233
0.075043
0.068481
0.036835
-0.028564
-0.072754
-0.090393
-0.10745
-0.093628
-0.054626
-0.026489
0.010437
0.038605
0.038696
0.046631
0.067902
0.061127
0.041107
0.024567
0.0014038
-0.0078735
0.005127
0.0039062
-0.013123
-0.010284
0.0064392
0.018066
0.024506
0.022888
0.016632
0.020752
0.020294
0.011871
-0.00030518
-0.011627
-0.024963
-0.035919
-0.040619
-0.053101
-0.068512
-0.055298
-0.02597
-0.014648
-0.00076294
0.031281
0.036926
0.025421
0.0024414
0.019165
-0.058258
-0.18756
-0.14432
-0.13187
-0.13318
-0.046051
0.026611
0.054901
0.17368
0.27606
0.24533
0.23309
0.22296
0.11917
0.06424
0.012756
-0.10074
-0.17117
-0.14606
-0.14059
-0.12595
-0.043671
-0.0053406
0.030945
0.10046
0.11716
0.088806
0.081909
0.046326
-0.017975
-0.049927
-0.080261
-0.13153
-0.13367
-0.1109
-0.1022
-0.062714
-0.0040588
0.025757
0.058624
0.087921
0.07666
0.064209
0.062012
0.029938
-0.0091553
-0.036407
-0.071808
-0.092346
-0.081329
-0.077881
-0.062653
-0.020477
0.0056458
0.027405
0.067383
0.081543
0.081573
0.084961
0.07135
0.049713
0.031128
0.0050354
-0.018402
-0.01059
-0.011078
-0.024139
-0.0159
-0.005127
-0.0059509
-0.00030518
0.007019
-6.1035e-05
9.1553e-05
-0.0060425
-0.018097
-0.0083313
-0.012543
-0.026001
-0.024261
-0.033051
-0.054626
-0.046875
-0.04187
-0.14404
-0.11548
-0.080261
-0.12021
-0.064606
0.00057983
0.0072021
0.089111
0.18222
0.17184
0.19571
0.22992
0.16849
0.15601
0.13129
0.020996
-0.037933
-0.058624
-0.11758
-0.12897
-0.10184
-0.11557
-0.088074
-0.017303
0.00042725
0.029327
0.069611
0.047424
0.0401
0.050598
0.01947
-0.016602
-0.022186
-0.05899
-0.080383
-0.067963
-0.068756
-0.067902
-0.045898
-0.035034
-0.015961
0.024902
0.041748
0.040436
0.047638
0.049469
0.030334
0.022949
0.0023804
-0.025757
-0.031647
-0.03717
-0.033478
-0.018402
-0.0093079
0.0038147
0.031647
0.043213
0.045837
0.048279
0.032959
0.024506
0.030457
0.020111
0.004364
-0.0014648
-0.01239
-0.020142
-0.014099
-0.018555
-0.027191
-0.019196
-0.022919
-0.023376
-0.0087891
-0.0081787
-0.0081177
-0.026672
-0.017914
-0.06015
-0.12665
-0.057159
-0.10663
-0.13669
-0.059906
-0.035675
-0.025848
0.076843
0.11618
0.12173
0.19662
0.19635
0.17075
0.20312
0.14902
0.068481
0.065308
0.0053711
-0.062225
-0.07077
-0.10547
-0.13376
-0.099701
-0.10519
-0.10846
-0.049835
-0.04425
-0.029846
0.027679
0.039978
0.034912
0.052704
0.037079
0.019104
0.03244
0.0007019
-0.029022
-0.02951
-0.046814
-0.058746
-0.042084
-0.041504
-0.038208
-0.011932
-0.0039368
-0.0037231
0.012024
0.014526
0.01474
0.029724
0.02829
0.022644
0.03125
0.026306
0.022156
0.027313
0.015381
0.0026855
0.0033264
0.0010071
-0.0007019
0.0079041
0.0088501
0.0038147
0.0049438
0.013763
0.025421
0.017822
-0.0027771
-0.015045
-0.024994
-0.027893
-0.024078
-0.02951
-0.032684
-0.02829
-0.029785
-0.01355
-0.028961
-0.030518
-0.07196
-0.067139
-0.065826
-0.10214
-0.07724
-0.042755
-0.043732
-0.0031128
0.052795
0.074646
0.121
0.15945
0.15775
0.1835
0.18909
0.14398
0.12762
0.092255
0.026672
-0.0031433
-0.046967
-0.096863
-0.1123
-0.12714
-0.14587
-0.11951
-0.097656
-0.085022
-0.038757
-0.017456
-0.0072937
0.029755
0.047852
0.037598
0.044098
0.034332
0.02182
0.028992
0.020752
0.0013733
-0.0033875
-0.018433
-0.03714
-0.038452
-0.045441
-0.051422
-0.047729
-0.045776
-0.024536
-0.0064697
0.0065613
0.030792
0.043335
0.044922
0.051788
0.051331
0.044159
0.03772
0.036133
0.032257
0.021179
0.0090332
0.0038452
0.0036926
-0.0020142
-0.0059814
-0.014923
-0.028809
-0.03302
-0.033447
-0.028137
-0.024353
-0.027222
-0.025146
-0.016937
-0.013763
0.0013428
0.0027466
-0.022858
-0.031586
-0.053864
-0.058502
-0.056
-0.073517
-0.065369
-0.043304
-0.040009
-0.011414
0.024017
0.042511
0.07074
0.10056
0.11563
0.13593
0.14462
0.13449
0.13721
0.12445
0.089203
0.065643
0.031311
-0.0085754
-0.036774
-0.068207
-0.097076
-0.10492
-0.11542
-0.12131
-0.10675
-0.097626
-0.086517
-0.061523
-0.041992
-0.028473
-0.007019
0.01181
0.028229
0.044647
0.051727
0.057739
0.064423
0.054901
0.041382
0.025421
0.0071106
-0.0054932
-0.019867
-0.037048
-0.048492
-0.049957
-0.04306
-0.034454
-0.026337
-0.013885
0.0016479
0.017181
0.029205
0.038025
0.047729
0.048035
0.042999
0.045807
0.046082
0.0354
0.025391
0.016327
0.0028992
-0.0065308
-0.012299
-0.024567
-0.038666
-0.04657
-0.050964
-0.041626
-0.03653
-0.029877
-0.025238
-0.019348
-0.013153
-0.010315
-0.021454
-0.010712
-0.020538
-0.041687
-0.034943
-0.029572
-0.038391
-0.024017
-0.0093994
-3.0518e-05
0.024506
0.050446
0.068115
0.09375
0.10153
0.096985
0.099579
0.091553
0.075562
0.062592
0.044617
0.027161
0.009613
-0.012207
-0.024597
-0.030823
-0.047363
-0.055969
-0.059296
-0.068909
-0.072235
-0.071655
-0.070435
-0.059662
-0.052368
-0.047791
-0.028656
-0.011841
0.002594
0.020721
0.026733
0.030945
0.037933
0.036713
0.037933
0.034576
0.02182
0.017365
0.016144
0.0090637
0.0058594
0.0028381
-0.0049133
-0.0090332
-0.013855
-0.019958
-0.017761
-0.020264
-0.025757
-0.020721
-0.012695
-0.0040894
0.0091248
0.016937
0.020508
0.023987
0.02179
0.021118
0.014679
0.002594
-0.0029297
-0.0084534
-0.014771
-0.011444
-0.016846
-0.030548
-0.021973
-0.021515
-0.034485
-0.027313
-0.025818
-0.033325
-0.023834
-0.019257
-0.013428
0.0054932
0.013031
0.021118
0.044281
0.054596
0.063812
0.079773
0.07959
0.079529
0.076996
0.061218
0.053802
0.045959
0.023621
0.004303
-0.010986
-0.030121
-0.039093
-0.051025
-0.06723
-0.071198
-0.078064
-0.080353
-0.066315
-0.055786
-0.056335
-0.049133
-0.033936
-0.018402
-0.0033875
0.0099487
0.017944
0.027557
0.036957
0.043762
0.047852
0.04422
0.033539
0.026703
0.024963
0.020447
0.015045
0.010925
0.004425
-0.0011292
-0.0050659
-0.010101
-0.013916
-0.015747
-0.020935
-0.025421
-0.024139
-0.023682
-0.018768
-0.013245
-0.010162
-0.0075073
-0.0020142
0.0068359
0.019012
0.028107
0.02597
0.022461
0.011688
0.00018311
0.00018311
-0.012268
-0.031006
-0.032318
-0.032532
-0.034515
-0.0289
-0.02652
-0.021545
-0.011719
-0.0043945
0.0051575
0.015442
0.017059
0.029694
0.048401
0.052155
0.05835
0.064301
0.064972
0.067902
0.065704
0.049896
0.036652
0.025604
0.0096436
-0.0032349
-0.016968
-0.031677
-0.038544
-0.039734
-0.0466
-0.053589
-0.056488
-0.058472
-0.058533
-0.055878
-0.055176
-0.052734
-0.042603
-0.029999
-0.016113
-0.0024109
0.0091248
0.017792
0.027802
0.037354
0.041321
0.042358
0.038177
0.029205
0.022003
0.019745
0.014069
0.0075684
0.0031738
0.00015259
-0.00015259
-0.0036621
-0.0076599
-0.0096741
-0.013275
-0.014008
-0.010223
-0.0089722
-0.0094299
-0.0065613
-0.004425
0.00024414
0.0056152
0.0050659
0.0049133
0.0061646
0.0020447
0.00027466
0.0031128
0.0019226
0.0031128
0.0059814
0.0047607
0.0057983
0.0078735
0.0050659
-0.00018311
-0.0029602
-0.0082703
-0.016266
-0.017609
-0.016693
-0.018341
-0.014557
-0.0098877
-0.0062561
-0.00018311
0.0051575
0.010376
0.015747
0.021881
0.027344
0.031372
0.033264
0.033386
0.031555
0.029724
0.024963
0.016693
0.0083618
0.0010681
-0.0067139
-0.014526
-0.019012
-0.025574
-0.030273
-0.027924
-0.026672
-0.027344
-0.026276
-0.025848
-0.024445
-0.019745
-0.015167
-0.01236
-0.01062
-0.0074463
-0.002594
0.0040283
0.011993
0.015656
0.017914
0.021881
0.022369
0.02298
0.022766
0.018707
0.012512
0.0067444
0.0050659
0.00042725
-0.0065918
