0.0034485
-0.0029297
-0.011139
-0.016296
-0.0098572
0.0052795
0.013428
0.0098572
-0.0017395
-0.014801
-0.022888
-0.027191
-0.030914
-0.037048
-0.042633
-0.043365
-0.037415
-0.025909
-0.015625
-0.0079041
-0.0042419
-0.0026855
0.00057983
0.0018005
0.0020142
-0.0013428
-0.0069275
-0.0084229
-0.0066833
-0.0052185
-0.0047302
-0.0041199
-0.0033875
3.0518e-05
0.0066833
0.010468
0.011566
0.010132
0.0079956
0.007843
0.0057983
0.0035095
0.00067139
-0.0066223
-0.012207
-0.0094299
0.0014954
0.016174
0.028046
0.03006
0.026672
0.024231
0.022278
0.019592
0.013397
0.00045776
-0.0092163
-0.0093384
-0.0038452
0.0026245
0.006958
0.0045776
0.00091553
-0.00036621
-0.0030212
-0.0078125
-0.011108
-0.013885
-0.014832
-0.013977
-0.014679
-0.011261
-0.0038147
0.0038147
0.0089722
0.0039673
-0.012726
-0.020752
-0.015594
-0.0069275
0.0021973
0.0053101
0.00076294
-0.0047913
-0.0099487
-0.011566
-0.018311
-0.032684
-0.032776
-0.02356
-0.02124
-0.014099
-0.015442
-0.0089111
0.0087891
0.025055
0.033417
0.040161
0.035126
0.035309
0.048065
0.054291
0.041748
0.033386
0.025909
0.02356
0.028809
0.024994
0.01413
0.0020447
-0.0039978
-0.0037537
0.0039673
0.0012207
-0.013397
-0.020966
-0.024048
-0.023865
-0.022369
-0.025726
-0.031158
-0.032654
-0.027435
-0.017426
-0.010468
-0.011444
-0.010773
-0.0065002
-0.0038452
-0.0029297
-0.0056152
-0.010406
-0.013763
-0.014252
-0.011719
-0.0065918
-0.005188
-0.0060425
-0.0029297
-0.0014648
-0.0033875
0.00015259
-0.0013428
-0.0064087
-0.011292
-0.01123
-0.0078125
-0.0010681
0.013153
0.026642
0.036774
0.04126
0.039734
0.03476
0.024536
0.012817
0.0040283
0.0018005
0.004425
0.0094299
0.015778
0.016998
0.016602
0.012756
0.0047607
-0.0049744
-0.01535
-0.021362
-0.02243
-0.021759
-0.02179
-0.019897
-0.015076
-0.010345
-0.0048828
-0.0090027
-0.017639
-0.014099
-0.011383
-0.012451
-0.0074768
-0.006897
-0.0060425
0.0054626
0.0059814
-0.0070801
-0.010376
-0.017395
-0.032562
-0.029724
-0.07608
-0.10779
-0.06012
-0.021942
0.010986
0.071869
0.096741
0.11508
0.14594
0.15747
0.11276
0.06601
0.0071411
-0.026245
-0.019104
-0.033173
-0.046448
-0.03009
-0.003479
0.022949
0.053284
0.056946
0.021851
0.0011902
-0.010834
-0.03714
-0.063019
-0.084564
-0.092468
-0.077576
-0.046783
-0.027679
-0.012756
0.0062866
0.018555
0.032135
0.036163
0.018921
-0.00091553
-0.010193
-0.016479
-0.022095
-0.023712
-0.026611
-0.022736
-0.0090942
0.0065613
0.013855
0.014343
0.009491
0.0022278
0.0013733
-0.002594
-0.01123
-0.015686
-0.014648
-0.0071106
0.0038452
0.013763
0.017609
0.017242
0.019928
0.023499
0.024292
0.02063
0.015167
0.014404
0.013336
0.012787
0.014954
0.014221
0.01178
0.0098267
0.0012817
-0.0066223
-0.0093384
-0.010315
-0.013977
-0.01297
-0.0079041
-0.006012
0.0010376
9.1553e-05
-0.0070801
-0.0032043
-0.00091553
-0.0055542
-0.0057373
-0.011047
-0.017334
-0.014954
-0.0062561
0.0029602
-0.00048828
-0.020477
-0.0065613
-0.041382
-0.14719
-0.13025
-0.10422
-0.096161
-0.020935
0.03833
0.078552
0.16193
0.21161
0.19034
0.16949
0.10764
0.022034
0.012207
-0.023315
-0.09256
-0.088348
-0.064453
-0.041351
0.0074158
0.049072
0.044495
0.060791
0.068634
0.034576
0.0010376
-0.03833
-0.078522
-0.081635
-0.081146
-0.0914
-0.073334
-0.037506
-0.015076
0.017914
0.040619
0.038147
0.040436
0.040161
0.019501
-0.0019531
-0.020477
-0.036804
-0.038788
-0.039459
-0.03833
-0.030548
-0.016327
-0.0082397
0.0018616
0.018433
0.022705
0.019958
0.023468
0.018982
0.014282
0.013885
0.0075989
0.0016785
0.0022583
-0.00018311
0.00064087
0.013397
0.01358
0.011017
0.015808
0.015991
0.014618
0.013611
0.0061035
-0.0018311
-0.0033264
-0.0085144
-0.012543
-0.013184
-0.019562
-0.017944
-0.011169
-0.013336
-0.0065918
0.0055237
0.0060425
0.010529
0.02478
0.019318
0.015381
0.0049744
-0.008667
-0.0095825
-0.02002
-0.012115
-0.021973
-0.051727
-0.11075
-0.12933
-0.086029
-0.092499
-0.070282
-0.013519
0.026337
0.10941
0.16727
0.17322
0.1647
0.16531
0.11908
0.08432
0.04599
-0.026276
-0.053162
-0.057129
-0.074402
-0.065857
-0.047302
-0.029846
0.003418
0.028595
0.027191
0.02594
0.02179
-0.0011292
-0.013153
-0.033417
-0.059875
-0.068726
-0.06955
-0.072418
-0.053864
-0.032532
-0.013458
0.013611
0.029175
0.038727
0.051117
0.046448
0.03183
0.015747
-0.0036621
-0.02301
-0.03006
-0.035614
-0.043793
-0.035706
-0.023193
-0.010559
0.0084839
0.022919
0.029633
0.039398
0.03714
0.029419
0.027283
0.013702
-0.00073242
-0.0063477
-0.012329
-0.012543
-0.0027161
-0.0013123
-0.0020752
0.0058899
0.0074463
0.0059814
0.0067139
-0.0028687
-0.0085449
-0.0023193
-0.0065002
-0.011078
-0.0055847
-0.01236
-0.019623
-0.0076904
-0.009613
-0.019287
-0.0064697
0.0010681
0.013672
0.021515
-0.015839
-0.059601
-0.056396
-0.067963
-0.090271
-0.077454
-0.052582
-0.019745
0.041321
0.082153
0.1077
0.14487
0.15549
0.14648
0.13461
0.09787
0.057007
0.029449
-0.012939
-0.047455
-0.061401
-0.076721
-0.081573
-0.06604
-0.058838
-0.040466
-0.015228
-0.0044556
0.006012
0.015717
0.011749
0.0081482
-0.0012817
-0.020294
-0.030579
-0.038269
-0.043457
-0.035675
-0.031219
-0.024414
-0.0077515
0.00079346
0.0061646
0.013
0.015289
0.014191
0.016937
0.012695
0.010101
0.010681
0.0073853
0.0049133
0.00088501
-0.00082397
0.0013123
0.0038452
0.0029602
0.0039978
0.0083008
0.011353
0.013336
0.014648
0.015564
0.01947
0.016235
0.014069
0.014404
0.0085449
-0.0017395
-0.0081787
-0.015045
-0.023254
-0.025543
-0.029663
-0.027588
-0.02832
-0.02182
-0.014465
-0.020508
-0.012604
-0.0027466
-0.015198
-0.023254
-0.031158
-0.056
-0.049194
-0.047882
-0.070587
-0.045746
-0.016724
-0.0093689
0.039032
0.074371
0.092499
0.13004
0.13889
0.12994
0.13971
0.1181
0.085449
0.066864
0.023499
-0.014404
-0.02951
-0.062561
-0.079742
-0.08078
-0.091278
-0.08136
-0.063721
-0.057404
-0.035522
-0.01181
-0.0032349
0.011597
0.02002
0.015778
0.015472
0.009613
-0.0050964
-0.0040588
-0.0099487
-0.019806
-0.015472
-0.015991
-0.019318
-0.010284
-0.010315
-0.011414
-0.0054321
-0.0048828
-0.0012817
0.0042725
0.0074158
0.012787
0.018188
0.014771
0.017883
0.015625
0.0088806
0.0097351
0.0068359
0.0038147
0.0067749
0.0020142
0.00057983
0.0090027
0.0075073
0.010559
0.016296
0.0084229
0.01062
0.014465
-0.0012817
-0.0056763
-0.0074768
-0.014984
-0.018463
-0.022369
-0.026031
-0.021332
-0.02829
-0.037201
-0.049042
-0.053619
-0.059814
-0.061218
-0.055359
-0.04425
-0.033478
-0.0075073
0.020813
0.038513
0.065735
0.087921
0.10257
0.11722
0.121
0.11212
0.1062
0.086151
0.059784
0.038879
0.012268
-0.015991
-0.035553
-0.059479
-0.075684
-0.08255
-0.087097
-0.078613
-0.069153
-0.060577
-0.044281
-0.027496
-0.012146
-0.0025635
0.0081482
0.020447
0.022888
0.022034
0.024963
0.022919
0.021484
0.01886
0.010284
0.0037842
-0.00082397
-0.006897
-0.0086365
-0.013214
-0.021545
-0.022705
-0.021088
-0.017853
-0.0096741
-0.0046387
0.0014954
0.01123
0.015656
0.019196
0.017944
0.014313
0.012543
0.0094299
0.0057983
0.0040588
0.00061035
0.0022888
0.0037231
-0.0038452
-0.0092163
-0.0082703
-0.0082703
-0.014587
-0.013794
-0.013184
-0.021301
-0.032867
-0.031921
-0.036957
-0.050507
-0.045044
-0.03952
-0.040497
-0.025635
-0.006134
0.010529
0.034241
0.050018
0.06424
0.082611
0.091309
0.093719
0.097839
0.091003
0.081543
0.076141
0.057404
0.035828
0.016174
-0.0047302
-0.023376
-0.038818
-0.062286
-0.074677
-0.077759
-0.085693
-0.090149
-0.082642
-0.078918
-0.065948
-0.041534
-0.02597
-0.012115
0.0079346
0.020813
0.034332
0.038849
0.037323
0.040649
0.036499
0.026642
0.021545
0.014465
0.0057373
0.0024109
-0.0028992
-0.0083008
-0.011261
-0.01416
-0.013763
-0.012299
-0.013458
-0.011383
-0.0066223
0.00048828
0.004364
0.0048218
0.01004
0.013092
0.012054
0.014099
0.010468
0.0059509
0.0055237
0.0028076
-0.0019836
-0.003418
-0.0074463
-0.01059
-0.0082092
-0.02359
-0.030579
-0.019501
-0.033386
-0.039948
-0.028839
-0.036346
-0.028381
-0.011444
-0.010071
0.00054932
0.015442
0.022675
0.041687
0.049255
0.049438
0.061707
0.06781
0.067688
0.071014
0.0625
0.055298
0.050629
0.035187
0.017029
0.00094604
-0.016571
-0.028748
-0.039337
-0.050262
-0.055878
-0.057404
-0.054779
-0.051025
-0.049774
-0.044678
-0.036591
-0.028137
-0.018341
-0.011444
-0.0045471
0.0047302
0.0091553
0.01178
0.015472
0.016083
0.015259
0.01535
0.012604
0.0091248
0.0056458
0.0014648
-0.0023804
-0.0046997
-0.0067444
-0.0083008
-0.0073853
-0.0035706
-0.0023193
-0.00085449
0.0010376
0.0013428
0.00076294
0.00067139
0.00082397
0.00088501
0.0033569
0.0072021
0.009491
0.014313
0.017426
0.012146
0.01001
0.010101
0.0010986
-0.0026245
-0.0057373
-0.018036
-0.0242
-0.02475
-0.030762
-0.030457
-0.028625
-0.024933
-0.013672
-0.0033875
0.0055237
0.021149
0.031311
0.03952
0.050476
0.055328
0.056763
0.05719
0.050598
0.042511
0.034729
0.022308
0.011047
0.0020142
-0.010986
-0.019379
-0.02359
-0.029846
-0.033112
-0.034241
-0.035461
-0.03418
-0.030914
-0.03006
-0.029388
-0.028381
-0.027222
-0.023529
-0.019531
-0.015747
-0.011963
-0.0082092
-0.0036926
0.0014038
0.0054932
0.0081177
0.01059
0.012207
0.013794
0.013885
0.013794
0.013611
0.012543
0.011353
0.009491
0.0053406
0.0014343
0.00018311
-0.0014954
-0.0041809
-0.0048523
-0.0054932
-0.0045471
-0.0021362
-0.00067139
0.001709
0.0048523
0.0062866
0.0072937
0.0065308
0.003418
0.0018005
-0.00018311
-0.0031433
-0.0054016
-0.0077209
-0.0080261
-0.006073
-0.0055542
-0.003479
0.00085449
0.0035095
0.0060425
0.0084839
0.011475
0.013977
0.014771
0.015839
0.01593
0.015656
0.015259
0.012604
0.0090027
0.0066528
0.0043335
0.0025024
0.00061035
-0.0021057
-0.0038452
-0.004425
-0.0045776
-0.0049133
-0.0058899
-0.0057983
-0.0062866
-0.0082397
-0.0088196
-0.0090942
-0.011749
-0.013458
-0.014771
-0.016754
-0.015808
-0.01416
-0.014069
-0.012817
-0.012787
-0.013397
-0.011902
