0.009613
0.0091248
0.0040588
-0.0050659
-0.014526
-0.022461
-0.026428
-0.026001
-0.024628
-0.022308
-0.018799
-0.015472
-0.010559
-0.0036316
0.0029602
0.0062256
0.0053711
0.0029602
0.00073242
-0.0019836
-0.0038452
-0.0045471
-0.0060425
-0.0075378
-0.0086365
-0.0081177
-0.0041504
0.00091553
0.0040283
0.0046997
0.0045166
0.0044861
0.0050964
0.0058899
0.0062256
0.0021057
-0.0055542
-0.0074463
-0.0046387
-0.0063171
-0.0036316
-0.0098572
-0.035278
-0.029083
0.0007019
0.012665
0.030273
0.036377
0.012482
0.021881
0.04422
0.044067
0.044617
0.02533
-0.011078
-0.016266
-0.0040588
0.0035706
0.0057373
-0.0065918
-0.014923
-0.010376
0.0030823
0.014343
0.0088501
-0.008606
-0.020599
-0.03125
-0.031342
-0.024445
-0.025513
-0.028656
-0.024353
-0.013306
-0.0035706
0.0054016
0.01062
0.0057678
-0.0057068
-0.016357
-0.021057
-0.022552
-0.0224
-0.016327
-0.011353
-0.010101
0.00012207
0.013885
0.024017
0.031952
0.031433
0.02063
0.0089417
0.0048218
0.0035706
0.0027466
0.0098267
0.019928
0.026978
0.042725
0.056458
0.058411
0.05603
0.043976
0.025116
0.0099182
-0.0054016
-0.02243
-0.036469
-0.043243
-0.043213
-0.039093
-0.026733
-0.012146
-0.003479
0.0039062
0.0081787
0.0050964
-0.00073242
-0.0089722
-0.019745
-0.028595
-0.033356
-0.034027
-0.030945
-0.023773
-0.012421
-0.00085449
0.0099487
0.017853
0.018616
0.016357
0.013519
0.0084839
3.0518e-05
-0.009491
-0.015961
-0.018707
-0.016907
-0.0112
-0.012634
-0.013733
-0.0015869
0.010162
0.019379
0.028198
0.023926
0.017273
0.016571
0.010437
0.0039062
-0.0020752
-0.01236
-0.019012
-0.023865
-0.028595
-0.021698
0.0022888
0.032593
0.056641
0.067291
0.06131
0.047791
0.037292
0.023346
0.0030823
-0.021179
-0.044495
-0.05191
-0.036102
-0.010803
0.0046082
0.0048218
0.0018616
0.0024719
0.0053711
0.0086975
-0.0018616
-0.021851
-0.035797
-0.039642
-0.032776
-0.019684
-0.018585
-0.034576
-0.044373
-0.035858
-0.023468
-0.011353
0.0064697
0.0095825
-0.0030823
-0.00076294
0.011627
0.0032959
-0.013794
-0.016205
-0.016785
-0.0040588
0.032715
0.064667
0.07724
0.088776
0.093018
0.084686
0.076233
0.058563
0.020264
-0.016388
-0.034576
-0.046021
-0.046265
-0.029236
-0.012543
-0.0036011
0.013123
0.02774
0.027832
0.019928
0.0057678
-0.018951
-0.043823
-0.057678
-0.062805
-0.062378
-0.053131
-0.03653
-0.018768
0.0005188
0.01947
0.02948
0.030975
0.025757
0.010223
-0.0075684
-0.018463
-0.026123
-0.031616
-0.029968
-0.025421
-0.016876
-0.0031128
0.011383
0.019043
0.017975
0.0040283
-0.00045776
0.0023499
0.0041199
0.0082703
0.0112
0.0037842
0.0033264
0.012573
0.01825
0.015198
0.0061951
0.00061035
-0.00048828
0.0073242
0.014709
-0.0041809
-0.035065
-0.021332
0.01355
0.041351
0.06311
0.060211
0.028839
0.015991
0.019928
0.0083923
-0.020203
-0.044861
-0.058502
-0.03952
0.0010681
0.020172
0.012665
0.0050049
-0.0021667
-0.0075684
0.004425
-0.0028992
-0.033112
-0.043488
-0.023651
-0.020203
-0.029022
-0.041138
-0.046234
-0.048523
-0.017975
-0.0073547
-0.018829
-0.016876
-0.033386
-0.063019
-0.032654
0.0080261
0.024109
0.058228
0.099731
0.11649
0.12112
0.1232
0.098206
0.061737
0.028442
-0.010437
-0.04364
-0.040985
-0.033356
-0.028015
-0.010437
0.017456
0.036926
0.047363
0.050262
0.031036
-0.0034485
-0.032043
-0.060333
-0.082581
-0.081024
-0.06781
-0.056183
-0.036499
-0.0065918
0.015961
0.031616
0.040955
0.033966
0.011841
-0.007843
-0.022644
-0.036377
-0.043365
-0.045135
-0.042603
-0.027283
-0.005127
0.011353
0.022888
0.02771
0.021637
0.01123
0.0036316
-0.0020752
-0.034424
-0.052063
-0.036224
-0.013702
0.01004
0.032715
0.038483
0.035431
0.040192
0.042114
0.026459
0.00033569
-0.019226
-0.023376
0.0028992
0.029694
0.042664
0.042908
0.044403
0.045746
0.045563
0.030579
0.00021362
-0.030609
-0.046173
-0.037384
-0.024628
-0.014496
-0.013123
-0.010986
-0.0044556
0.0046082
0.0005188
-0.01178
-0.026215
-0.035278
-0.03244
-0.021027
-0.0045776
-0.012604
-0.03952
-0.043518
-0.032684
-0.025146
-0.01004
-0.018402
-0.038391
-0.056824
-0.074371
-0.052185
-0.0081787
0.031433
0.066284
0.10696
0.12958
0.14636
0.1442
0.11765
0.067932
0.015778
-0.029327
-0.053223
-0.053223
-0.050049
-0.038879
-0.01123
0.024567
0.054077
0.072418
0.065094
0.037842
-0.0013428
-0.034271
-0.065857
-0.085938
-0.093781
-0.09259
-0.074738
-0.039764
-0.00027466
0.027435
0.044434
0.048981
0.044464
0.030121
0.0049744
-0.020691
-0.048004
-0.06424
-0.062866
-0.050812
-0.030212
-0.008667
0.0090637
0.026978
0.041962
0.040649
0.029083
0.014404
-0.0014954
-0.018097
-0.020752
-0.034241
-0.054199
-0.039856
-0.0091248
0.014526
0.037354
0.050262
0.044891
0.049164
0.054779
0.040955
0.012543
-0.0024109
-0.011414
-0.0049133
0.0088501
0.014465
0.0067444
0.0071716
0.016632
0.022644
0.016022
-0.00076294
-0.018524
-0.026245
-0.020966
-0.020111
-0.026276
-0.02774
-0.0015869
0.0072937
0.025208
0.024994
-0.020172
-0.067841
-0.064514
-0.054932
-0.079346
-0.093658
-0.14771
-0.17236
-0.090057
0.024261
0.085144
0.13229
0.15973
0.1723
0.20624
0.21576
0.13345
0.01944
-0.050323
-0.087708
-0.084137
-0.066101
-0.06604
-0.065826
-0.0051575
0.073425
0.11755
0.11523
0.081177
0.030396
-0.0038147
-0.023865
-0.074188
-0.13184
-0.15588
-0.13553
-0.091003
-0.029724
0.011322
0.03299
0.062592
0.096039
0.10211
0.073059
0.023956
-0.02948
-0.05957
-0.065277
-0.074585
-0.084198
-0.06958
-0.033203
0.013947
0.051086
0.061005
0.048248
0.040863
0.039062
0.026947
0.0021057
-0.031891
-0.065918
-0.079529
-0.065369
-0.02829
0.00073242
0.021118
0.038025
0.061188
0.081024
0.088013
0.065643
0.029449
-0.0021973
-0.018341
-0.024109
-0.031219
-0.038666
-0.036682
-0.015533
0.0090027
0.023895
0.023407
0.01593
0.0081482
0.0047302
-0.0080566
-0.020966
-0.013672
-0.0031128
0.0073242
0.012177
-0.018616
-0.055939
-0.056366
-0.058685
-0.097351
-0.16724
-0.17285
-0.11899
-0.034821
0.041718
0.098236
0.13153
0.19174
0.24869
0.24506
0.17947
0.090271
0.011261
-0.037781
-0.063019
-0.11279
-0.15207
-0.13364
-0.056122
0.017822
0.066437
0.082672
0.088928
0.10168
0.096252
0.041107
-0.035583
-0.091492
-0.11865
-0.12308
-0.12222
-0.12003
-0.10358
-0.043945
0.030151
0.073639
0.085114
0.083038
0.079651
0.074432
0.054047
0.0050659
-0.04538
-0.074463
-0.083099
-0.079071
-0.070679
-0.058258
-0.029327
0.018372
0.058167
0.069763
0.068207
0.042389
0.017273
0.011627
-0.0032654
-0.029785
-0.034485
-0.029602
-0.018158
0.0062866
0.02417
0.026764
0.031433
0.038177
0.03302
0.024414
0.015167
0.0054932
-0.0049438
-0.0070801
-0.0084229
-0.014954
-0.019562
-0.013885
-0.022888
-0.026581
-0.016876
-0.017242
-0.011444
0.020966
0.024689
0.020905
0.050812
0.022858
-0.025787
-0.039612
-0.058655
-0.16135
-0.19366
-0.14844
-0.14407
-0.09433
0.012604
0.065338
0.12836
0.23615
0.2532
0.23099
0.22333
0.16626
0.064636
0.026123
-0.042786
-0.1254
-0.14401
-0.12906
-0.12973
-0.084229
-0.021942
0.0077515
0.059418
0.10004
0.085388
0.066223
0.063202
0.020416
-0.026489
-0.060699
-0.10333
-0.13339
-0.11465
-0.10019
-0.087921
-0.04837
-0.0065308
0.030548
0.077271
0.098358
0.087219
0.082062
0.067017
0.029205
-0.0015869
-0.030914
-0.066803
-0.080444
-0.078644
-0.073608
-0.052734
-0.021637
0.0014343
0.021362
0.036011
0.050049
0.064941
0.063324
0.054718
0.050568
0.036835
0.022858
0.015106
0.0012512
-0.015259
-0.017487
-0.018524
-0.020813
-0.012634
-0.0064392
-0.005188
0.0041809
0.0080872
0.0024109
0.0039978
-0.0014038
-0.018463
-0.015717
-0.024384
-0.035004
-0.026184
-0.011658
-0.0062866
0.0093079
0.0090027
-0.017883
-0.019836
-0.037598
-0.13388
-0.10773
-0.098755
-0.12216
-0.075012
-0.0026245
0.0075989
0.094971
0.16141
0.1622
0.18503
0.21646
0.15347
0.12799
0.1041
0.017456
-0.028656
-0.047577
-0.098297
-0.11795
-0.087585
-0.1008
-0.077789
-0.030884
-0.011536
0.012329
0.057587
0.054504
0.05127
0.05365
0.028381
0.00045776
-0.0057983
-0.042633
-0.069519
-0.065094
-0.072418
-0.074371
-0.056091
-0.045746
-0.027161
0.0052795
0.01944
0.029968
0.0466
0.045135
0.039429
0.037476
0.020691
0.0050049
-0.005249
-0.031464
-0.046173
-0.037567
-0.051025
-0.048584
-0.016571
-0.0060425
0.0095825
0.051331
0.062164
0.069031
0.088196
0.077271
0.060974
0.056793
0.029297
0.0047913
-0.0022888
-0.028259
-0.042175
-0.03363
-0.043823
-0.04306
-0.02478
-0.029694
-0.03064
-0.023407
-0.021667
-0.014191
-0.0079346
-0.0068665
-0.0065613
-0.017303
-0.016327
-0.038116
-0.095215
-0.067749
-0.078156
-0.11411
-0.066193
-0.035278
-0.038971
0.03537
0.080719
0.094238
0.15399
0.17374
0.14978
0.18008
0.15897
0.10062
0.09079
0.047638
-0.012787
-0.028046
-0.065826
-0.11377
-0.10428
-0.11465
-0.11914
-0.083893
-0.069183
-0.056
-0.0045471
0.014465
0.030945
0.060303
0.056976
0.049042
0.058441
0.032471
0.0033569
-0.0024414
-0.027924
-0.041016
-0.035187
-0.046234
-0.049835
-0.0336
-0.03952
-0.03418
-0.016846
-0.017181
-0.016693
0.00033569
0.007782
0.014496
0.028503
0.026764
0.023834
0.024567
0.019318
0.02121
0.023071
0.013885
0.010101
0.015381
0.021423
0.02359
0.022156
0.016479
0.015991
0.014435
0.012268
0.0085754
-0.00048828
-0.0079346
-0.014618
-0.015198
-0.0159
-0.024963
-0.032166
-0.034912
-0.027527
-0.034424
-0.041779
-0.040863
-0.058868
-0.049316
-0.045776
-0.070679
-0.06012
-0.035492
-0.036407
-0.019409
0.0096436
0.02475
0.054474
0.090332
0.1048
0.12781
0.13538
0.12552
0.12885
0.1152
0.079803
0.048706
0.019165
-0.012665
-0.029907
-0.061584
-0.087646
-0.087769
-0.090851
-0.091431
-0.076874
-0.06955
-0.060455
-0.040955
-0.023193
-0.0090637
0.0076904
0.016754
0.028717
0.045593
0.042389
0.039429
0.039673
0.031555
0.020813
0.010681
-0.0052185
-0.012085
-0.021912
-0.033325
-0.037903
-0.040314
-0.041229
-0.036682
-0.035736
-0.03067
-0.017822
-0.010986
-0.0040588
0.01413
0.030701
0.04364
0.055237
0.055695
0.054443
0.055176
0.047668
0.038391
0.031891
0.013611
0.00024414
-0.0047607
-0.014191
-0.02243
-0.030121
-0.034882
-0.029846
-0.029083
-0.033112
-0.032654
-0.029297
-0.023834
-0.016449
-0.014954
-0.032471
-0.033905
-0.022705
-0.028687
-0.029694
-0.022064
-0.024719
-0.021759
-0.0070801
0.00091553
0.0086975
0.022278
0.030884
0.045837
0.061493
0.061768
0.067535
0.074127
0.073975
0.071503
0.070129
0.058777
0.049164
0.037079
0.015717
-0.0029907
-0.019501
-0.04007
-0.049744
-0.05426
-0.060516
-0.0672
-0.067902
-0.066162
-0.058838
-0.051331
-0.049835
-0.040894
-0.025757
-0.011841
0.0007019
0.015656
0.028168
0.039062
0.044373
0.046448
0.040649
0.036316
0.028259
0.019318
0.0097961
0.0032043
-0.0036011
-0.0093994
-0.012634
-0.013519
-0.014984
-0.014496
-0.014862
-0.014191
-0.01239
-0.0083313
-0.0028992
0.00012207
0.0036621
0.0092773
0.017181
0.018097
0.016998
0.014587
0.010895
0.0089111
0.0069885
-0.0035095
-0.014252
-0.016144
-0.015198
-0.014404
-0.016449
-0.018951
-0.018219
-0.012604
-0.0088501
-0.0083313
-0.0051575
-0.0025024
-0.0035706
0.0067444
0.0085449
-0.0014038
-0.0028687
0.0011292
-0.005249
-0.0038757
-0.0044861
-0.0066528
0.0015564
0.0091553
0.0090942
0.017365
0.021088
0.020447
0.024689
0.021332
0.016724
0.019043
0.015045
0.011261
0.016022
0.013977
0.01297
0.017822
0.016602
0.011353
0.0091248
-0.00061035
-0.0077515
-0.011169
-0.017914
-0.025909
-0.028717
-0.031189
-0.027191
-0.022705
-0.023895
-0.024719
-0.02005
-0.014587
-0.01123
-0.01181
-0.0082092
-0.0018005
0.0027161
0.0072021
0.011475
0.015961
0.018677
0.01889
0.015961
0.015442
0.013
0.0067139
0.0013733
-6.1035e-05
-0.00079346
-0.00015259
