-0.0059814
-0.0027466
-0.00054932
0.00076294
0.00094604
0.00064087
9.1553e-05
-0.00082397
-0.0015564
-0.0015869
-0.0018005
-0.0019531
-0.0014954
-0.0012207
-0.00085449
-0.00073242
-0.00021362
0.0010376
0.0020447
0.0026245
0.0031128
0.0039062
0.0048523
0.0055847
0.0054932
0.0053711
0.0053711
0.0050354
0.0045166
0.0041809
0.0040894
0.0036011
0.0033264
0.0028381
0.0011292
-0.00042725
-0.0013123
-0.0023193
-0.0033569
-0.004364
-0.0045776
-0.0036621
-0.0023193
-0.00054932
0.0013428
0.0032959
0.0052185
0.0070801
0.0080566
0.008667
0.0089417
0.0082703
0.0067139
0.0047302
0.0027466
0.00061035
-0.0015564
-0.0039062
-0.0058289
-0.0071716
-0.0080261
-0.007843
-0.0072937
-0.0064697
-0.0054321
-0.0043945
-0.0031128
-0.0021667
-0.0018005
-0.0018616
-0.0015259
-0.0010681
-0.00045776
-0.00012207
-6.1035e-05
-0.00024414
-0.00094604
-0.0015564
-0.0022278
-0.0033875
-0.0041199
-0.0036926
-0.0021362
0.0005188
0.0040283
0.0069885
0.0081177
0.0067444
-0.00027466
-0.011932
-0.024445
-0.034393
-0.037781
-0.033112
-0.023438
-0.012695
-0.0011597
0.011597
0.025726
0.040344
0.053131
0.061646
0.06546
0.064392
0.058289
0.048523
0.035278
0.021088
0.0073547
-0.0054321
-0.018188
-0.030609
-0.040802
-0.047577
-0.05011
-0.048859
-0.04422
-0.037415
-0.029846
-0.021667
-0.01416
-0.0075989
-0.0021362
0.0027771
0.0070496
0.0097656
0.010071
0.0082703
0.0056763
0.0032654
0.0010071
-0.0010071
-0.003418
-0.0059509
-0.0078735
-0.0089111
-0.008667
-0.0072021
-0.0038452
0.00067139
0.0046387
0.0075684
0.0096741
0.011597
0.013245
0.014038
0.013947
0.013306
0.011902
0.0095215
0.0064392
0.0046082
0.0039062
0.0039368
0.0040283
0.0024719
0.0010071
0
-0.0013428
-0.0022278
-0.0025635
-0.0027466
-0.0031738
-0.0041199
-0.0050049
-0.0053711
-0.0056152
-0.0057373
-0.0054626
-0.0044556
-0.0036621
-0.0028992
-0.001709
-6.1035e-05
0.0014954
0.0026855
0.0035095
0.0035706
0.0028687
0.0020142
0.0020447
0.0020752
0.0012207
0.0005188
-0.00012207
-0.00079346
-0.0016174
-0.0027466
-0.004364
-0.0059204
-0.007019
-0.0069275
-0.0061035
-0.0049133
-0.0029602
-0.00088501
-3.0518e-05
-0.00039673
-0.0030518
-0.0083008
-0.013672
-0.018372
-0.022461
-0.024139
-0.02359
-0.020294
-0.012146
-0.00033569
0.013519
0.027466
0.039551
0.048035
0.054169
0.057495
0.056305
0.051666
0.043274
0.032471
0.020569
0.0079041
-0.0040588
-0.014252
-0.022675
-0.029572
-0.0336
-0.035583
-0.035492
-0.032379
-0.027161
-0.020874
-0.015106
-0.010193
-0.0062256
-0.0032349
-0.0018921
-0.0021362
-0.0027466
-0.0039673
-0.0053101
-0.0061646
-0.0067139
-0.0072327
-0.0068359
-0.0061646
-0.0062866
-0.0067139
-0.0075989
-0.0076294
-0.0076599
-0.0071106
-0.0049744
-0.0023804
0.0005188
0.0032959
0.0061951
0.0088501
0.011841
0.014496
0.016418
0.017761
0.018219
0.017792
0.017242
0.017242
0.016876
0.01651
0.015167
0.012726
0.0097656
0.0059509
0.0018005
-0.0025635
-0.0067139
-0.010071
-0.013092
-0.015381
-0.016144
-0.015991
-0.015411
-0.013824
-0.011993
-0.010284
-0.0085144
-0.0066528
-0.0045776
-0.0027161
-0.0010071
-0.00054932
-0.00097656
-0.00088501
-0.0005188
0.0011902
0.0027161
-0.0028381
-0.015259
-0.033173
-0.054565
-0.066467
-0.061859
-0.046844
-0.023773
0.0021362
0.023193
0.044525
0.069763
0.091827
0.10919
0.11728
0.10977
0.092255
0.069397
0.042633
0.018005
-0.0029907
-0.02417
-0.042938
-0.056946
-0.066864
-0.069153
-0.064117
-0.056244
-0.044891
-0.03125
-0.019623
-0.0081177
0.0028687
0.009491
0.013092
0.01358
0.0099182
0.0046692
-0.00045776
-0.0067749
-0.012604
-0.016022
-0.018524
-0.017975
-0.013947
-0.008667
-0.0032349
0.0018921
0.0041809
0.0048523
0.0066528
0.0075378
0.0072632
0.0061646
0.0028992
-0.00097656
-0.0043335
-0.008606
-0.012268
-0.013428
-0.01297
-0.0093384
-0.0038147
0.0013733
0.0072632
0.014526
0.020447
0.02533
0.028717
0.02771
0.023743
0.017822
0.011383
0.0066833
0.0027161
-0.0010986
-0.0039978
-0.0057983
-0.0074158
-0.0066833
-0.0031433
0.00088501
0.0040283
0.005127
0.0039978
0.0026245
0.0018921
0.00045776
-0.0018921
-0.0050049
-0.0084534
-0.010101
-0.0099182
-0.0093384
-0.0089722
-0.0090942
-0.010132
-0.010071
-0.008728
-0.0067139
-0.0039062
-0.00177
-0.0018616
-0.0022278
-0.0018311
-0.0037842
-0.0093994
-0.018921
-0.035583
-0.059784
-0.080261
-0.085358
-0.071228
-0.039856
0.00054932
0.038239
0.070221
0.10037
0.12592
0.14148
0.14478
0.13104
0.099792
0.061859
0.024963
-0.0070801
-0.031006
-0.050537
-0.065857
-0.071899
-0.068604
-0.057648
-0.039856
-0.021149
-0.0077209
0.00094604
0.0064697
0.0083313
0.0079041
0.0036926
-0.0071106
-0.019562
-0.03006
-0.037537
-0.038696
-0.034821
-0.028625
-0.020081
-0.010345
-0.00064087
0.008606
0.014984
0.017517
0.016663
0.012115
0.0047302
-0.0030212
-0.0096436
-0.014099
-0.015564
-0.015289
-0.014557
-0.012756
-0.010376
-0.0079956
-0.0045471
0.0019836
0.010315
0.016632
0.022247
0.027313
0.030945
0.034241
0.034607
0.030396
0.023743
0.0159
0.0095215
0.006958
0.0064087
0.0057068
0.0054016
0.0045471
0.0036316
0.0041809
0.0025024
-0.0017395
-0.006073
-0.011353
-0.015137
-0.01651
-0.019135
-0.020233
-0.017914
-0.016754
-0.014862
-0.0088806
-0.0032654
6.1035e-05
0.0019836
0.0023193
0.00030518
-0.00054932
0.0067139
0.0073853
-0.0049133
-0.0064392
-0.013916
-0.046814
-0.058136
-0.067352
-0.12616
-0.15009
-0.10696
-0.063232
0.0092163
0.099304
0.12949
0.14905
0.18152
0.17722
0.16858
0.14929
0.076782
0.0071106
-0.034546
-0.071381
-0.075378
-0.062378
-0.0625
-0.044373
-0.016663
-0.0015564
0.028168
0.053101
0.045441
0.0289
0.004425
-0.028229
-0.042358
-0.051422
-0.067688
-0.07019
-0.067322
-0.062683
-0.040253
-0.011292
0.012482
0.032288
0.037537
0.032288
0.028656
0.019714
0.0048218
-0.010193
-0.028381
-0.044678
-0.050964
-0.048218
-0.035095
-0.017487
-0.0035706
0.0084229
0.017822
0.025299
0.032471
0.031952
0.02179
0.0054016
-0.010468
-0.014191
-0.008606
-0.0033569
0.0062256
0.016479
0.022186
0.031586
0.040497
0.041473
0.037384
0.025482
0.01178
0.0084534
0.0089722
0.0048523
3.0518e-05
-0.0048523
-0.01062
-0.01178
-0.0083313
-0.0037231
-0.00048828
-0.0046082
-0.010132
-0.0090942
-0.0065918
-0.0040894
-0.0054016
-0.011444
-0.013519
-0.017487
-0.018616
-0.01004
-0.0095825
-0.011322
0.00067139
0.006134
-0.0015869
-0.00027466
-0.016327
-0.061584
-0.068512
-0.079193
-0.16144
-0.18347
-0.1113
-0.049988
0.04541
0.15695
0.19147
0.20273
0.21033
0.19211
0.17282
0.11377
0.0086365
-0.065491
-0.10114
-0.10773
-0.079895
-0.04837
-0.021606
0.012909
0.043304
0.070312
0.088898
0.073029
0.028931
-0.023346
-0.069153
-0.095398
-0.1012
-0.09668
-0.084106
-0.067261
-0.043976
-0.0095825
0.029205
0.055481
0.063019
0.053528
0.03064
0.0080872
-0.010284
-0.029724
-0.046753
-0.058289
-0.062744
-0.053192
-0.03363
-0.010803
0.011108
0.024994
0.030914
0.034302
0.03299
0.024811
0.010712
-0.0071411
-0.020996
-0.029449
-0.029449
-0.023102
-0.02359
-0.017517
0.0089722
0.034424
0.051453
0.06424
0.057861
0.043396
0.035675
0.025299
0.012115
0.00085449
-0.0098572
-0.012878
-0.0050659
0.003418
0.0071106
0.0055847
0.00079346
0.0031738
0.013794
0.012604
0.0015259
-0.0065308
-0.016144
-0.023926
-0.022369
-0.022522
-0.029785
-0.030182
-0.019836
-0.0095215
-0.005188
0.0067444
0.011597
0.0077515
0.026917
0.038055
0.0051575
-0.035614
-0.071564
-0.10583
-0.11453
-0.14682
-0.17816
-0.13348
-0.047058
0.04776
0.16937
0.23431
0.22156
0.19693
0.17154
0.1311
0.067017
-0.017426
-0.092438
-0.11969
-0.10178
-0.051636
0.0023499
0.041992
0.062897
0.086182
0.10327
0.094727
0.052826
-0.01181
-0.076965
-0.1218
-0.13379
-0.11768
-0.090118
-0.065674
-0.036346
-0.0013733
0.033447
0.05661
0.062805
0.045502
0.014648
-0.01535
-0.035492
-0.048615
-0.054932
-0.053314
-0.043274
-0.025146
-0.0050964
0.011383
0.023651
0.030914
0.027618
0.017731
0.0059204
-0.0032959
-0.0090332
-0.014526
-0.018311
-0.01889
-0.017059
-0.011322
-0.0071106
-0.0080261
0.0069885
0.033691
0.047211
0.053131
0.05542
0.046722
0.038055
0.030029
0.014435
-0.0011902
-0.012909
-0.020508
-0.018768
-0.0056152
0.008606
0.010193
0.0058594
0.013519
0.02359
0.024445
0.014374
-0.006073
-0.027832
-0.035614
-0.033264
-0.030792
-0.030731
-0.030884
-0.027405
-0.016205
0.0033569
0.028839
0.034973
0.011627
0.007782
0.0039062
-0.026672
-0.046783
-0.058197
-0.098389
-0.12988
-0.18066
-0.16873
-0.069946
0.031189
0.11551
0.19934
0.20715
0.19061
0.19424
0.16949
0.087891
-0.01239
-0.089905
-0.12372
-0.095245
-0.042847
-0.00082397
0.020111
0.044922
0.079437
0.11185
0.10571
0.061371
-0.011383
-0.078003
-0.11337
-0.11731
-0.10452
-0.084015
-0.063385
-0.035095
0.010193
0.048676
0.063873
0.056274
0.033264
0.0052185
-0.016876
-0.034363
-0.047272
-0.058899
-0.058502
-0.044983
-0.025513
-0.0061951
0.0098572
0.015961
0.015137
0.013245
0.01181
0.0074158
0.00073242
-0.0073242
-0.012329
-0.012756
-0.0093689
-0.003479
-0.00033569
-0.002594
-0.006958
-0.015991
-0.0059204
0.023346
0.041504
0.050415
0.054688
0.042603
0.031525
0.029907
0.01767
-0.0038757
-0.017395
-0.018829
-0.011688
0.0089111
0.022064
0.013855
0.0054932
0.015167
0.026245
0.025543
0.010956
-0.010559
-0.025208
-0.025543
-0.020447
-0.02298
-0.027985
-0.033081
-0.02713
-0.014893
-0.0013428
0.012146
0.018524
0.010162
0.0035706
0.0015869
-0.019012
-0.063965
-0.087219
-0.087341
-0.16757
-0.20358
-0.11139
-0.025482
0.041229
0.15714
0.19867
0.18359
0.20654
0.21524
0.14362
0.043579
-0.044617
-0.10602
-0.1051
-0.067139
-0.034302
-0.024384
0.0052795
0.059692
0.10999
0.12155
0.089966
0.025635
-0.030426
-0.062164
-0.085175
-0.10925
-0.11743
-0.104
-0.071747
-0.01828
0.02774
0.043884
0.044312
0.043427
0.03775
0.027313
0.0037231
-0.030823
-0.054718
-0.056274
-0.048309
-0.036835
-0.028656
-0.020447
-0.0058289
0.0091858
0.019592
0.025757
0.019348
0.0090637
0.0057373
-0.00018311
-0.013184
-0.017609
-0.026855
-0.040405
-0.0224
0.006958
0.014191
0.026611
0.047211
0.048615
0.054443
0.060822
0.040924
0.012085
-0.0014648
-0.0095825
-0.0087585
-0.0055542
-0.0074158
-0.010223
-0.0018616
0.014984
0.021973
0.01239
0.0036316
-0.0016785
-0.0027771
0.0010986
0.00036621
-0.0056763
-0.011902
-0.014465
-0.013123
-0.013855
-0.021454
-0.022064
-0.015656
-0.0177
0
0.025269
0.02066
-0.005127
-0.018799
-0.039673
-0.077057
-0.13434
-0.1749
-0.1593
-0.10587
-0.030487
0.0625
0.12445
0.1626
0.21683
0.23685
0.19974
0.12592
0.044067
-0.026367
-0.054382
-0.072968
-0.088654
-0.091156
-0.054688
0.0056763
0.065918
0.088959
0.078461
0.055756
0.037323
0.011353
-0.026764
-0.067505
-0.097595
-0.1066
-0.093536
-0.065552
-0.039459
-0.013611
0.014618
0.039886
0.05426
0.054901
0.04071
0.018982
-0.0014648
-0.023651
-0.047485
-0.059662
-0.059875
-0.056793
-0.04071
-0.020569
-0.0043335
0.013824
0.026093
0.027557
0.031738
0.016449
-0.0048523
-0.0094604
-0.020508
-0.030853
-0.016052
-0.0053101
0.0021057
0.023804
0.036285
0.035553
0.041718
0.039368
0.028534
0.025116
0.015137
0.0020447
0.0027161
0.0076599
0.005249
-0.0042725
-0.0079956
-0.0032959
-0.0053711
-0.012665
-0.014374
-0.014282
-0.0041504
0.012543
0.017975
0.015594
0.015533
0.016541
0.010651
-0.0020142
-0.019012
-0.041382
-0.034912
-0.018402
-0.018768
-0.016327
-0.012756
-0.028229
-0.056152
-0.095093
-0.10983
-0.10638
-0.088928
-0.045898
0.011871
0.063141
0.12732
0.17441
0.1788
0.15918
0.13507
0.093353
0.050964
0.0062866
-0.041962
-0.073334
-0.07373
-0.059662
-0.03717
-0.012024
0.0072632
0.024231
0.037598
0.037384
0.019409
-0.0054932
-0.023468
-0.03479
-0.049255
-0.05838
-0.05954
-0.052307
-0.033051
-0.01236
-0.00079346
0.011627
0.02652
0.032898
0.030304
0.02655
0.017517
-0.00024414
-0.013428
-0.020233
-0.030334
-0.038849
-0.040436
-0.037231
-0.034912
-0.027954
-0.014465
-0.00067139
0.0080566
0.013977
0.018677
0.024841
0.026337
0.023254
0.018433
0.014038
0.011841
0.0112
0.0094299
0.010681
0.012482
0.013031
0.014526
0.013824
0.0089111
0.0081787
0.010468
0.0072327
0.005188
0.0028076
-0.0070801
-0.010162
-0.0092468
-0.015656
-0.017975
-0.019714
-0.022675
-0.014008
-0.00054932
0.005188
0.012726
0.020599
0.011932
0.012299
0.011841
-0.013794
-0.055359
-0.10959
-0.11942
-0.10068
-0.1091
-0.084686
-0.022186
0.021912
0.082489
0.14624
0.16055
0.15756
0.15875
0.13214
0.098694
0.065216
0.014343
-0.022614
-0.047852
-0.072388
-0.078156
-0.076752
-0.070496
-0.045563
-0.02063
-0.0021362
0.017761
0.028564
0.032654
0.033234
0.017731
-0.0035095
-0.020721
-0.043121
-0.060028
-0.060913
-0.052795
-0.038879
-0.021027
0.00048828
0.019623
0.035645
0.043213
0.041595
0.032532
0.021179
0.0084229
-0.0059814
-0.021423
-0.028503
-0.03772
-0.042053
-0.033661
-0.024567
-0.018555
-0.0058899
0.0049744
0.013672
0.023468
0.030975
0.032166
0.0289
0.022705
0.017151
0.016632
0.011902
-0.0007019
-0.0088196
-0.011017
-0.01123
-0.0065613
-0.0044556
-0.0029907
-0.003479
-0.0027161
0.0012512
-0.00061035
-0.0023804
0.00088501
-0.0039062
-0.0074158
0.00021362
0.0038757
0.0039368
0.015228
0.011261
-0.001709
-0.0021973
-0.0028076
-0.012726
-0.034973
-0.035461
-0.045593
-0.075775
-0.06665
-0.047668
-0.058594
-0.042175
-0.004303
0.010864
0.041931
0.07843
0.09491
0.11227
0.12698
0.12045
0.11703
0.096832
0.065887
0.038818
0.0040283
-0.032318
-0.049774
-0.066528
-0.075348
-0.069
-0.066803
-0.059174
-0.040009
-0.027802
-0.016968
-0.0083313
-0.0087585
-0.0066833
-0.0019836
0.00018311
0.0024414
0.0029907
-0.00064087
-0.0028076
-0.0048828
-0.0097961
-0.013397
-0.015717
-0.015228
-0.011444
-0.0075073
-0.002594
0.0041504
0.014343
0.018768
0.018066
0.02243
0.017334
0.0032043
-0.00076294
-0.0060425
-0.013153
-0.0072327
-0.0032043
0.00015259
0.0089417
0.015717
0.022797
0.02771
0.019501
0.014313
0.013306
0.0070801
0.0013733
-0.0007019
-0.0053711
-0.010498
-0.016602
-0.019623
-0.019592
-0.020569
-0.021881
-0.022369
-0.014954
-0.0068054
-0.00094604
-6.1035e-05
0.0050354
0.0090637
0.0028381
0.0079956
0.0095215
0.0035706
-0.0090027
-0.020416
-0.021973
-0.038269
-0.059326
-0.051514
-0.048065
-0.046692
-0.028412
-0.014008
0.010742
0.041534
0.062714
0.084137
0.10452
0.10773
0.11023
0.10522
0.085358
0.065918
0.040863
0.0097656
-0.01236
-0.031525
-0.04776
-0.056671
-0.063934
-0.064911
-0.059753
-0.051117
-0.037933
-0.024963
-0.018677
-0.011536
-0.0048218
-0.00045776
0.0028381
0.0014648
-0.00024414
0.0017395
0.00079346
-0.0045776
-0.0086365
-0.016968
-0.018616
-0.012726
-0.019379
-0.022003
-0.012878
-0.0082092
0.00021362
0.0077209
0.0075989
0.010284
0.012939
0.01416
0.020264
0.021545
0.017975
0.023163
0.024658
0.020599
0.02243
0.022919
0.020172
0.01532
0.0065918
0.0029907
0.0010986
-0.0041809
-0.0063782
-0.0056763
-0.0087891
-0.011047
-0.0090942
-0.010712
-0.015411
-0.020081
-0.024689
-0.024292
-0.0242
-0.028381
-0.026825
-0.025024
-0.022705
-0.014313
-0.016876
-0.026154
-0.018066
-0.02066
-0.027527
-0.017517
-0.010223
-0.0093384
0.0023499
0.011414
0.022888
0.042358
0.050781
0.059998
0.074524
0.0784
0.078583
0.081268
0.068207
0.053833
0.039246
0.019623
0.0031738
-0.0097351
-0.027863
-0.038177
-0.042786
-0.050842
-0.050415
-0.045563
-0.04245
-0.035553
-0.032501
-0.029419
-0.019653
-0.014893
-0.010193
0.00030518
0.0065613
0.009613
0.010803
0.010712
0.0073242
0.002655
0.00012207
-0.0049744
-0.0112
-0.014893
-0.015411
-0.012146
-0.008728
-0.0064392
-0.0026855
0.0020752
0.0075378
0.012329
0.0159
0.015869
0.015778
0.014404
0.011841
0.0093689
0.0054016
0.0023804
0.004425
0.0035706
-0.00088501
0.0032654
0.006073
0.0030212
0.0015869
0.0014038
-0.00054932
-0.0049133
-0.010071
-0.011627
-0.012939
-0.01178
-0.01123
-0.012329
-0.0040894
-0.0094299
-0.029663
-0.018463
-0.022919
-0.042908
-0.039673
-0.034302
-0.034943
-0.018951
-0.012238
-3.0518e-05
0.019836
0.028503
0.045563
0.068451
0.07019
0.073761
0.082428
0.078461
0.076477
0.064728
0.0466
0.033844
0.019073
-0.0040283
-0.017029
-0.032074
-0.045837
-0.052673
-0.058838
-0.061096
-0.055176
-0.05191
-0.045593
-0.038605
-0.034454
-0.023285
-0.011139
-0.0083618
-0.0018921
0.0075684
0.012115
0.013519
0.015198
0.01593
0.011139
0.0042114
0.0036316
0.0061646
0.005127
0.0042114
0.0050964
0.0033569
0.0023804
0.0051575
0.0072327
0.0042725
-0.0013428
-0.0026245
0.0016174
0.0047913
0.0023499
0.00045776
0.0023499
0.0041809
0.006073
0.0065002
0.0039368
3.0518e-05
-0.0018005
-0.0027161
-0.0048828
-0.006012
-0.0059814
-0.005127
-0.0057068
-0.0071716
-0.0068665
-0.0058289
-0.0077209
-0.0097351
-0.0090027
-0.0078125
-0.0069885
-0.0049133
6.1035e-05
0.0044861
0.0032959
0.0028076
0.0059509
0.0048218
0.0038757
0.0043945
-0.00082397
-0.0041504
-0.002594
0.00045776
0.0039673
0.006897
0.0093994
0.016602
0.023041
0.024933
0.025665
0.024384
0.019958
0.016724
0.014771
0.01239
0.009552
0.0041504
-0.0014954
-0.0025635
-0.0054626
-0.010223
-0.016602
-0.025757
-0.028778
-0.027893
-0.028198
-0.027069
-0.02298
-0.018341
-0.011261
-0.0039673
0.00036621
0.004425
0.0093079
0.013184
0.014465
0.015198
0.014832
0.013641
0.011902
