-0.033569
-0.026917
-0.019623
-0.011627
-0.0033875
0.0047913
0.01178
0.016388
0.018616
0.018768
0.016632
0.013275
0.0093079
0.0048218
0.00064087
-0.004425
-0.0095215
-0.013367
-0.015869
-0.016724
-0.016479
-0.014954
-0.011963
-0.0083923
-0.0048828
-0.00177
0.0015564
0.0054016
0.009613
0.013458
0.01532
0.015472
0.014435
0.01297
0.010773
0.007843
0.0043335
0.0011292
-0.00094604
-0.0026855
-0.004364
-0.0054321
-0.0065613
-0.0077515
-0.0064087
-0.0040588
-0.00177
0.0011902
0.0031128
0.0046082
0.0065613
0.0079346
0.0086365
0.0086365
0.0075073
0.0063782
0.0059814
0.0042419
0.0020752
0.0013123
-0.00033569
-0.0023804
-0.0026245
-0.0031738
-0.0040588
-0.0040283
-0.0041504
-0.0032654
-0.0021667
-0.0028076
-0.0026855
-0.00082397
-0.00012207
-0.00048828
3.0518e-05
-0.00079346
-0.0028381
-0.0044556
-0.0073242
-0.01004
-0.011078
-0.011597
-0.010071
-0.0072021
-0.0050659
-0.001709
0.0010986
0.00033569
-0.0024109
-0.0078735
-0.017242
-0.025787
-0.031281
-0.033905
-0.030426
-0.021393
-0.011078
0.002594
0.019592
0.036133
0.05481
0.071625
0.08017
0.082428
0.078857
0.068726
0.05603
0.040771
0.020477
-0.00073242
-0.020569
-0.03949
-0.053101
-0.061188
-0.065735
-0.063629
-0.055969
-0.046936
-0.034729
-0.020905
-0.0088806
0.0026245
0.011169
0.015625
0.017517
0.017181
0.014648
0.01062
0.0056152
-0.00091553
-0.0073853
-0.013214
-0.018158
-0.020569
-0.020447
-0.018585
-0.01535
-0.011047
-0.005249
0.0018005
0.0088196
0.014465
0.018066
0.019379
0.019165
0.017578
0.015808
0.013611
0.010315
0.0075684
0.0036621
-0.00094604
-0.004303
-0.0060425
-0.0054626
-0.0032959
-0.0007019
0.0029297
0.0068359
0.0099792
0.013031
0.014679
0.013428
0.010406
0.0059814
0.0011292
-0.0026245
-0.0062561
-0.0099792
-0.011597
-0.011475
-0.0099487
-0.0057373
-0.0012207
0.0031738
0.0072021
0.0088806
0.0082092
0.0056458
0.0019226
-0.0016785
-0.0053711
-0.0088196
-0.01178
-0.014221
-0.015198
-0.014954
-0.013916
-0.012817
-0.012024
-0.011322
-0.0089722
-0.0061951
-0.0033264
-0.00073242
-0.0010071
-0.0030518
-0.0063477
-0.013855
-0.02301
-0.033478
-0.043579
-0.044769
-0.037842
-0.024536
-0.0011597
0.023499
0.047668
0.075195
0.096832
0.10898
0.11337
0.1044
0.085236
0.062866
0.034027
0.0039368
-0.021118
-0.044159
-0.060577
-0.066589
-0.065582
-0.057373
-0.043457
-0.027924
-0.011078
0.0031738
0.012085
0.018066
0.018372
0.012634
0.0039368
-0.0090637
-0.022461
-0.032654
-0.041901
-0.045227
-0.04245
-0.037537
-0.027557
-0.014008
-0.0010071
0.013306
0.024475
0.028137
0.028656
0.024506
0.016632
0.0087585
-0.0015869
-0.011688
-0.01889
-0.024811
-0.025604
-0.023468
-0.018433
-0.0079346
0.00073242
0.010895
0.02301
0.028015
0.032166
0.035461
0.030945
0.028809
0.025665
0.015625
0.0112
0.0074768
0.0010071
0.00076294
-0.0012207
-0.0039368
-0.00076294
0.00012207
0.0013428
0.0050659
0.0028687
-0.00015259
-0.0023499
-0.0071411
-0.0082092
-0.0093079
-0.014221
-0.015747
-0.016022
-0.015381
-0.0112
-0.010681
-0.013489
-0.010895
-0.0055542
3.0518e-05
0.0069885
0.0065308
-0.0028381
-0.013306
-0.022614
-0.034302
-0.048615
-0.065582
-0.087524
-0.093109
-0.065674
-0.025879
0.023254
0.074036
0.10184
0.12436
0.14633
0.14917
0.13971
0.11215
0.060852
0.0081787
-0.033325
-0.060242
-0.072937
-0.076935
-0.072693
-0.060913
-0.037842
-0.0021362
0.029846
0.049896
0.055389
0.042023
0.021484
0.0016785
-0.01712
-0.036957
-0.059143
-0.076904
-0.084869
-0.076263
-0.051758
-0.023071
0.0057678
0.02832
0.042633
0.05426
0.058441
0.052307
0.03537
0.0081177
-0.019318
-0.042847
-0.058228
-0.060883
-0.05661
-0.046356
-0.029541
-0.010193
0.01059
0.029144
0.038788
0.038086
0.032013
0.021454
0.01004
0.0038452
-0.0010376
-0.0054321
-0.00177
0.0052185
0.011627
0.021301
0.027618
0.028259
0.029022
0.028473
0.024811
0.018951
0.013947
0.0078735
-0.0010376
-0.0071716
-0.012054
-0.017761
-0.018463
-0.017578
-0.020721
-0.021973
-0.016937
-0.011597
-0.003418
0.00057983
-0.0019836
0.00018311
0.0033264
0.0039978
-0.0067444
-0.030792
-0.044617
-0.062012
-0.075562
-0.081909
-0.13687
-0.16217
-0.11603
-0.050415
0.053497
0.15515
0.18344
0.19397
0.20538
0.21182
0.1825
0.12396
0.031342
-0.077759
-0.12863
-0.12756
-0.1149
-0.087067
-0.056458
-0.019989
0.030151
0.092224
0.13571
0.12305
0.07959
0.016022
-0.049225
-0.0867
-0.10468
-0.12485
-0.13766
-0.12582
-0.092133
-0.037689
0.033691
0.082855
0.09903
0.09729
0.079498
0.057281
0.030975
-0.0055237
-0.050964
-0.090759
-0.10284
-0.091797
-0.064789
-0.028809
0.0021057
0.027771
0.052734
0.073669
0.079102
0.061584
0.027374
-0.012878
-0.048401
-0.06601
-0.065125
-0.055359
-0.037048
-0.0095215
0.020874
0.049469
0.072723
0.079071
0.064911
0.043518
0.019531
-0.00094604
-0.010651
-0.014435
-0.019501
-0.019989
-0.012421
0.00027466
0.015594
0.022278
0.016754
0.0096436
0.002594
-0.0028992
-0.0033264
-0.0059204
-0.0090332
-0.006897
-0.0039978
-0.0059509
-0.0058899
-0.008667
-0.030334
-0.054993
-0.074066
-0.093201
-0.084381
-0.17889
-0.22314
-0.13174
-0.042786
0.076782
0.21204
0.23145
0.21484
0.22595
0.24591
0.17715
0.097504
-0.02182
-0.16263
-0.1813
-0.13794
-0.10101
-0.074677
-0.027435
0.031616
0.089844
0.17426
0.19095
0.12161
0.037476
-0.049194
-0.10968
-0.14453
-0.1478
-0.16724
-0.16824
-0.10632
-0.030945
0.047607
0.11325
0.13199
0.11386
0.092834
0.076874
0.029877
-0.024841
-0.073944
-0.12003
-0.1254
-0.092743
-0.051514
-0.017975
0.018066
0.045532
0.060425
0.081177
0.079559
0.046173
0.005127
-0.035553
-0.059143
-0.07373
-0.077637
-0.066956
-0.035828
0.0058289
0.049133
0.079407
0.085571
0.078735
0.069885
0.046692
0.016357
-0.012878
-0.036682
-0.038025
-0.019287
-0.008606
-0.0080566
-0.0010681
0.010925
0.021576
0.026093
0.01593
0.0014343
-0.0065308
-0.0064087
-0.0068665
-0.0014343
-0.001709
-0.013184
-0.0076599
-0.0032654
-0.0051575
-0.013489
-0.050964
-0.093658
-0.066528
-0.084259
-0.23737
-0.23227
-0.13062
-0.062347
0.098419
0.23227
0.2135
0.21518
0.28094
0.26581
0.17981
0.095734
-0.086273
-0.20029
-0.15762
-0.11774
-0.1192
-0.088104
-0.018066
0.042664
0.1582
0.23886
0.18109
0.090363
0.017456
-0.049225
-0.10358
-0.13898
-0.19702
-0.23654
-0.16989
-0.080811
-0.0042725
0.069275
0.10376
0.10684
0.12625
0.1391
0.082031
0.0034485
-0.06076
-0.1152
-0.12256
-0.098236
-0.087311
-0.073395
-0.025818
0.032684
0.081696
0.11337
0.098389
0.058441
0.034821
0.014435
-0.025024
-0.062988
-0.086487
-0.090332
-0.051758
0.0022583
0.025146
0.037598
0.055756
0.073517
0.079956
0.066589
0.0271
-0.014587
-0.03299
-0.029175
-0.024231
-0.025574
-0.029358
-0.026031
-0.0045776
0.02594
0.027527
0.0099487
-0.002655
0
0.0099182
0.02713
0.026031
0.0057068
0.014282
0.011505
-0.005188
-0.0026245
-0.04068
-0.13028
-0.10071
-0.11404
-0.27625
-0.21091
-0.10663
-0.08017
0.077087
0.2016
0.19318
0.24988
0.34299
0.26471
0.17978
0.11737
-0.053711
-0.12012
-0.099884
-0.15866
-0.19852
-0.1283
-0.051697
0.020905
0.14252
0.16144
0.12054
0.12756
0.10251
0.026306
-0.058563
-0.13657
-0.20648
-0.19962
-0.15387
-0.13919
-0.094452
-0.018372
0.056
0.12729
0.17041
0.14435
0.092194
0.060425
0.02124
-0.026581
-0.074097
-0.1221
-0.14206
-0.1127
-0.062592
-0.021881
0.015411
0.047852
0.070465
0.086121
0.088501
0.058777
0.026337
0.007782
-0.013153
-0.028046
-0.035858
-0.035767
-0.026459
-0.0046387
0.012726
0.023651
0.035034
0.037445
0.042755
0.04306
0.025421
0.0012512
-0.010315
-0.016083
-0.025024
-0.034149
-0.043152
-0.048615
-0.045563
-0.030762
-0.01712
-0.005249
0.0159
0.029541
0.045319
0.061371
0.050232
0.024963
-0.035583
-0.03421
-0.14819
-0.298
-0.20172
-0.16367
-0.13776
0.0065613
0.088379
0.13153
0.27826
0.36838
0.27994
0.25735
0.17816
0.039581
0.011261
-0.052551
-0.19363
-0.22
-0.17413
-0.15231
-0.069061
0.020752
0.0354
0.10776
0.17715
0.1442
0.10513
0.061218
-0.015594
-0.063782
-0.09494
-0.16858
-0.2106
-0.17789
-0.13818
-0.074921
0.0012512
0.041809
0.083069
0.13986
0.15118
0.12131
0.079315
0.022583
-0.027863
-0.056061
-0.089691
-0.12006
-0.1167
-0.10403
-0.078857
-0.025665
0.013641
0.046875
0.086975
0.10712
0.10471
0.10825
0.0914
0.05484
0.032562
-0.010162
-0.040436
-0.03595
-0.039368
-0.044861
-0.027374
-0.011078
0.0055542
0.03299
0.039032
0.02655
0.02597
0.014099
-0.0098572
-0.02179
-0.043488
-0.070312
-0.077606
-0.07782
-0.06601
-0.03186
-0.0091553
0.0046692
-0.00036621
0.023315
-0.01004
-0.12436
-0.093628
-0.089783
-0.11237
-0.044495
0.0053101
0.020508
0.12296
0.21912
0.20279
0.23322
0.22888
0.16031
0.1394
0.083221
-0.038971
-0.092346
-0.11795
-0.16153
-0.14841
-0.1134
-0.10577
-0.036987
0.036407
0.045288
0.078491
0.095581
0.071289
0.056885
0.028198
-0.036682
-0.074402
-0.089905
-0.11572
-0.10452
-0.081909
-0.074158
-0.039551
0.0097351
0.027893
0.050659
0.075836
0.062317
0.059082
0.052551
0.016113
-0.0097046
-0.032562
-0.065125
-0.067749
-0.063385
-0.067108
-0.037659
-0.0098572
0.0092773
0.042419
0.063934
0.068359
0.077728
0.077667
0.058838
0.045837
0.028961
0.0097961
0.0072327
-0.0037537
-0.014526
-0.016449
-0.022949
-0.03302
-0.023224
-0.016571
-0.022888
-0.019592
-0.0087891
-0.0081177
-0.0058594
-0.0084534
-0.020355
-0.028412
-0.016418
-0.047485
-0.044922
-0.078186
-0.13843
-0.085419
-0.10751
-0.10788
-0.033752
-0.0076904
0.032806
0.1304
0.16339
0.16989
0.22836
0.20566
0.16968
0.17053
0.10126
0.022247
-0.0032043
-0.074066
-0.12201
-0.11981
-0.13428
-0.13681
-0.091705
-0.068024
-0.040649
0.015564
0.027252
0.045654
0.064911
0.052002
0.043243
0.03537
0.00039673
-0.019562
-0.024811
-0.044891
-0.049927
-0.057495
-0.07019
-0.055298
-0.036377
-0.029266
-0.0088806
0.018616
0.028839
0.04776
0.052185
0.028137
0.023285
0.017151
-0.0053406
-0.014526
-0.021759
-0.034058
-0.022583
-0.0077209
0.0005188
0.0159
0.019653
0.015198
0.024353
0.033722
0.035797
0.0336
0.02832
0.020477
0.016907
0.012695
0.0060425
-0.0034485
-0.011963
-0.021515
-0.026825
-0.025482
-0.02655
-0.033447
-0.033142
-0.032867
-0.030609
-0.011322
-0.011414
-0.030426
-0.011047
-0.050171
-0.056427
-0.026703
-0.061127
-0.073639
-0.033325
-0.035675
-0.01059
0.056244
0.064728
0.088409
0.13681
0.12662
0.13882
0.16077
0.11954
0.099304
0.088287
0.032959
0.0082092
-0.02124
-0.070465
-0.089386
-0.1012
-0.13919
-0.12015
-0.10498
-0.10464
-0.07196
-0.04364
-0.020203
0.023682
0.044464
0.048096
0.068939
0.064728
0.054138
0.050293
0.03006
0.011841
0.0040283
-0.015167
-0.031708
-0.037964
-0.049957
-0.05368
-0.04483
-0.045776
-0.033752
-0.01828
-0.0099487
0.0071106
0.020233
0.024292
0.035095
0.040253
0.037384
0.039825
0.035309
0.025818
0.024292
0.021698
0.018433
0.016815
0.0062256
-0.0030518
-0.0088501
-0.011658
-0.014252
-0.0224
-0.028625
-0.029999
-0.027313
-0.021088
-0.013367
-0.004303
-0.0014648
0.0019226
0.0059814
-0.0010681
-0.0007019
-0.011078
-0.032471
-0.044128
-0.04892
-0.051514
-0.053253
-0.050751
-0.041016
-0.018311
-0.00079346
0.01825
0.036133
0.04834
0.066345
0.084045
0.094513
0.096222
0.092438
0.081818
0.072296
0.06076
0.048737
0.035645
0.016144
-0.0040894
-0.023712
-0.042847
-0.055817
-0.068481
-0.084534
-0.090485
-0.088074
-0.085236
-0.068787
-0.052979
-0.041229
-0.021912
0.0005188
0.016418
0.029999
0.039673
0.040863
0.04541
0.054871
0.057434
0.051758
0.042877
0.031494
0.018066
0.0032043
-0.014465
-0.034912
-0.045746
-0.054138
-0.06015
-0.055786
-0.046295
-0.034943
-0.020447
-0.0010986
0.015076
0.027924
0.041962
0.050598
0.051331
0.04715
0.040985
0.037384
0.029297
0.016724
0.004364
-0.0036011
-0.0097351
-0.01651
-0.026093
-0.031952
-0.033386
-0.037079
-0.040497
-0.03894
-0.035217
-0.024994
-0.012543
-0.009491
-0.0083923
-0.0064697
-0.0026855
0.005188
0.0012207
-0.0054932
-0.0053101
-0.0038147
-0.0014648
0.0036621
0.0051575
0.0046997
0.0097656
0.020813
0.030304
0.03595
0.043427
0.05661
0.059082
0.055298
0.055328
0.047852
0.03537
0.02478
0.011566
-0.0027771
-0.010254
-0.021484
-0.031342
-0.030609
-0.034973
-0.039612
-0.034149
-0.035675
-0.043976
-0.045807
-0.042358
-0.042419
-0.038483
-0.032837
-0.027252
-0.013641
-0.00042725
0.0087891
0.016998
0.024567
0.029449
0.03125
0.030731
0.028992
0.027374
0.025055
0.02182
0.016449
0.012848
0.010406
0.0047302
-0.0013733
-0.0047913
-0.007019
-0.011261
-0.013702
-0.01413
-0.017914
-0.01413
-0.010925
-0.0092773
-0.00057983
0.0046082
0.0067444
0.0090027
0.011597
0.010712
0.0097656
0.006134
-0.0018616
-0.0079346
-0.014679
-0.019562
-0.022369
-0.021057
-0.01535
-0.0070496
-0.0015564
0.0030212
0.0089417
0.012512
0.013794
0.010345
0.0043945
-0.0067444
-0.013062
-0.011169
-0.014008
-0.016388
-0.014496
-0.0063782
0.0053406
0.012421
0.016815
0.021179
0.024689
0.024475
0.024811
0.020966
0.01178
0.0050659
0.0028992
0.0045471
0.007782
0.010986
0.010773
0.0085144
0.0084229
0.0058594
0.0020142
-0.0042114
-0.010834
-0.012817
-0.014801
-0.018524
-0.014587
-0.010651
-0.0089111
-0.0046997
-0.0056763
-0.0096436
-0.0075378
-0.0085754
-0.014038
-0.013947
-0.013641
-0.013458
-0.0066833
-0.0038452
-0.00018311
