-0.017426
-0.027588
-0.035645
-0.040833
-0.042694
-0.041473
-0.037506
-0.03186
-0.025452
-0.018311
-0.010681
-0.0033875
0.0026855
0.0068665
0.0095215
0.010681
0.0095825
0.0067139
0.0032043
-0.00012207
-0.0028381
-0.0049744
-0.0074463
-0.0090637
-0.0097656
-0.0097351
-0.0088806
-0.0074463
-0.005249
-0.0029297
-0.00027466
0.0021973
0.0046387
0.0069275
0.0083313
0.0088806
0.008606
0.0073547
0.0058594
0.005127
0.0050049
0.0055847
0.0067139
0.0079041
0.0085144
0.009491
0.010529
0.010406
0.0097046
0.0088501
0.0072327
0.005188
0.0032043
0.0010071
-0.0007019
-0.0018616
-0.0031738
-0.0039368
-0.0042725
-0.0045776
-0.0052795
-0.0053101
-0.0047302
-0.0036621
-0.0023499
-0.0018005
-0.0013733
-0.00057983
-0.00033569
-0.00033569
-3.0518e-05
-0.00064087
-0.0021973
-0.0033875
-0.0048828
-0.0056763
-0.0054626
-0.0059204
-0.0068359
-0.0079651
-0.0093079
-0.009491
-0.0077209
-0.0059204
-0.0042419
-0.0014954
0.0007019
-3.0518e-05
-0.0027161
-0.0075989
-0.016327
-0.025299
-0.032043
-0.034943
-0.031586
-0.023071
-0.012299
0.0022278
0.019592
0.036957
0.05545
0.070831
0.079102
0.080688
0.076721
0.066925
0.053162
0.037048
0.018219
-0.00073242
-0.018616
-0.03421
-0.045105
-0.051514
-0.053528
-0.051361
-0.045807
-0.037994
-0.02774
-0.016174
-0.0059509
0.0025024
0.0079041
0.010529
0.010376
0.0075378
0.0023193
-0.0037537
-0.0092468
-0.014435
-0.018066
-0.019226
-0.018341
-0.015991
-0.012024
-0.0071106
-0.0029297
0.0015564
0.0063782
0.0088501
0.010071
0.011871
0.011688
0.01004
0.0076599
0.0026855
-0.0016174
-0.0033569
-0.0059509
-0.0066833
-0.0037842
-0.00085449
0.0042114
0.010956
0.015656
0.020477
0.025208
0.025055
0.022675
0.019836
0.014191
0.0084839
0.003418
-0.0024109
-0.0070801
-0.010101
-0.01239
-0.012268
-0.011108
-0.010315
-0.0080872
-0.0059509
-0.0042725
-0.0022888
-0.0015564
-0.0022888
-0.0025024
-0.0025635
-0.0027161
-0.0021057
-0.0028381
-0.0037537
-0.0033569
-0.0039368
-0.0047302
-0.0047302
-0.007843
-0.010498
-0.0081787
-0.0059204
-0.0028992
0.0023193
-0.00024414
-0.0082092
-0.014862
-0.027222
-0.040283
-0.049103
-0.059174
-0.059052
-0.043091
-0.022644
0.0065308
0.042755
0.07132
0.096313
0.11639
0.12088
0.11621
0.10275
0.075714
0.045227
0.015259
-0.016022
-0.039551
-0.055573
-0.065887
-0.065247
-0.057007
-0.044159
-0.026672
-0.010468
0.002594
0.012268
0.015411
0.013245
0.0083923
-0.00067139
-0.011414
-0.021667
-0.031555
-0.036926
-0.037689
-0.035645
-0.029572
-0.019836
-0.009552
0.0014038
0.011139
0.016693
0.019043
0.01828
0.013916
0.0068665
-0.00091553
-0.010071
-0.018158
-0.021729
-0.022858
-0.020294
-0.013733
-0.0069885
0.00015259
0.0090332
0.015625
0.020599
0.02536
0.024841
0.022278
0.020996
0.017853
0.016205
0.015808
0.012238
0.0089722
0.007843
0.0065918
0.0065308
0.0071716
0.0058899
0.0046082
0.0047607
0.0046387
0.003418
0.0013123
-0.0015869
-0.005249
-0.0091248
-0.012085
-0.016449
-0.017761
-0.013977
-0.013
-0.011627
-0.0081177
-0.0095215
-0.0094604
-0.0064697
-0.0071411
-0.0024109
0.0059814
0.0090027
0.0068665
0.00067139
-0.007019
-0.015625
-0.027527
-0.043854
-0.06839
-0.10526
-0.12576
-0.1087
-0.070251
-0.0066528
0.068115
0.1109
0.14282
0.17419
0.17972
0.17563
0.15259
0.091583
0.025116
-0.030426
-0.072327
-0.086243
-0.085144
-0.078125
-0.06192
-0.036438
-0.00024414
0.03476
0.05661
0.062988
0.045532
0.015137
-0.011505
-0.037598
-0.058685
-0.071625
-0.082428
-0.087219
-0.075867
-0.049774
-0.017426
0.014709
0.039856
0.051239
0.05304
0.050446
0.039246
0.02182
0.00085449
-0.024658
-0.046906
-0.058777
-0.060394
-0.051422
-0.03537
-0.017059
0.0012817
0.017792
0.031555
0.038666
0.035675
0.02417
0.0079041
-0.0079956
-0.017426
-0.019714
-0.016174
-0.006012
0.0068665
0.020477
0.034027
0.044983
0.050079
0.047424
0.0401
0.030518
0.018097
0.0091248
0.0037537
-0.0043335
-0.009491
-0.011444
-0.014404
-0.014465
-0.012085
-0.011963
-0.013214
-0.013977
-0.011139
-0.0072327
-0.0037842
-0.0032959
-0.0037231
-0.0063477
-0.010162
0.00027466
0.014557
0.0071106
-0.0063171
-0.014923
-0.039124
-0.046478
-0.054565
-0.090088
-0.15417
-0.18243
-0.14822
-0.070404
0.035583
0.13974
0.17514
0.18506
0.20526
0.2041
0.18253
0.12674
0.036835
-0.05899
-0.11301
-0.116
-0.09491
-0.067902
-0.029816
0.00076294
0.041962
0.088684
0.11273
0.10458
0.062347
0.0011597
-0.059509
-0.09848
-0.11005
-0.11383
-0.11273
-0.095612
-0.070801
-0.0289
0.026611
0.069672
0.086151
0.075989
0.051056
0.022156
-0.0014648
-0.017639
-0.038574
-0.059479
-0.069824
-0.065918
-0.044495
-0.014984
0.014954
0.033722
0.038727
0.041718
0.037231
0.026459
0.012726
-0.0096741
-0.030762
-0.045288
-0.050262
-0.036804
-0.016541
0.0027771
0.024475
0.040619
0.051819
0.058685
0.055328
0.040436
0.020569
0.0040894
-0.0059509
-0.0078735
-0.006073
-0.005127
-0.0021973
0.0055847
0.010132
0.014923
0.016449
0.0069275
-0.0023193
-0.0060425
-0.011139
-0.013916
-0.0078125
-0.0075073
-0.0095825
-0.0082703
-0.012573
-0.015228
-0.012543
-0.0079041
-0.012543
-0.02002
-0.029938
-0.068756
-0.08728
-0.13852
-0.20267
-0.16171
-0.079346
0.010071
0.12524
0.20242
0.21231
0.22238
0.23059
0.18994
0.10367
0.017975
-0.082886
-0.14645
-0.13205
-0.096252
-0.06131
-0.01828
0.038086
0.088898
0.12628
0.14206
0.10236
0.020203
-0.052002
-0.10806
-0.13644
-0.13571
-0.12021
-0.10358
-0.067139
-0.0040588
0.049835
0.090363
0.11002
0.090942
0.049408
0.013733
-0.01413
-0.045807
-0.070343
-0.080414
-0.081879
-0.060486
-0.020691
0.0092163
0.023071
0.03186
0.033691
0.026672
0.023102
0.013367
-0.014771
-0.044312
-0.052094
-0.051788
-0.033295
-0.002594
0.020233
0.03186
0.044006
0.050049
0.051331
0.048737
0.03479
0.012299
-0.0039673
-0.0070801
-0.0073547
-0.0014954
0.0027771
0.0057373
0.0065002
0.011749
0.017151
0.016327
0.002655
-0.0092773
-0.017517
-0.01889
-0.011719
-0.0013733
0.00064087
0.0048218
0.016083
0.012268
0.018768
0.021912
0.00015259
-0.019287
-0.044464
-0.10489
-0.10449
-0.089233
-0.21152
-0.23413
-0.12576
-0.032257
0.078033
0.22223
0.23291
0.18521
0.2113
0.20737
0.13004
0.050903
-0.046844
-0.1572
-0.14636
-0.067291
-0.02417
-0.0093689
0.038116
0.073853
0.10699
0.1474
0.12747
0.02771
-0.059784
-0.10428
-0.14185
-0.13724
-0.11176
-0.10681
-0.09259
-0.020172
0.047302
0.074066
0.086609
0.075195
0.033234
0.007782
-0.0015259
-0.033478
-0.061371
-0.062714
-0.05484
-0.033722
0.0078735
0.02951
0.024811
0.027649
0.033386
0.01886
0.0081787
-0.0068054
-0.035065
-0.050201
-0.044495
-0.02948
-0.01355
0.01059
0.025421
0.037262
0.045502
0.044556
0.028381
0.015961
0.010742
0.0013123
-0.0050964
-0.0014038
-0.0010986
0.0020142
0.013733
0.019165
0.01239
0.0055237
-0.0015564
-0.0067444
-0.0079041
-0.016998
-0.022491
-0.01181
0.0067139
0.017273
0.019623
0.027588
0.024994
0.0010681
-0.0014038
-0.0071716
-0.0466
-0.10657
-0.090393
-0.14151
-0.2868
-0.21606
-0.097656
-0.012146
0.11749
0.23651
0.20862
0.23712
0.29843
0.2319
0.10971
0.011139
-0.11438
-0.17566
-0.10849
-0.077606
-0.091522
-0.042206
0.057678
0.11725
0.17743
0.17291
0.078583
-0.021637
-0.051331
-0.094208
-0.14807
-0.15958
-0.16245
-0.13922
-0.051117
0.042511
0.068939
0.081451
0.089172
0.073059
0.054382
0.035553
-0.024567
-0.087067
-0.090942
-0.071808
-0.053802
-0.019653
0.0025024
0.010956
0.038177
0.062134
0.050018
0.021545
-0.0064087
-0.034485
-0.039124
-0.023956
-0.019958
-0.016296
0.0047913
0.026428
0.041962
0.053253
0.038391
0.013184
0.0066528
0.014069
0.014679
0.0077515
0.0022888
-0.0035706
-0.00094604
0.0054321
0.00097656
-0.016449
-0.032959
-0.038727
-0.030579
-0.022736
-0.019928
-0.020966
-0.0063782
0.019836
0.039154
0.045593
0.037689
0.030914
0.029022
0.0094299
-0.039612
-0.053162
-0.19342
-0.33884
-0.23541
-0.1236
-0.053955
0.075439
0.17664
0.181
0.29904
0.36938
0.26782
0.13141
0.032837
-0.087677
-0.1131
-0.079987
-0.13885
-0.17673
-0.08313
0.038361
0.11533
0.18051
0.15204
0.078217
0.050415
0.041809
-0.047211
-0.13492
-0.1756
-0.19031
-0.1535
-0.082031
-0.052582
-0.036316
0.029602
0.089294
0.10876
0.098816
0.054718
-0.0055542
-0.023743
-0.021881
-0.055939
-0.086578
-0.079956
-0.056732
-0.012817
0.036438
0.038879
0.010376
0.012299
0.026123
0.026642
0.030304
0.015442
-0.014191
-0.0062256
0.023376
0.029755
0.029541
0.025146
0.0029602
0.0022888
0.023499
0.02594
0.018555
0.021973
0.020386
0.014587
0.016083
0.0099182
-0.0067139
-0.025177
-0.037994
-0.051819
-0.055725
-0.050568
-0.051331
-0.039886
-0.017548
0.006073
0.021484
0.037354
0.034119
0.02298
0.010101
0.0035706
-0.15656
-0.28253
-0.19574
-0.15051
-0.10565
0.021606
0.091431
0.12689
0.30161
0.37445
0.2959
0.21762
0.14493
0.013977
-0.02594
-0.070953
-0.19101
-0.22659
-0.1427
-0.074219
-0.0088501
0.078552
0.099365
0.11526
0.14896
0.12027
0.018097
-0.042877
-0.087189
-0.13037
-0.14136
-0.14212
-0.15115
-0.10043
-0.012817
0.030579
0.05249
0.081573
0.087952
0.076111
0.068878
0.023376
-0.034119
-0.051392
-0.059204
-0.078735
-0.078827
-0.068207
-0.062378
-0.024139
0.021149
0.02536
0.036133
0.054657
0.052338
0.052429
0.052338
0.021606
0.0053406
0.015106
0.0083008
-0.0056152
0.0022888
0.0056152
0.019501
0.039398
0.038696
0.024231
0.025208
0.018219
0.0099182
0.011749
-0.0055237
-0.033356
-0.037537
-0.032837
-0.045197
-0.048126
-0.041656
-0.036438
-0.015198
-0.0022888
-0.0022278
0.0061035
0.0077209
-0.0041199
-0.16537
-0.18808
-0.11948
-0.14203
-0.12103
-0.0069885
0.01297
0.098969
0.24637
0.26398
0.22223
0.2493
0.1929
0.11017
0.0961
-0.016937
-0.13132
-0.13214
-0.10623
-0.13708
-0.085876
-0.04361
-0.016937
0.064209
0.11298
0.062073
0.042786
0.04245
0.007019
-0.024567
-0.053436
-0.11041
-0.12384
-0.080109
-0.069855
-0.066101
-0.037506
-0.013306
0.0177
0.062134
0.073853
0.065552
0.064545
0.049683
0.017395
-0.0015869
-0.031464
-0.070312
-0.080261
-0.078888
-0.076965
-0.049774
-0.012085
0.014893
0.047394
0.067963
0.06662
0.065002
0.055939
0.038208
0.025269
0.009613
-0.0091248
-0.014832
-0.0098572
-0.0063477
-0.0010071
0.006012
0.0075989
0.010834
0.018677
0.01593
0.014679
0.0054016
-0.006134
-0.021606
-0.036011
-0.043182
-0.042938
-0.043945
-0.030151
-0.015778
-0.019775
-0.0055542
-0.076141
-0.11334
-0.074829
-0.10199
-0.1048
-0.036285
-0.009552
0.038086
0.125
0.15189
0.16013
0.20071
0.18179
0.14828
0.14987
0.085022
0.016479
-0.018921
-0.063843
-0.10376
-0.10162
-0.12396
-0.11774
-0.063721
-0.042908
-0.023926
0.02478
0.048279
0.05777
0.062042
0.032898
0.0028381
-0.003418
-0.027008
-0.055634
-0.057129
-0.06073
-0.058899
-0.0336
-0.01828
-0.011108
0.0072937
0.013031
0.017212
0.029205
0.026093
0.01001
0.0036011
-0.0031433
-0.0073242
-0.0087891
-0.016724
-0.024933
-0.018555
-0.013
-0.0039673
0.010406
0.024567
0.035217
0.046478
0.041473
0.030792
0.026093
0.019775
0.013824
0.01062
-0.0028992
-0.01239
-0.014954
-0.016296
-0.015839
-0.0045776
-0.0013123
-0.0052795
-0.0028076
-0.0083008
-0.014954
-0.019653
-0.027344
-0.032654
-0.02356
-0.031403
-0.057281
-0.077667
-0.05777
-0.0672
-0.070679
-0.041595
-0.035614
-0.022156
0.036957
0.064362
0.091095
0.13348
0.13885
0.14383
0.16205
0.13406
0.098297
0.088013
0.044617
0.0074463
-0.015015
-0.059082
-0.093201
-0.092316
-0.10608
-0.11685
-0.10025
-0.080933
-0.051727
-0.0112
0.0063782
0.027161
0.044556
0.039734
0.036285
0.033936
0.01062
-0.0075073
-0.019379
-0.031342
-0.026703
-0.019196
-0.022003
-0.01593
-0.016449
-0.026245
-0.019775
-0.0095215
-0.012634
-0.0090637
-0.0019836
0.0021362
0.019958
0.03418
0.026001
0.028076
0.029999
0.022156
0.01767
0.014252
0.0042419
0.0033264
0.0083008
0.0090637
0.0077209
0.0060425
0.0093689
0.016052
0.018799
0.0089111
-0.0065308
-0.012848
-0.016968
-0.020294
-0.021973
-0.025513
-0.029419
-0.023163
-0.015564
-0.0082092
-0.0034485
-0.011932
-0.042236
-0.055084
-0.054077
-0.066833
-0.067047
-0.056427
-0.044983
-0.019379
0.011719
0.030914
0.057831
0.084808
0.10333
0.1236
0.13925
0.13693
0.12665
0.10684
0.083984
0.059021
0.023132
-0.016052
-0.04129
-0.06424
-0.082855
-0.095764
-0.10556
-0.10416
-0.087555
-0.080261
-0.067108
-0.046143
-0.037537
-0.024323
-0.00091553
0.011963
0.020508
0.033966
0.038025
0.04895
0.055756
0.047668
0.032501
0.023621
0.012573
0.00024414
-0.011047
-0.022491
-0.030579
-0.030548
-0.035553
-0.036926
-0.028137
-0.019012
-0.0082092
0.002594
0.0090027
0.019653
0.0271
0.028259
0.024109
0.025879
0.030884
0.034515
0.033905
0.02655
0.02179
0.015228
0.01001
0.0054016
-0.0065918
-0.018738
-0.026001
-0.032043
-0.039337
-0.043121
-0.048584
-0.045959
-0.036041
-0.026886
-0.01767
-0.0046387
0.0079956
0.018463
0.019073
0.0051575
0.0065613
0.0077515
-0.0080872
-0.016479
-0.016785
-0.020599
-0.013
-0.0070496
-0.00030518
0.010651
0.021729
0.032532
0.047363
0.046417
0.041565
0.049164
0.050934
0.045013
0.040466
0.029846
0.020111
0.021606
0.020355
0.011841
0.0014954
-0.011688
-0.023407
-0.029053
-0.035461
-0.043365
-0.048096
-0.050385
-0.04895
-0.044464
-0.037292
-0.033691
-0.033112
-0.026855
-0.01297
-0.0018921
-0.0011902
-0.003479
0.0049438
0.012909
0.019806
0.025146
0.031525
0.034058
0.032074
0.024414
0.018066
0.018799
0.012665
0.0022888
-0.0073547
-0.0099792
-0.012573
-0.013
-0.013855
-0.013428
-0.0092163
-0.00354
0.0040588
0.0078735
0.006134
0.006012
0.0079346
0.010284
0.010406
0.0078125
0.0041504
0.0062561
0.010101
0.0078125
0.0021667
-3.0518e-05
-0.005249
-0.013245
-0.016937
-0.020386
-0.021057
-0.016327
-0.0099792
-0.0084534
-0.0022278
0.0049133
0.0058899
0.0026855
-0.0023499
-0.0033875
-0.00057983
0.0012817
0.0011597
-0.0028381
-0.0055542
-0.0021057
0.00076294
-0.00036621
-0.0031738
-0.0032043
-0.0020142
0.00036621
0.0016479
0.0043335
0.0039978
-0.00015259
-0.0023193
0.0024719
0.006897
0.011017
0.017456
0.023529
0.028625
0.031311
0.02951
0.024048
0.017334
0.011627
0.0019836
-0.0059509
-0.012512
-0.017426
-0.018005
-0.017792
-0.020447
-0.021179
-0.014496
-0.0092773
-0.0072937
-0.0054626
-0.0099487
-0.016449
-0.013947
