-0.012146
-0.028595
-0.039795
-0.042419
-0.041534
-0.038177
-0.03183
-0.024017
-0.011536
0.0039062
0.016235
0.02594
0.030731
0.029053
0.024445
0.017334
0.0086975
0.0019531
-0.0053406
-0.012604
-0.016693
-0.018585
-0.016724
-0.010986
-0.0039062
0.0042419
0.011597
0.016296
0.019806
0.022461
0.02359
0.023102
0.018738
0.010773
0.0018311
-0.0073547
-0.014587
-0.017792
-0.018921
-0.017975
-0.014343
-0.01004
-0.0037842
0.0032959
0.0086365
0.012939
0.015533
0.014771
0.010498
0.005188
0
-0.0050659
-0.0072937
-0.006012
-0.0052795
-0.0026245
0.0025024
0.0051575
0.0097046
0.015076
0.015076
0.014404
0.012878
0.0072632
0.0040588
0.00177
-0.003479
-0.0072937
-0.011932
-0.016724
-0.016541
-0.014404
-0.012177
-0.0078735
-0.0038452
-0.0013733
0.0010071
0.00054932
-0.0012512
-0.0020752
-0.0032654
-0.0038757
-0.005127
-0.0064697
-0.0066528
-0.0052185
-0.0011597
0.0018921
0.0019531
0.00015259
-0.0026855
-0.0019531
0.0030823
0.0055847
0.0065613
0.0044861
-0.0044556
-0.011047
-0.019867
-0.040253
-0.059814
-0.07019
-0.067474
-0.042847
-0.006958
0.028717
0.063141
0.09021
0.10956
0.12268
0.12317
0.10727
0.076691
0.03775
-0.001709
-0.035736
-0.060974
-0.075775
-0.080231
-0.072876
-0.055023
-0.031555
-0.0046387
0.019196
0.032928
0.036926
0.033081
0.021423
0.0049438
-0.013641
-0.033386
-0.048767
-0.057648
-0.059845
-0.052795
-0.036835
-0.016571
0.004425
0.023102
0.036346
0.04425
0.046021
0.040894
0.029694
0.012878
-0.0066833
-0.023682
-0.03653
-0.043762
-0.042328
-0.034698
-0.022003
-0.0045471
0.01059
0.023438
0.035736
0.040436
0.038727
0.032227
0.016724
0.00021362
-0.013092
-0.025635
-0.030243
-0.027893
-0.024139
-0.014526
-0.0020447
0.0093384
0.021942
0.031219
0.035034
0.033813
0.026428
0.017761
0.010193
0.0016785
-0.0065002
-0.012848
-0.013733
-0.0074768
-0.00018311
0.007019
0.012329
0.01416
0.013885
0.010345
0.0052795
-0.0011292
-0.0097046
-0.016632
-0.022156
-0.028809
-0.030212
-0.027374
-0.026276
-0.018463
-0.008728
-0.006897
6.1035e-05
0.010498
0.010101
0.011169
0.010193
-0.008606
-0.025208
-0.034698
-0.052399
-0.065674
-0.075104
-0.084503
-0.067841
-0.027008
0.01947
0.07193
0.11502
0.13727
0.14603
0.1431
0.12552
0.092834
0.048645
0.00067139
-0.041748
-0.067017
-0.073761
-0.067505
-0.048798
-0.024475
0.0005188
0.02533
0.043732
0.049042
0.040619
0.020477
-0.0068359
-0.035583
-0.060608
-0.076935
-0.083191
-0.078247
-0.063446
-0.040894
-0.01355
0.013977
0.037415
0.050934
0.053619
0.045074
0.026184
0.0046082
-0.015594
-0.034576
-0.046265
-0.048798
-0.044189
-0.031769
-0.014435
0.003418
0.01947
0.031189
0.038391
0.038849
0.031677
0.019348
0.0031433
-0.013885
-0.024841
-0.02948
-0.029968
-0.023346
-0.012115
0.00045776
0.018219
0.036957
0.047943
0.052155
0.048615
0.035828
0.021118
0.0082092
-0.0050354
-0.016998
-0.024475
-0.025909
-0.019318
-0.0064087
0.0066528
0.015259
0.019623
0.020599
0.017822
0.012512
0.0036011
-0.0084839
-0.018646
-0.024689
-0.02832
-0.028076
-0.024994
-0.021362
-0.013916
-0.0032654
0.0065613
0.017181
0.02298
0.010834
-0.011719
-0.03067
-0.049133
-0.072021
-0.091187
-0.11929
-0.14511
-0.12125
-0.057251
0.024689
0.11926
0.17792
0.19376
0.19666
0.17975
0.14545
0.09375
0.022461
-0.054993
-0.10968
-0.12228
-0.103
-0.062653
-0.011841
0.030518
0.066956
0.097595
0.10995
0.095093
0.05246
-0.0066223
-0.069702
-0.11481
-0.13086
-0.12732
-0.10718
-0.073639
-0.03656
0.0063171
0.05069
0.083282
0.092072
0.077576
0.044678
0.002533
-0.033051
-0.056274
-0.069336
-0.075348
-0.070923
-0.05484
-0.029114
0.0033569
0.033691
0.049988
0.05307
0.046661
0.030487
0.014099
-0.0017395
-0.023438
-0.040863
-0.046631
-0.046814
-0.033997
-0.0097046
0.013153
0.034607
0.05368
0.063202
0.063568
0.056183
0.039337
0.016815
-0.00064087
-0.013885
-0.022797
-0.019043
-0.011597
-0.0033569
0.006958
0.013336
0.015015
0.013306
0.0087891
0.0040894
-0.0039368
-0.013062
-0.017731
-0.02179
-0.021973
-0.016693
-0.016754
-0.014923
-0.0059814
-0.0014038
0.0031738
0.012665
0.013702
-0.0029297
-0.0242
-0.033173
-0.042664
-0.057831
-0.075195
-0.10852
-0.13208
-0.12683
-0.077332
0.0066833
0.094666
0.15598
0.18842
0.2001
0.19324
0.16006
0.10645
0.030457
-0.05188
-0.10736
-0.1228
-0.09848
-0.058044
-0.01123
0.031952
0.072174
0.10577
0.11911
0.10193
0.05011
-0.020416
-0.085327
-0.12891
-0.14014
-0.13055
-0.10751
-0.072052
-0.028931
0.021332
0.066711
0.093384
0.093536
0.067505
0.030029
-0.0079041
-0.04068
-0.064056
-0.077911
-0.079437
-0.063782
-0.033081
-0.00076294
0.027832
0.046844
0.05304
0.049896
0.037231
0.01355
-0.014832
-0.04126
-0.059753
-0.067749
-0.067963
-0.054718
-0.022644
0.015381
0.047577
0.071411
0.079681
0.072266
0.059784
0.044647
0.02301
-0.0015869
-0.018127
-0.019714
-0.0050964
0.010773
0.021912
0.029358
0.026093
0.017914
0.013428
0.0040588
-0.010925
-0.0271
-0.036011
-0.033508
-0.019745
-0.0028992
0.0041809
0.002594
-0.0022583
-0.012817
-0.014893
-0.0063171
-0.029236
-0.071106
-0.091339
-0.070038
-0.065521
-0.072205
-0.10318
-0.11386
-0.079498
0.010712
0.1012
0.16415
0.17624
0.16733
0.16443
0.16617
0.13095
0.04303
-0.045227
-0.10361
-0.10526
-0.074554
-0.032593
-0.014221
0.0058289
0.040253
0.088745
0.11423
0.098724
0.03833
-0.034912
-0.087067
-0.10965
-0.11374
-0.11172
-0.098358
-0.070496
-0.019379
0.038757
0.078247
0.084442
0.069305
0.041931
0.015686
-0.012451
-0.04538
-0.074554
-0.087585
-0.079926
-0.051544
-0.01413
0.018402
0.03717
0.045898
0.04599
0.038422
0.021881
-0.0057068
-0.037994
-0.061798
-0.061005
-0.039948
-0.012146
0.016785
0.041718
0.05661
0.065399
0.063751
0.050232
0.028717
0.0061951
-0.013153
-0.017029
-0.011993
-0.0090027
-0.0022888
0.007019
0.008606
0.010223
0.0089417
0
-0.0091553
-0.015045
-0.017792
-0.012085
-0.00073242
0.0059204
0.01236
0.020508
0.019379
0.019348
0.012726
-0.0049133
-0.048248
-0.078186
-0.091461
-0.1236
-0.16864
-0.22076
-0.17361
-0.06778
0.059631
0.15985
0.22067
0.23392
0.25064
0.24844
0.20181
0.086212
-0.037964
-0.13278
-0.14893
-0.1236
-0.098602
-0.074615
-0.025146
0.051575
0.12711
0.17514
0.14755
0.075287
-0.0030823
-0.054932
-0.10339
-0.14279
-0.17755
-0.17969
-0.13843
-0.05957
0.011444
0.062225
0.090515
0.10196
0.10522
0.089508
0.043549
-0.014496
-0.060608
-0.085388
-0.082764
-0.064758
-0.045746
-0.022186
0.012024
0.043823
0.05954
0.052826
0.026886
-0.0018005
-0.016388
-0.019012
-0.02124
-0.023895
-0.019653
-0.0052795
0.017303
0.035614
0.03656
0.021362
0.01004
0.011475
0.018341
0.019623
0.011383
0.0055542
0.0090637
0.013489
0.015869
0.010406
-0.011932
-0.03244
-0.040131
-0.036407
-0.030701
-0.028442
-0.013
0.015411
0.024628
0.044891
0.052795
0.024933
0.019653
-0.021423
-0.07489
-0.068512
-0.25049
-0.35236
-0.22424
-0.11636
-0.03421
0.12994
0.19659
0.23837
0.36469
0.40256
0.27908
0.16342
0.01355
-0.12067
-0.11554
-0.14276
-0.22583
-0.21823
-0.095734
0.010529
0.13986
0.20554
0.16449
0.12625
0.12683
0.065826
-0.046387
-0.15048
-0.22974
-0.24747
-0.18707
-0.13458
-0.1055
-0.038025
0.049805
0.12738
0.1817
0.17615
0.1069
0.051941
0.018707
-0.033325
-0.092712
-0.13196
-0.15033
-0.12149
-0.05722
-0.0085754
0.01944
0.053253
0.072052
0.085052
0.087158
0.05896
0.014862
-0.0071106
-0.018341
-0.025665
-0.022125
-0.014526
-0.0112
0.0031738
0.021271
0.030792
0.042084
0.045288
0.039673
0.034393
0.026031
0.011353
0.0037537
-0.0041809
-0.022034
-0.043915
-0.058502
-0.061554
-0.050415
-0.052734
-0.046539
-0.027832
-0.0041809
0.036835
0.065826
0.052582
0.04187
0.00354
-0.0056152
-0.095428
-0.26468
-0.245
-0.1842
-0.14432
-0.033966
0.0672
0.11844
0.26031
0.37192
0.33472
0.26718
0.2059
0.069916
0.0058289
-0.060211
-0.18588
-0.25824
-0.20728
-0.13913
-0.062134
0.027618
0.077148
0.12897
0.19101
0.17725
0.099091
0.02832
-0.037292
-0.096466
-0.13522
-0.17633
-0.20807
-0.1705
-0.095276
-0.035278
0.015869
0.066589
0.097321
0.1246
0.13092
0.088654
0.03241
-0.0075073
-0.044617
-0.079285
-0.10336
-0.12207
-0.11401
-0.071503
-0.037903
-0.00073242
0.040985
0.065155
0.08905
0.10828
0.091248
0.067139
0.052155
0.027557
0.0067749
-0.011139
-0.031586
-0.029297
-0.01059
-0.0022888
0.0097656
0.020569
0.026001
0.030243
0.032227
0.025208
0.01413
-0.0080872
-0.031921
-0.034637
-0.038055
-0.056183
-0.068512
-0.056549
-0.040192
-0.030701
0.0014038
0.013885
-0.017426
0.0010071
-0.075378
-0.13092
-0.10367
-0.12244
-0.13165
-0.045563
0.0075684
0.065155
0.1712
0.22226
0.21078
0.25024
0.22607
0.15668
0.11606
0.031799
-0.070465
-0.10498
-0.12454
-0.15414
-0.12683
-0.093872
-0.059509
0.012848
0.062439
0.059113
0.068817
0.065216
0.04129
0.020142
-0.013947
-0.065765
-0.085815
-0.091278
-0.094543
-0.078827
-0.063507
-0.048492
-0.013367
0.02121
0.046448
0.070923
0.077759
0.065887
0.052216
0.028595
-0.0068665
-0.039246
-0.065674
-0.085541
-0.083893
-0.067169
-0.043854
-0.0057068
0.030792
0.054749
0.076599
0.084351
0.07135
0.062256
0.048645
0.029297
0.010773
-0.0093994
-0.023499
-0.023743
-0.015839
-0.0050659
0.0043335
0.0083618
0.0048523
0.0072937
0.0072632
0.0031128
-0.01059
-0.030945
-0.040588
-0.050934
-0.050079
-0.051178
-0.066101
-0.055786
-0.09375
-0.10971
-0.063995
-0.084076
-0.077545
-0.015045
0.0094604
0.056854
0.13638
0.14975
0.16156
0.20013
0.17523
0.151
0.14059
0.070496
0.016663
-0.0020447
-0.056885
-0.09552
-0.10199
-0.11935
-0.10693
-0.073029
-0.061981
-0.029388
0.0098572
0.021942
0.044586
0.058136
0.042114
0.029419
0.012085
-0.020508
-0.035583
-0.048584
-0.069733
-0.063812
-0.052094
-0.043213
-0.015839
0.00057983
0.0077209
0.026062
0.022858
0.019897
0.032318
0.020264
0.0034485
0.0053101
-0.0024414
-0.0040894
0.0036011
-0.0064087
-0.011597
0.00033569
0.0041809
0.015778
0.02652
0.028473
0.034973
0.039368
0.031891
0.027985
0.021454
0.0112
0.0054932
-0.0055542
-0.023438
-0.032745
-0.040344
-0.040161
-0.031281
-0.037537
-0.030853
-0.006897
-0.020081
-0.022644
-0.038513
-0.10638
-0.082703
-0.099548
-0.14496
-0.087555
-0.05011
-0.040771
0.053864
0.10349
0.12311
0.19339
0.20453
0.18506
0.21014
0.16214
0.10928
0.1001
0.029846
-0.029602
-0.043488
-0.09729
-0.12296
-0.104
-0.11981
-0.10672
-0.061493
-0.064941
-0.039886
0.00085449
-0.0018311
0.017456
0.03244
0.014374
0.022919
0.028656
0.0005188
-0.0010986
-0.0079956
-0.029907
-0.029144
-0.035583
-0.055298
-0.047516
-0.042297
-0.037109
-0.010986
0.0054626
0.01532
0.039062
0.048767
0.049805
0.052246
0.040283
0.030884
0.02713
0.017731
0.010956
0.011505
0.0058899
0.0020752
0.0022888
0.0021667
0.0053711
0.0065918
0.0046387
-0.0010681
-0.0088806
-0.0062561
-0.0033264
-0.013428
-0.017822
-0.016632
-0.015625
-0.016357
-0.026855
-0.015808
-0.062225
-0.10129
-0.064484
-0.09552
-0.12595
-0.090698
-0.084839
-0.05249
0.011475
0.029205
0.065002
0.12308
0.12323
0.14709
0.18173
0.15796
0.14813
0.14279
0.10641
0.094421
0.063751
0.0084839
-0.013611
-0.034363
-0.079102
-0.093292
-0.10754
-0.12134
-0.10764
-0.10632
-0.099304
-0.070129
-0.053925
-0.036041
-0.0089417
0.005127
0.024353
0.037659
0.034241
0.037964
0.03891
0.023865
0.01532
0.0013123
-0.020813
-0.027069
-0.029877
-0.036072
-0.031189
-0.027527
-0.015808
0.0050354
0.012634
0.018799
0.031128
0.03775
0.040283
0.038757
0.03833
0.04068
0.036987
0.024506
0.018585
0.013336
0.0099792
0.0071716
-0.006134
-0.016083
-0.016937
-0.023102
-0.030792
-0.03537
-0.039124
-0.041626
-0.032166
-0.02948
-0.021912
-0.021576
-0.046051
-0.033661
-0.020233
-0.044769
-0.043793
-0.03537
-0.0383
-0.017578
-0.0048523
-0.0027161
0.024414
0.045593
0.058228
0.089722
0.10663
0.10941
0.12643
0.12067
0.10358
0.095795
0.069641
0.045074
0.023773
-0.011414
-0.036774
-0.048798
-0.069061
-0.077576
-0.079315
-0.090668
-0.087433
-0.073853
-0.070648
-0.05896
-0.045837
-0.036591
-0.02005
-0.011261
-0.011383
-0.00021362
0.0094299
0.015289
0.023834
0.02832
0.025055
0.026917
0.025909
0.019806
0.014374
0.0084839
0.0036011
0.0039062
-0.00079346
-0.0048218
-0.0030823
-0.0019531
0.00088501
0.0027771
0.0050964
0.0087891
0.0073547
0.0078125
0.0086365
0.0075378
0.0079956
0.0079041
0.0064087
0.007019
0.0026245
-0.0019226
-0.00097656
-0.0037842
-0.0089417
-0.011993
-0.01825
-0.02771
-0.035065
-0.034027
-0.036835
-0.03717
-0.031067
-0.026703
-0.015503
-0.005249
-0.0014343
0.0075073
0.019043
0.026947
0.037415
0.043976
0.049072
0.058228
0.060638
0.059357
0.061066
0.057373
0.048462
0.038696
0.02829
0.017395
0.0059204
-0.0067749
-0.018982
-0.028412
-0.035461
-0.040894
-0.046875
-0.056488
-0.062286
-0.063416
-0.062744
-0.05545
-0.048309
-0.041809
-0.029266
-0.016693
-0.0049133
0.0094299
0.020447
0.025726
0.031555
0.033173
0.031586
0.028015
0.020905
0.012909
0.0093384
0.0061035
0.0083923
0.011444
0.0079651
0.0095825
0.013824
0.011597
0.006012
0.002533
-0.00036621
-0.0028076
-0.0059204
-0.0090332
-0.0072632
-0.0025024
-0.0083313
-0.011292
-0.0090942
-0.0095215
-0.0090027
-0.007782
-0.0076904
-0.0061646
-0.0097656
-0.012451
-0.0097351
-0.007019
-0.0065002
-0.0076904
-0.0088196
-0.0064697
0.0015259
0.0033875
0.0028381
0.0038147
0.0030518
0.0061951
0.010468
0.0081787
0.008728
0.013275
0.016418
0.02005
0.025787
0.025513
0.026245
0.027771
0.02951
0.028809
0.024414
0.018738
0.013702
0.0073853
0.0010986
-0.0074463
-0.010742
-0.012238
-0.014679
-0.02002
-0.026581
-0.030762
-0.031616
-0.03537
-0.036774
-0.037933
-0.04007
-0.035889
-0.025421
-0.015381
-0.0055237
0.0010376
0.0084839
0.016479
0.020752
0.022522
0.021332
0.018616
0.016846
0.015961
0.014465
0.013062
0.013977
0.014984
0.011963
0.0046692
-0.00088501
