-0.0024109
0.015289
0.024078
0.02832
0.0289
0.026825
0.032288
0.029846
0.011932
-0.0014038
-0.0092468
-0.008606
0.0039978
0.022644
0.019073
0.010925
0.0062561
0.012146
0.021576
0.034363
0.033936
0.01886
0.0027161
-0.0033875
-0.0036316
-0.0028687
-0.0045166
-0.016357
-0.026276
-0.025696
-0.013733
-0.0042419
0.00097656
-0.0011902
-0.0099487
-0.013641
-0.008606
-0.0072632
-0.011902
-0.015106
-0.020386
-0.018494
-0.0085449
0.00067139
0.0032043
0.00030518
-0.0043945
-0.0080261
-0.0058594
-0.00012207
0.0016785
0.00036621
0.00012207
-0.00057983
0.0016174
0.0036316
0.003479
-0.0020142
-0.0083923
-0.0091553
-0.0057983
-0.0005188
0.0057068
-0.0025024
-0.018433
-0.019714
-0.0096436
0.012085
0.032806
0.040375
0.031769
0.025574
0.023499
0.0242
0.018372
0.0027771
-0.014771
-0.018372
-0.0053101
0.013184
0.023407
0.021423
0.011566
0.0022888
0.0010986
0.0014343
-0.0061951
-0.020081
-0.032562
-0.036224
-0.026093
-0.0097046
6.1035e-05
0.0015869
-0.002594
-0.007019
-0.0082397
-0.005249
-0.013855
-0.033997
-0.048004
-0.052887
-0.042084
-0.024292
-0.007019
0.0083313
0.024414
0.035248
0.032196
0.027893
0.0177
0.0050964
0.0014954
0.0038452
0.0059509
0.0094604
0.021973
0.036743
0.051971
0.062958
0.062103
0.047913
0.031342
0.01651
0.00030518
-0.013855
-0.024475
-0.031799
-0.0289
-0.016296
-0.0030518
0.0045471
0.0051575
0.0018616
-0.0046692
-0.0098267
-0.01651
-0.023895
-0.032104
-0.036438
-0.033478
-0.024384
-0.012146
-0.0012512
0.0057068
0.0071716
0.0052185
-0.00027466
-0.0050964
-0.0091248
-0.011261
-0.015106
-0.016968
-0.013794
-0.0067749
0.0028992
0.013794
0.015045
0.0093689
0.0069885
0.0042725
-0.0026855
-0.0035095
-0.01828
-0.0383
-0.026428
-0.0058289
0.017639
0.039581
0.048767
0.032898
0.031921
0.034698
0.02597
0.008606
-0.0083313
-0.027008
-0.019928
0.0048218
0.018524
0.01825
0.013245
0.0084229
0.0083008
0.015839
0.0036926
-0.0159
-0.033844
-0.030151
-0.021881
-0.0077209
0.00015259
-0.00036621
-0.0059204
-0.0046082
-0.0053711
-0.0076904
-0.006134
-0.015106
-0.027405
-0.039917
-0.044464
-0.042145
-0.025696
-0.015106
-0.018799
-0.038605
-0.045837
-0.028809
0.0026245
0.035828
0.058319
0.068695
0.075836
0.095947
0.10461
0.09137
0.058197
0.01944
-0.011536
-0.016449
-0.010986
-0.01062
-0.013702
-0.0080566
0.0055237
0.023987
0.039185
0.032013
0.009552
-0.013885
-0.030518
-0.04306
-0.05014
-0.054871
-0.057007
-0.046783
-0.025513
-0.003418
0.010651
0.016754
0.015594
0.012543
0.009613
0.0018616
-0.014374
-0.028625
-0.034943
-0.029663
-0.018707
-0.011108
-0.0099792
-0.010193
-0.0012817
0.0079346
0.013428
0.0096741
-0.002533
-0.021881
-0.023773
-0.02417
-0.01712
-0.0077515
0.0047302
0.012665
0.030334
0.044098
0.045715
0.038971
0.027374
0.014435
0.0072937
0.0093994
0.0087891
0.0092468
0.010345
0.013153
0.014252
0.019379
0.014252
0.0063782
-0.0036926
-0.0091553
-0.016937
-0.017914
-0.01889
-0.018036
-0.017029
-0.007843
-0.0026245
0.0032043
0.0020752
-0.0074463
-0.0035095
-0.0096436
-0.018127
-0.014801
-0.010254
-0.032532
-0.038574
-0.043701
-0.10028
-0.13657
-0.10153
-0.071503
-0.01651
0.068115
0.11441
0.12772
0.17654
0.19284
0.14856
0.098114
0.026611
-0.046448
-0.071655
-0.056702
-0.061798
-0.058228
-0.020477
0.019287
0.059021
0.096619
0.086578
0.042023
0.0067444
-0.018066
-0.057159
-0.084991
-0.10068
-0.10965
-0.085785
-0.03833
0.0013123
0.022491
0.042175
0.046997
0.044312
0.040283
0.01886
-0.014618
-0.0383
-0.045654
-0.046478
-0.038727
-0.025665
-0.014709
-0.002655
0.012604
0.021088
0.012207
0.0021667
-0.010651
-0.017792
-0.015747
-0.0057983
-0.0010376
0.0046387
0.016724
0.026947
0.029175
0.02652
0.017822
0.0059814
0.0049744
0.012238
0.015198
0.013855
0.016541
0.015839
0.017548
0.017456
0.0075073
-0.0083313
-0.019165
-0.021912
-0.019684
-0.020538
-0.018036
-0.01178
-0.0066833
0.0050964
0.022156
0.028564
0.023285
0.0093079
0.00064087
-0.012512
-0.019348
-0.025177
-0.048248
-0.061096
-0.22699
-0.23526
-0.13528
-0.061096
-0.0071716
0.10968
0.13632
0.16916
0.29462
0.28659
0.17545
0.076752
0.005127
-0.075317
-0.057404
-0.079742
-0.14575
-0.13773
-0.019287
0.05072
0.10303
0.11844
0.084991
0.052368
0.059326
0.022919
-0.086395
-0.13412
-0.1489
-0.13101
-0.092834
-0.049438
-0.047821
-0.015594
0.058258
0.089203
0.085175
0.06311
0.024353
-0.006958
-0.0064697
-0.017853
-0.056274
-0.065277
-0.05011
-0.03537
-0.0075378
0.0073242
-0.0015564
0.00091553
0.027924
0.03186
0.020203
0.015686
0.0065002
0.0049438
0.016541
0.018982
0.0018311
-0.00097656
0.0005188
-0.0032043
0.0030212
0.015289
0.013184
0.016113
0.028412
0.026154
0.019165
0.014252
0.0015564
-0.016174
-0.022491
-0.03299
-0.041321
-0.033875
-0.02594
-0.02829
-0.020721
0.0083313
0.036224
0.034698
0.035004
0.028809
0.013702
0.018066
0.021454
0.0084839
-0.19601
-0.33478
-0.18649
-0.14005
-0.12436
-0.0050659
0.072937
0.092896
0.31686
0.38806
0.26797
0.18695
0.14032
0.026489
0.011536
-0.032623
-0.19241
-0.21881
-0.10718
-0.049591
-0.010559
0.064087
0.060303
0.083099
0.14127
0.11606
-0.0044861
-0.046417
-0.07251
-0.10419
-0.11627
-0.1257
-0.1481
-0.1073
-0.026276
0.0031738
0.030701
0.063721
0.069031
0.074097
0.085449
0.048157
-0.0097046
-0.027344
-0.041321
-0.065796
-0.063995
-0.061707
-0.057953
-0.037018
-0.0032959
0.01178
0.037598
0.062744
0.062439
0.055511
0.047913
0.03183
0.023102
0.020844
-0.0018616
-0.028687
-0.025787
-0.0083923
0.012726
0.021271
0.016052
0.015198
0.024261
0.027496
0.015656
-0.0030823
-0.024231
-0.037689
-0.037964
-0.02774
-0.03894
-0.046967
-0.028259
-0.01059
-0.00091553
0.0090942
0.011902
0.00091553
0.04248
0.072205
-0.173
-0.23486
-0.085266
-0.16666
-0.17944
-0.0090637
-0.013
0.026459
0.27661
0.2869
0.22067
0.28644
0.23108
0.10101
0.14249
0.020782
-0.15427
-0.13437
-0.10828
-0.17273
-0.10577
-0.042572
-0.049622
0.057434
0.12558
0.060791
0.0448
0.07135
0.0086975
-0.023315
-0.045502
-0.11478
-0.13431
-0.084717
-0.093475
-0.089386
-0.033722
-0.0095215
0.016693
0.074402
0.068573
0.042877
0.054413
0.040863
-0.0020447
-0.013733
-0.041931
-0.079559
-0.067841
-0.054443
-0.048798
-0.019653
0.01004
0.026337
0.053528
0.069458
0.060059
0.057434
0.052002
0.036774
0.025665
0.010925
-0.001709
0.00027466
0.0053101
0.0046387
0.013519
0.014587
0.006073
0.002594
0
-0.006012
-0.013245
-0.024719
-0.025055
-0.0159
-0.018402
-0.035004
-0.029602
-0.016785
-0.027222
-0.010956
0.011078
-0.20572
-0.19162
-0.037231
-0.17075
-0.16849
0.0092468
-0.027893
0.031128
0.24005
0.1962
0.1864
0.29739
0.21136
0.13171
0.215
0.061859
-0.047333
-0.012268
-0.085388
-0.168
-0.095032
-0.11334
-0.1264
-0.012848
-0.011749
-0.02771
0.063446
0.072235
0.030762
0.053955
0.0075073
-0.052979
-0.036041
-0.061066
-0.11685
-0.074951
-0.059784
-0.063782
-0.016357
0.0063477
0.00045776
0.040405
0.048523
0.020508
0.038361
0.038147
0.0042114
0.0091858
0.00079346
-0.022919
-0.0050964
-0.0033569
-0.025787
-0.012451
-0.0036621
-0.0076599
0.017151
0.030457
0.029938
0.049133
0.044586
0.020569
0.028137
0.025391
0.01001
0.0058594
-0.013031
-0.039001
-0.028046
-0.022125
-0.021271
-0.010803
-0.012299
-0.010773
0.012543
0.011841
-0.006073
-0.0091553
0.031616
-0.14542
-0.20978
-0.055481
-0.17856
-0.21539
-0.041534
-0.043762
-0.028351
0.16705
0.15646
0.16733
0.28061
0.22314
0.16107
0.27222
0.13824
0.034882
0.057098
-0.028229
-0.11124
-0.073242
-0.13815
-0.16702
-0.07663
-0.094055
-0.090179
-0.0064697
-0.0098267
-0.0048523
0.057465
0.025177
0.012177
0.035492
-0.0090027
-0.042511
-0.010925
-0.043915
-0.058685
-0.043091
-0.059357
-0.049072
-0.010498
-0.016602
-0.0088196
0.02121
0.021179
0.036163
0.057404
0.044739
0.03302
0.030151
0.018433
0.012665
0.0044556
-0.0096436
-0.0057678
-0.0019531
-0.0018921
0.0057983
0.0069885
0.0091858
0.010529
0.015381
0.016235
0.017273
0.0048828
0.0027466
0.013763
-0.0025024
-0.0092163
-0.012878
-0.021484
-0.018402
-0.025085
-0.038177
0.015594
-0.06839
-0.22055
-0.060944
-0.1152
-0.21979
-0.086273
-0.057068
-0.093903
0.086426
0.10358
0.1171
0.23889
0.2067
0.15134
0.29709
0.20892
0.10031
0.13538
0.060333
-0.0023499
0.0071106
-0.08252
-0.12885
-0.068939
-0.12756
-0.1449
-0.084015
-0.10571
-0.085938
-0.018036
-0.038452
-0.0093994
0.029083
0.0073547
0.02356
0.048157
0.0025024
9.1553e-05
0.0075073
-0.030823
-0.028625
-0.032898
-0.062439
-0.041168
-0.023102
-0.033356
-0.012787
-0.0016479
0.0047607
0.032776
0.035217
0.029694
0.039307
0.032166
0.032471
0.042542
0.023865
0.018158
0.028259
0.019775
0.018158
0.0066223
-0.0083008
0.013123
0.011536
-0.0061951
0.0007019
-0.0038147
-0.012543
-0.011841
-0.020599
-0.010803
-0.0055237
0.0040283
-0.040314
-0.14716
-0.05603
-0.09433
-0.19217
-0.12231
-0.09433
-0.13681
-0.018005
0.027496
0.055573
0.14276
0.15356
0.15155
0.27383
0.2222
0.15488
0.19052
0.13959
0.088013
0.080017
-0.013
-0.058014
-0.03479
-0.11877
-0.14651
-0.11642
-0.14951
-0.13483
-0.077576
-0.087616
-0.046448
-0.016754
-0.01355
0.02832
0.050812
0.023499
0.039581
0.044586
0.016388
0.014282
-0.010956
-0.03714
-0.02121
-0.037872
-0.054077
-0.037201
-0.039551
-0.042999
-0.023621
-0.015747
-0.0031433
0.011505
0.022369
0.040375
0.047455
0.045502
0.045441
0.042542
0.040161
0.045349
0.027557
0.012177
0.020172
0.0098267
0.0024719
0.0054321
-0.0097046
-0.012787
-0.0066528
-0.019073
-0.014221
-0.012421
0.00045776
-0.05072
-0.069092
-0.032349
-0.098358
-0.12637
-0.086182
-0.10114
-0.09726
-0.043945
-0.034332
0.023438
0.082977
0.085846
0.129
0.19046
0.15875
0.16959
0.16879
0.13666
0.12088
0.087891
0.027191
0.011871
-0.020966
-0.073212
-0.087189
-0.10236
-0.11862
-0.10303
-0.097229
-0.085724
-0.049805
-0.046967
-0.036987
-0.007843
-0.0020752
-0.0093079
0.0043945
0.011108
0.012756
0.0075989
-0.00097656
-0.00018311
0.0045776
-0.010773
-0.013947
-0.0079956
-0.01123
-0.0072937
-0.011963
-0.0023804
-0.0044556
-0.0075684
-0.0058289
-0.0047302
0.0067749
0.019897
0.023468
0.031586
0.049072
0.048553
0.038574
0.033508
0.023529
0.012146
0.01358
-0.0054932
-0.026489
-0.017761
-0.017731
-0.019562
-0.012909
-0.026703
-0.025146
-0.022614
-0.041962
-0.047089
-0.04953
-0.061188
-0.046631
-0.039917
-0.043304
-0.020538
0.00042725
0.0076294
0.030518
0.047882
0.056
0.071472
0.078064
0.07843
0.09256
0.092651
0.079407
0.07663
0.068695
0.054016
0.042206
0.02002
-0.0033569
-0.022095
-0.04306
-0.042084
-0.044952
-0.060333
-0.067871
-0.055389
-0.048462
-0.045441
-0.043091
-0.034851
-0.027374
-0.024933
-0.019775
-0.014221
-0.018738
-0.017975
-0.011292
-0.014008
-0.017212
-0.021881
-0.01828
-0.0085754
-0.0065002
-0.0046997
0.0046082
0.0062561
0.014679
0.026642
0.026581
0.01889
0.023285
0.026215
0.025787
0.021545
0.017883
0.018768
0.021118
0.020599
0.016846
0.012085
0.0057983
0.0029297
0.00024414
-0.0012817
-0.00079346
-0.0085754
-0.0064697
-0.0010376
-0.008606
-0.022064
-0.031006
-0.031219
-0.02832
-0.039246
-0.048279
-0.038605
-0.028046
-0.022491
-0.010315
-0.00061035
0.0063477
0.019745
0.035339
0.045593
0.053497
0.051941
0.04538
0.047882
0.044525
0.035645
0.020935
0.015442
0.020996
0.019806
0.013428
0.0068359
-0.0038147
-0.0023193
0.0036621
-0.007782
-0.01535
-0.013092
-0.014801
-0.016388
-0.017639
-0.021912
-0.023682
-0.0242
-0.029572
-0.032471
-0.033417
-0.033966
-0.031067
-0.031464
-0.026489
-0.022949
-0.018433
-0.012909
-0.0048218
-0.0048828
0.0040588
0.012787
0.011444
0.013885
0.021118
0.018707
0.016144
0.018005
0.016693
0.020081
0.021454
0.014893
0.016449
0.019928
0.014435
0.013367
0.011444
0.0059509
0.002655
-0.0056458
-0.0080566
-0.011108
-0.023254
-0.0224
-0.020508
-0.025421
-0.022247
-0.022125
-0.025696
-0.016083
-0.010712
-0.0112
0.0029907
0.010773
0.0088501
0.018158
0.027893
0.027618
0.03418
0.026947
0.016541
0.022797
0.025696
0.017334
0.013672
0.016174
0.015991
0.018311
0.016663
0.0077209
-0.004303
-0.0022583
-0.011719
-0.018646
-0.019653
-0.024567
-0.025299
-0.016388
-0.015076
-0.013489
-0.01181
-0.014191
-0.008728
-0.0050049
-0.0078125
-0.0092163
-0.011261
-0.007019
