-0.02951
-0.031189
-0.02948
-0.025909
-0.021606
-0.016418
-0.011139
-0.0065002
-0.0032349
-0.0018311
-0.0026245
-0.0050049
-0.0076294
-0.010132
-0.011475
-0.011505
-0.011078
-0.0096436
-0.0073853
-0.0044556
-0.0011292
0.0022583
0.0059509
0.0090332
0.010132
0.0096436
0.0075684
0.0045471
0.00076294
-0.0034485
-0.006897
-0.0090027
-0.0094299
-0.0079651
-0.0041504
0.00048828
0.0035095
0.0043335
0.0027161
0.00012207
-0.00057983
0.00027466
0.0028687
0.0075989
0.011292
0.012909
0.013092
0.013245
0.013245
0.012726
0.010864
0.0076904
0.0046387
0.0012817
-0.0010071
-0.0011597
-0.00085449
-0.0014648
-0.0025635
-0.0030518
-0.0033569
-0.002594
-0.0017395
-0.0010986
-0.0014648
-0.0035095
-0.0061951
-0.0083923
-0.0086975
-0.0084839
-0.0076599
-0.006134
-0.0043335
-0.0026855
-0.0013428
-6.1035e-05
-6.1035e-05
-0.00082397
-0.0033569
-0.006134
-0.0077209
-0.0082092
-0.0072327
-0.0048523
-0.0014343
0.002594
0.0064392
0.0073242
0.0049744
-0.00079346
-0.0093994
-0.018158
-0.02597
-0.030273
-0.03009
-0.024811
-0.01358
0.0013733
0.018433
0.036591
0.052399
0.062897
0.067719
0.066223
0.057953
0.044434
0.02832
0.011871
-0.0018005
-0.012787
-0.021179
-0.026001
-0.027435
-0.026276
-0.022125
-0.016846
-0.012146
-0.0075989
-0.0051575
-0.0054932
-0.0079346
-0.012207
-0.016205
-0.019531
-0.022827
-0.025116
-0.024414
-0.02063
-0.014893
-0.0079346
-0.00076294
0.0052795
0.0097046
0.011902
0.011322
0.0089111
0.0054321
0.0014648
-0.002533
-0.0065308
-0.0095215
-0.010101
-0.0088806
-0.0065002
-0.003418
-0.00064087
0.0013123
0.0019836
0.0031738
0.0054932
0.0081177
0.010956
0.01413
0.016144
0.016205
0.015717
0.015137
0.014099
0.012177
0.0094604
0.0066833
0.0040588
0.0030212
0.0035706
0.0046082
0.0047913
0.0032959
0.0016785
-0.00064087
-0.0027466
-0.0051575
-0.008667
-0.011932
-0.013397
-0.013336
-0.011749
-0.0080872
-0.0031433
0.00076294
0.0025635
0.0028076
0.0014954
-0.00079346
-0.004303
-0.0076294
-0.010284
-0.013275
-0.015259
-0.013794
-0.010254
-0.0058289
-0.0022278
0.0018311
0.0062256
0.0063171
0.0035706
-0.0023804
-0.015167
-0.033569
-0.050354
-0.059387
-0.05661
-0.040192
-0.014069
0.015533
0.046021
0.072876
0.093018
0.10425
0.10385
0.090515
0.06723
0.038635
0.010529
-0.010986
-0.024628
-0.030396
-0.03006
-0.024628
-0.015015
-0.0036316
0.005188
0.0089722
0.0066528
-0.0012512
-0.012695
-0.025208
-0.035919
-0.043549
-0.046722
-0.045197
-0.039337
-0.030365
-0.018524
-0.0051575
0.0067139
0.014771
0.018524
0.01886
0.015015
0.0072937
-0.0017395
-0.011414
-0.020325
-0.025604
-0.026367
-0.022736
-0.016235
-0.0075989
0.0014648
0.0087585
0.013489
0.015289
0.014862
0.012268
0.0089417
0.0056152
0.0036316
0.0037537
0.0043945
0.0075378
0.013
0.017822
0.02066
0.022888
0.023071
0.021149
0.01889
0.015076
0.010712
0.0061035
0.00085449
-0.0028687
-0.0043945
-0.0059204
-0.0083008
-0.0099792
-0.01178
-0.012939
-0.011292
-0.0079346
-0.0059204
-0.003479
-0.0013123
-0.0021362
-0.0024109
-0.0014954
-0.0061646
-0.011047
-0.011749
-0.016479
-0.018097
-0.012451
-0.010376
-0.0081482
-0.00073242
0.003418
0.0064087
0.0068359
-0.002533
-0.020599
-0.039246
-0.0578
-0.075226
-0.08139
-0.062622
-0.02832
0.013
0.063782
0.1077
0.12885
0.13507
0.12668
0.10089
0.065765
0.025757
-0.012543
-0.037994
-0.047058
-0.043579
-0.027069
-0.0044556
0.013733
0.026917
0.035126
0.030579
0.015869
-0.0045166
-0.030182
-0.053864
-0.068848
-0.073761
-0.066803
-0.051544
-0.033264
-0.012878
0.006897
0.022217
0.030121
0.03006
0.023041
0.0097961
-0.0050049
-0.016174
-0.022644
-0.026245
-0.026123
-0.023376
-0.019257
-0.013031
-0.0057983
0.0010986
0.0059204
0.0075378
0.0066223
0.0053406
0.0025635
-0.0023193
-0.0076599
-0.011292
-0.012909
-0.0087585
0.001709
0.012848
0.022858
0.032593
0.039429
0.043701
0.043976
0.037964
0.026703
0.01535
0.0055847
-0.0010376
-0.0039062
-0.006012
-0.0075684
-0.0067444
-0.0033875
-0.00073242
0.00030518
-0.0018616
-0.0062256
-0.010193
-0.012024
-0.010712
-0.0072937
-0.006134
-0.010071
-0.012939
-0.014069
-0.015411
-0.01355
-0.010254
-0.0079346
-0.0059814
-0.0057983
-0.0040283
0.0036011
0.0073242
0.002533
-0.0015259
-0.011108
-0.033081
-0.05072
-0.047913
-0.044891
-0.061615
-0.076782
-0.056763
-0.020325
0.029938
0.094452
0.13492
0.13016
0.11374
0.10165
0.083679
0.056335
0.015381
-0.025818
-0.049164
-0.043396
-0.016907
0.013672
0.029602
0.03183
0.029572
0.027008
0.019287
0.0011597
-0.027893
-0.061432
-0.083801
-0.085388
-0.068054
-0.045135
-0.024902
-0.0093079
0.0031738
0.014374
0.023285
0.025299
0.016541
-0.00091553
-0.017212
-0.02475
-0.023865
-0.019928
-0.016632
-0.014038
-0.0097351
-0.001709
0.0049744
0.0070496
0.0066528
0.0036621
-0.0014343
-0.002533
-0.0016174
-0.0036926
-0.0079346
-0.013062
-0.01712
-0.014038
-0.0028076
0.0076599
0.015961
0.022614
0.027344
0.034729
0.044464
0.044769
0.034515
0.022644
0.013092
0.0058899
0.0036926
0.0036621
0.0005188
-0.0029297
-0.001709
0.0033264
0.0046692
0.00027466
-0.0065002
-0.0112
-0.013397
-0.012665
-0.012451
-0.012939
-0.0159
-0.018738
-0.01474
-0.010071
-0.009552
-0.010162
-0.015228
-0.016602
0.00015259
0.0062256
0.0049438
0.015381
0.0038147
-0.018433
-0.00042725
0.0035706
-0.031097
-0.041931
-0.063385
-0.12006
-0.11865
-0.070221
-0.032684
0.025696
0.093323
0.12305
0.14166
0.1557
0.13696
0.091034
0.039154
-0.015259
-0.046173
-0.04715
-0.030548
-0.0097046
0.015564
0.040314
0.05899
0.070648
0.065491
0.039246
-0.0068054
-0.048798
-0.077087
-0.088226
-0.086945
-0.074249
-0.058868
-0.036591
-0.0088501
0.01416
0.025848
0.025543
0.013702
-0.00085449
-0.0087891
-0.015869
-0.022736
-0.028503
-0.029144
-0.026001
-0.015686
-0.0022278
0.0064392
0.0045776
0.0021057
0.002655
0.0020752
0.0043335
0.0028381
-0.0061646
-0.014557
-0.016296
-0.020081
-0.011261
-0.0025024
0.00094604
0.0086365
0.022491
0.026062
0.034637
0.041382
0.034973
0.024811
0.021484
0.016724
0.010864
0.0080261
0.0045776
0.0061035
0.009613
0.014679
0.014282
0.010864
0.0033264
-0.0021057
-0.0098877
-0.016022
-0.019318
-0.018982
-0.018677
-0.014893
-0.0087585
-0.0081482
-0.0072327
-0.0069275
-0.010071
-0.015991
-0.015198
-0.0098572
0.0029907
0.0075378
-0.0010071
0.0049744
0.0095215
0.00024414
-0.02182
-0.036621
-0.11169
-0.16553
-0.1344
-0.072754
-0.021759
0.064331
0.1243
0.14413
0.18036
0.19635
0.14957
0.066498
-0.0041504
-0.060791
-0.067627
-0.052917
-0.036194
-0.025421
0.0053406
0.044464
0.082794
0.093079
0.065765
0.016968
-0.024994
-0.049347
-0.070679
-0.08728
-0.094238
-0.078583
-0.050812
-0.012634
0.017883
0.02771
0.022125
0.021637
0.017609
0.0033264
-0.014648
-0.032471
-0.043854
-0.040619
-0.023285
-0.011475
-0.0092773
-0.006958
0.00064087
0.006958
0.0095215
0.0048828
-0.0064392
-0.016449
-0.01123
0.0021362
0.0028076
-3.0518e-05
0.0046082
0.011017
0.017731
0.026642
0.023376
0.01236
0.0081787
0.013306
0.01944
0.020813
0.018982
0.015656
0.014709
0.015472
0.014374
0.0073547
-0.0019226
-0.0063477
-0.0033569
-0.0014648
-0.0040588
-0.0050049
-0.0098877
-0.01001
-0.002533
-0.0044556
-0.0050049
0.0028076
0.0033264
-0.0039062
-0.0012817
-0.0024109
-0.013306
-0.025818
-0.025421
-0.025391
-0.019318
0.0005188
0.0096436
-0.04126
-0.1539
-0.16736
-0.11377
-0.077942
-0.029999
0.051636
0.078918
0.14206
0.23224
0.23901
0.15823
0.082306
0.027832
-0.0112
-0.019165
-0.05545
-0.088165
-0.073212
-0.010223
0.042664
0.071899
0.062897
0.045624
0.031158
0.018494
-0.021912
-0.082031
-0.11652
-0.10458
-0.075623
-0.04892
-0.025269
-0.010956
0.009613
0.038452
0.053833
0.036896
0.011627
-0.0050049
-0.013977
-0.018799
-0.025482
-0.035614
-0.033936
-0.017975
-0.006897
-0.0059814
-0.0072021
-0.0054626
-0.0032654
0.00024414
0.0054626
0.0040894
0.00094604
0.0054016
0.0084839
0.0047607
0.0042114
0.0033569
0.0050659
0.0068359
0.006897
0.012543
0.024353
0.028748
0.027161
0.025665
0.019135
0.0094299
0.0016785
-0.0053101
-0.016693
-0.02243
-0.018829
-0.0098267
-0.0057068
-0.0056152
-0.0053711
-0.0049744
0.0046997
0.011902
0.0064697
0.0012817
0.0067139
0.011505
0.0067749
0.0055237
0.0056763
-0.0064392
0.01181
-0.0058594
-0.14133
-0.17657
-0.10971
-0.11813
-0.095612
0.0045776
0.040436
0.096771
0.20859
0.22644
0.16653
0.13217
0.084808
0.030457
0.0049133
-0.049835
-0.088196
-0.073181
-0.039703
-0.014801
0.016693
0.033417
0.04306
0.05365
0.040741
0.00177
-0.03241
-0.050629
-0.0578
-0.06662
-0.080383
-0.077301
-0.057343
-0.033691
-0.011139
0.0064087
0.015594
0.029541
0.040039
0.03476
0.022797
0.011139
-0.0021667
-0.016174
-0.023254
-0.030304
-0.033295
-0.027161
-0.016357
-0.0053101
0.009491
0.02002
0.026062
0.031067
0.030212
0.025543
0.018677
0.0072632
-0.0045471
-0.0079956
-0.011078
-0.012543
-0.0087585
-0.0036011
0.0047913
0.017029
0.021973
0.019012
0.016144
0.0088196
-0.0019226
-0.0089111
-0.016266
-0.025818
-0.02298
-0.022766
-0.024109
-0.019379
-0.010895
-0.0049438
-0.0038452
-0.004425
0.0083008
0.024811
0.03125
0.046417
-0.0013428
-0.13144
-0.10803
-0.088013
-0.14496
-0.1113
-0.031677
0.003418
0.11139
0.19199
0.19189
0.1937
0.19925
0.13696
0.10077
0.040497
-0.039337
-0.07019
-0.080475
-0.096222
-0.071198
-0.041473
-0.022705
0.014435
0.031616
0.022675
0.017944
-9.1553e-05
-0.020477
-0.027618
-0.050842
-0.068024
-0.066681
-0.065582
-0.063812
-0.047211
-0.030396
-0.014618
0.0090332
0.023621
0.033203
0.047211
0.050659
0.040833
0.024109
0.0015259
-0.017059
-0.021515
-0.024902
-0.027893
-0.021179
-0.0092163
0.0030823
0.02002
0.031525
0.03479
0.037323
0.03299
0.024597
0.019226
0.013367
-3.0518e-05
-0.0069885
-0.0066223
-0.0054321
-0.0018311
0.0028992
0.0007019
-0.0018005
0.00085449
-0.0017395
-0.011169
-0.013672
-0.019135
-0.025726
-0.025513
-0.021851
-0.028961
-0.034454
-0.027802
-0.020233
-0.018158
0.0065918
-0.03598
-0.12042
-0.048767
-0.045197
-0.10431
-0.059113
-0.0054321
0.011597
0.089355
0.12534
0.13748
0.1828
0.1795
0.13681
0.14575
0.098053
0.040283
0.011505
-0.04187
-0.072845
-0.063477
-0.090607
-0.092163
-0.056915
-0.045593
-0.025452
-0.0058594
-0.0054321
0.018768
0.02475
-0.0042114
-0.0066833
-0.012207
-0.029083
-0.033142
-0.037445
-0.040588
-0.023651
-0.022583
-0.019684
0.00076294
0.008606
0.009491
0.011566
0.0054321
0.010559
0.01001
-0.0080872
-0.01358
-0.0083923
-0.0099792
-0.0093689
-0.01239
-0.011078
-0.0022583
0.0019531
0.01004
0.021454
0.024231
0.02774
0.03418
0.029114
0.025238
0.020844
0.015747
0.0089417
0.0010681
-0.0049744
-0.0055542
-0.0080566
-0.011047
-0.0092468
-0.0080261
-0.010468
-0.012146
-0.017212
-0.016388
-0.019318
-0.020905
-0.018646
0.012451
-0.026184
-0.1019
-0.03772
-0.05658
-0.11615
-0.071411
-0.04071
-0.030853
0.0271
0.052032
0.099854
0.15839
0.13864
0.13565
0.17068
0.12744
0.093445
0.074799
0.013702
-0.01297
-0.030945
-0.072113
-0.075073
-0.072357
-0.084991
-0.075867
-0.064484
-0.053436
-0.019531
-0.014008
-0.011658
0.018311
0.026611
0.017914
0.012268
-0.00012207
-0.0056763
-0.016815
-0.034149
-0.032593
-0.03067
-0.035278
-0.023621
-0.0093079
-0.00177
0.0099487
0.012634
0.01297
0.015564
0.0084534
0.0057983
0.0079346
0.0059814
0.010132
0.017822
0.019409
0.018188
0.014191
0.0057983
0.0043335
0.0018005
-0.0069275
-0.0097046
-0.0063477
0.0044556
0.013763
0.011383
0.0080872
0.0011292
0.00045776
-0.0036011
-0.016907
-0.022369
-0.024628
-0.0289
-0.021973
0.0007019
-0.030365
-0.072845
-0.022491
-0.045929
-0.090332
-0.049927
-0.036133
-0.033569
0.0076294
0.029083
0.070648
0.11084
0.10016
0.12234
0.1626
0.13486
0.11719
0.11172
0.073212
0.047821
0.014343
-0.042542
-0.052795
-0.062195
-0.10663
-0.10352
-0.092407
-0.10577
-0.082214
-0.065979
-0.05661
-0.021179
-0.0057983
-0.002655
0.022949
0.026215
0.019623
0.025177
0.013672
0.00354
0.0014954
-0.016052
-0.021393
-0.017395
-0.021973
-0.01593
-0.0089111
-0.0073853
0.00088501
0.0085449
0.0093689
0.017731
0.02005
0.018585
0.025055
0.029358
0.026306
0.022797
0.013702
0.011658
0.013855
0.0076599
0.0036316
-0.0044861
-0.0064392
-0.0058899
-0.014069
-0.016235
-0.014435
-0.011841
-0.0064392
-0.0073242
-0.005249
-0.011963
-0.039978
-0.029327
-0.029694
-0.065216
-0.061523
-0.039612
-0.045929
-0.032501
-0.0086975
0.015686
0.041382
0.051727
0.068329
0.10352
0.10568
0.096954
0.10504
0.097076
0.077759
0.062622
0.033661
0.0089417
-0.0063782
-0.038849
-0.056335
-0.057007
-0.072449
-0.078979
-0.066864
-0.057892
-0.044739
-0.03479
-0.032257
-0.01889
-0.0061951
-0.0027466
0.0049744
0.0098267
0.0072327
0.0034485
0.0024109
0.0032349
-0.0014343
-0.0083618
-0.0081787
-0.010345
-0.012665
-0.0067139
-0.0046082
-0.0070496
-0.0059204
-0.0068359
-0.0041199
0.005127
0.0084229
0.010925
0.016937
0.023438
0.032135
0.03241
0.023224
0.014496
0.010651
0.0065613
-0.0061951
-0.0080261
-0.0046082
-0.0075684
-0.0021057
0.00015259
-0.021423
-0.020355
-0.017914
-0.044006
-0.050018
-0.044434
-0.05249
-0.040955
-0.030182
-0.021332
0.0057678
0.023621
0.039703
0.069794
0.077332
0.080444
0.092804
0.085846
0.073608
0.065735
0.050201
0.039032
0.019226
-0.011505
-0.021149
-0.03186
-0.053528
-0.058167
-0.05777
-0.059601
-0.050293
-0.04422
-0.031036
-0.01535
-0.013031
-0.0050659
0.0070496
0.0021667
0.0029297
0.0081177
0.0038452
0.0053406
0.0027771
-0.0026855
0.0021973
-0.0048523
-0.016998
-0.014557
-0.015472
-0.019958
-0.017273
-0.017273
-0.015594
-0.0071106
-0.0037842
0.0018616
0.0084534
0.013916
0.020569
0.02005
0.016418
0.017578
0.01767
0.012726
0.0073853
0.0047302
0.0076599
0.0094299
0.0026245
0.00054932
0.0023499
0.0019531
-0.0029602
-0.010712
-0.014313
-0.012207
-0.021606
-0.029785
-0.025848
-0.018951
-0.016357
-0.014404
-0.010925
0.0053406
0.019318
0.020538
0.023956
0.032471
0.038879
0.042816
0.037872
0.033051
0.035461
0.034851
0.030762
0.021759
0.010742
0.0072632
0.0014648
-0.012695
-0.022003
-0.024719
-0.027283
-0.024261
-0.021454
-0.01889
-0.015381
-0.013062
-0.012146
-0.0093689
-0.0094604
-0.0092163
-0.0093689
-0.010284
-0.0080872
-0.0073242
-0.010559
-0.0097961
-0.0063171
-0.0072937
-0.011261
-0.01474
-0.014526
-0.018066
-0.02005
-0.014282
-0.0078735
-0.0049438
-0.00073242
0.0053711
0.012451
