0.02655
0.014893
0.0050049
-0.0014648
-0.0052185
-0.0053406
-0.0013123
0.002594
0.0049438
0.0054016
0.0027771
-0.0030823
-0.0089111
-0.015778
-0.022369
-0.027161
-0.030029
-0.028961
-0.024658
-0.020294
-0.014862
-0.0092468
-0.0058289
-0.0026855
-0.0013428
-0.0016785
-0.0043335
-0.0075073
-0.0093079
-0.010803
-0.011078
-0.009613
-0.0090637
-0.008667
-0.0061951
-0.002594
0.00048828
0.0027771
0.0067444
0.009491
0.0094299
0.0093384
0.0059204
-0.0014343
-0.0050659
-0.0064087
-0.0090637
-0.0054016
0.0019226
0.0083313
0.018555
0.028534
0.032501
0.032684
0.028625
0.019653
0.0093994
0.0016785
-0.0041504
-0.006958
-0.0074768
-0.0055847
-0.0028076
0.0018005
0.0046387
0.0052795
0.0028992
-0.002655
-0.0078125
-0.010345
-0.013824
-0.015564
-0.014008
-0.013672
-0.011841
-0.0071716
-0.0056763
-0.005188
-0.0031433
-0.0067139
-0.0069275
-9.1553e-05
0.0020752
0.00094604
0.0037842
0.0033264
0.00015259
0.0011292
-0.0013733
-0.010162
-0.021454
-0.027374
-0.03186
-0.033661
-0.035217
-0.030853
-0.026184
-0.0084229
0.019165
0.044373
0.055756
0.065308
0.067719
0.067596
0.065552
0.05368
0.02948
0.0082397
-0.0032043
-0.0055542
-0.00045776
0.0013733
0.00012207
0.0012817
0.0074158
0.012421
0.010986
3.0518e-05
-0.014862
-0.028015
-0.035461
-0.039215
-0.039032
-0.039795
-0.037079
-0.029633
-0.018005
-0.0052795
0.0052795
0.0073242
0.0045471
0.00067139
-0.0018921
-0.0046082
-0.0094604
-0.015167
-0.019287
-0.01947
-0.015259
-0.0083313
-0.0039673
-0.0020142
0.0010986
0.005188
0.0081482
0.0099182
0.0088501
0.0020752
-0.0019226
-0.0028687
-0.0066833
-0.0096436
-0.0048828
-0.00073242
0.0074463
0.021301
0.030853
0.032623
0.035858
0.035431
0.028931
0.020447
0.0099182
-0.00088501
-0.0047302
-0.0041199
-0.0023804
-6.1035e-05
0.0031738
0.004303
0.0054932
0.0050354
0.0016785
-0.0058594
-0.011383
-0.014221
-0.016937
-0.017181
-0.014648
-0.014099
-0.013123
-0.008667
-0.0073853
-0.0094604
-0.0093689
-0.0050049
-0.0025635
0.00036621
-0.0018616
-0.0051575
-0.0014038
0.00024414
-0.0025635
-0.0065918
-0.022278
-0.039124
-0.043549
-0.054901
-0.072327
-0.063965
-0.039642
-0.010956
0.036102
0.086426
0.10452
0.11285
0.12003
0.10742
0.073822
0.040771
0.0058899
-0.02417
-0.034058
-0.025421
-0.01474
-0.0036011
0.013306
0.028564
0.035706
0.032501
0.018341
-0.0065918
-0.031525
-0.050171
-0.062378
-0.068604
-0.065338
-0.05484
-0.036743
-0.013367
0.0077209
0.020203
0.026733
0.026886
0.020172
0.010498
-0.0021667
-0.017395
-0.029785
-0.03302
-0.031097
-0.025543
-0.016113
-0.0074768
-0.0024109
0.006134
0.012238
0.0098267
0.0074463
0.0045776
-0.0070801
-0.012543
-0.010315
-0.0177
-0.019104
-0.0062561
0.003418
0.012695
0.030609
0.039917
0.040588
0.041534
0.039551
0.028778
0.017609
0.0075989
-0.00024414
-0.0030212
-0.0012817
0.0016174
0.0019531
0.0025024
0.0036621
0.0018311
-0.0021362
-0.005127
-0.010803
-0.015045
-0.013641
-0.008606
-0.0074158
-0.0084839
-0.0070496
-0.007019
-0.011108
-0.0078125
-0.0036316
-0.012451
-0.013641
-0.0052795
-0.0041199
0.0031433
0.011719
0.0036621
0.0022888
-0.0050964
-0.039398
-0.053833
-0.077332
-0.12677
-0.10971
-0.058075
-0.032959
0.029358
0.10104
0.12378
0.14755
0.17432
0.14798
0.092346
0.048065
-0.001709
-0.036743
-0.046326
-0.045563
-0.045502
-0.024414
0.0096741
0.040985
0.054352
0.055145
0.03656
0.0082703
-0.017303
-0.039948
-0.067871
-0.086792
-0.085297
-0.074615
-0.053345
-0.026489
-0.007019
0.0085144
0.028595
0.036682
0.034302
0.026062
0.0093079
-0.010162
-0.020538
-0.026581
-0.036865
-0.040955
-0.032074
-0.019592
-0.0047913
0.011719
0.018158
0.019775
0.020996
0.01236
0.0051575
-0.004303
-0.020355
-0.023163
-0.013397
-0.011993
-0.0030212
0.012604
0.018311
0.023529
0.036194
0.035034
0.027802
0.025635
0.018982
0.011658
0.011932
0.010925
0.0059204
0.0056763
0.0071106
0.0044861
0.0037231
0.0018921
-0.0058594
-0.013947
-0.013824
-0.010773
-0.0071411
-0.0065918
-0.0041199
-0.005127
-0.0014648
0.0017395
0.00067139
-0.016144
-0.026733
-0.026215
-0.020599
-0.015167
-0.012482
-0.0082397
0.0031738
0.00091553
-0.0081787
-0.05127
-0.11292
-0.10104
-0.078308
-0.069092
-0.020966
0.033966
0.066803
0.1326
0.18274
0.16907
0.13467
0.10617
0.059204
0.021515
-0.012848
-0.057373
-0.081146
-0.066681
-0.035736
-0.0075073
0.012268
0.02594
0.039215
0.043671
0.030457
0.004425
-0.024811
-0.044006
-0.050629
-0.058685
-0.062653
-0.058624
-0.044037
-0.020813
0.001709
0.015289
0.022461
0.026978
0.028748
0.020996
0.0075073
-0.010071
-0.025909
-0.031097
-0.033875
-0.038574
-0.033539
-0.024597
-0.01358
0.0010071
0.0053711
0.0049438
0.012848
0.014496
0.01178
0.013367
0.0089417
0.006012
0.01239
0.012634
0.0092773
0.0098572
0.0079346
0.010162
0.015961
0.014923
0.013733
0.012878
0.012115
0.015778
0.015533
0.0078735
0.002533
-9.1553e-05
-0.0032349
-0.0080261
-0.011688
-0.015747
-0.017609
-0.010101
-0.0024719
-0.0012207
0.0051575
0.014771
0.015411
0.010223
0.0033569
-0.004425
-0.014771
-0.02243
-0.029541
-0.027893
-0.019287
-0.030029
-0.037079
-0.081635
-0.091614
-0.06601
-0.068665
-0.061584
-0.0090332
0.020569
0.073242
0.13358
0.15475
0.13876
0.14368
0.12219
0.08371
0.053162
0.0016479
-0.042389
-0.052979
-0.056702
-0.055054
-0.041107
-0.02475
-0.0061951
0.019531
0.02536
0.01416
0.0047607
-0.0087891
-0.021027
-0.034821
-0.051208
-0.058197
-0.049225
-0.037476
-0.026215
-0.012543
-0.00030518
0.012115
0.021149
0.025146
0.023651
0.017242
0.010071
0.0045471
-0.006073
-0.018433
-0.024261
-0.033325
-0.037323
-0.031403
-0.024536
-0.016388
-0.0021667
0.0083923
0.015259
0.026001
0.03009
0.026093
0.023804
0.017761
0.0090332
0.0061951
0.0048523
0.0027466
0.004425
0.0060425
0.0087585
0.0098267
0.01001
0.0098877
0.0088501
0.0020142
-0.00082397
0.00012207
-0.001709
-0.004364
-0.0081177
-0.011719
-0.010498
-0.006958
-0.012665
-0.015564
-0.012909
-0.0081177
-0.00064087
0.00030518
-0.0055237
0.0046692
0.016296
0.013397
-0.00079346
-0.031128
-0.074158
-0.076263
-0.077545
-0.097931
-0.079559
-0.035004
0.0015564
0.061127
0.11475
0.13019
0.14697
0.15509
0.13168
0.10428
0.068573
0.019989
-0.011688
-0.035645
-0.060303
-0.066589
-0.062347
-0.057434
-0.043091
-0.028137
-0.020111
-0.0079956
0.0043945
0.0068054
0.0095215
0.0054321
-0.0030823
-0.0051575
-0.013977
-0.029785
-0.03418
-0.035858
-0.034607
-0.024414
-0.017334
-0.0088806
0.0088806
0.019257
0.025574
0.027985
0.017365
0.010345
0.0069275
-0.0055542
-0.014221
-0.015625
-0.019043
-0.017731
-0.0086365
-0.0030823
0.0038147
0.01239
0.017517
0.022949
0.026184
0.020813
0.015015
0.010651
0.0059509
0.0049438
0.0040283
-0.00177
-0.0063171
-0.0079346
-0.011475
-0.011993
-0.011536
-0.012665
-0.011444
-0.0092468
-0.0090332
-0.0070496
-0.003479
-0.004303
-0.0049744
-0.0033875
-0.003479
-0.0068054
0.0012207
0.0083008
0.0083618
0.014984
0.022614
0.0080261
-0.026733
-0.048279
-0.055511
-0.074768
-0.087524
-0.080078
-0.052826
-0.017822
0.022705
0.062469
0.098724
0.12509
0.1344
0.13635
0.13013
0.10718
0.074219
0.041351
0.011353
-0.0098572
-0.031525
-0.053619
-0.064697
-0.064667
-0.063171
-0.057953
-0.050934
-0.039948
-0.024048
-0.012207
-0.0075073
-0.0023193
-9.1553e-05
-0.0017395
-0.0077515
-0.015076
-0.019806
-0.019135
-0.016449
-0.015747
-0.0097046
-0.0054626
-0.0068054
3.0518e-05
0.0026245
-0.0026245
0.001709
0.0038147
-3.0518e-05
0.0036316
0.0063782
0.007782
0.013397
0.017456
0.017151
0.018036
0.014252
0.010712
0.0092468
0.0046082
0.0014648
0.0021973
0.0040894
0.0080261
0.0099487
0.0090637
0.0091248
0.0093689
0.0057373
0.00061035
-0.0055542
-0.0099792
-0.014435
-0.021912
-0.021393
-0.019897
-0.022949
-0.021942
-0.023651
-0.028717
-0.018646
-0.011688
-0.0068054
0.0044556
0.011353
0.019318
0.024139
-0.017487
-0.018921
-0.016418
-0.051849
-0.060608
-0.042511
-0.044189
-0.016235
0.013977
0.034149
0.071747
0.096344
0.097015
0.11386
0.11441
0.095612
0.085388
0.060577
0.033875
0.021851
-0.0059509
-0.029938
-0.038788
-0.056671
-0.069977
-0.068176
-0.072845
-0.067017
-0.052399
-0.045074
-0.029755
-0.01239
-0.002533
0.007782
0.012665
0.01239
0.013794
0.0095825
0.0026855
-0.0057068
-0.011505
-0.01532
-0.019775
-0.022583
-0.018036
-0.014923
-0.013489
-0.010376
-0.0036011
0.0019836
0.0061646
0.0099182
0.016296
0.022125
0.02597
0.026001
0.023895
0.018829
0.018158
0.015137
0.0058594
0.0011292
0.0023499
0.0037537
0.0049744
0.0060425
0.0065613
0.0083618
0.0067444
0.0036011
0.00354
0
-0.0085754
-0.015015
-0.017242
-0.017059
-0.024628
-0.027649
-0.024261
-0.025391
-0.024597
-0.020325
-0.015961
-0.0085144
-0.023346
-0.027466
-0.013184
-0.025696
-0.035461
-0.022278
-0.022644
-0.01236
0.0074768
0.014984
0.036316
0.060394
0.06665
0.082642
0.094971
0.086914
0.08606
0.078308
0.057129
0.047394
0.032043
0.009613
-0.002655
-0.019745
-0.036499
-0.045319
-0.058563
-0.066376
-0.064667
-0.068237
-0.064667
-0.052246
-0.044403
-0.034088
-0.021179
-0.010193
0.0047607
0.01062
0.010406
0.017151
0.019073
0.013458
0.014221
0.013153
0.0088806
0.0085754
0.0066833
0.0029907
0.0021667
-0.0013733
-0.0049133
-0.0046082
-0.0060425
-0.0062561
-0.0030823
-0.00057983
0.0029297
0.0066833
0.008606
0.010437
0.010529
0.0072937
0.0071716
0.0061035
0.0027466
0.0015564
0.00064087
-0.0024414
-0.0037842
-0.0042419
-0.0048523
-0.0054932
-0.0052795
-0.006134
-0.004425
-0.0021362
-0.0040283
-0.0061951
-0.0043335
-0.0051575
-0.0058594
-0.0050354
-0.0050659
-0.0099182
-0.010498
-0.0075989
-0.011841
-0.01532
-0.013214
-0.012268
-0.0076904
-0.0024719
0.0005188
0.0079651
0.016296
0.021088
0.027802
0.033539
0.037598
0.043854
0.045502
0.0448
0.043701
0.03772
0.028137
0.018158
0.0053101
-0.0068665
-0.017303
-0.030243
-0.040009
-0.040985
-0.039642
-0.037994
-0.036041
-0.034088
-0.02655
-0.018372
-0.015076
-0.010742
-0.0046387
0.0014954
0.0074158
0.011383
0.014709
0.017273
0.01828
0.016632
0.012939
0.0084534
0.0029907
-0.0013428
-0.0050659
-0.0083923
-0.0080261
-0.0072021
-0.0082397
-0.0073547
-0.0056152
-0.0061646
-0.006073
-0.0058899
-0.0048523
-0.0030518
-0.0018311
-9.1553e-05
0.0028687
0.0047913
0.0057983
0.0059204
0.0050049
0.0039978
0.0024414
0.0015869
0.00015259
-0.0014343
-0.0021973
-0.0029297
-0.002594
0.0005188
0.0021667
0.0015869
0.002655
0.0040588
0.0045776
0.0045471
0.0020142
0.00024414
0.0015564
0.00045776
0.00024414
0.00091553
0.00021362
0.00079346
0.00094604
-0.00073242
0.00048828
0.0022888
0.0038147
0.0066528
0.0085754
0.010162
0.011993
0.012146
0.010498
0.0091248
0.0074463
0.006012
0.0041199
0.0019531
-0.0007019
-0.0046997
-0.0068665
-0.0080872
-0.0092468
-0.0097656
-0.010468
-0.010345
-0.0083923
-0.0072937
-0.007782
-0.0083923
