0.0021362
-0.0073242
-0.016754
-0.024963
-0.03186
-0.036774
-0.038788
-0.037567
-0.033661
-0.028229
-0.022064
-0.016296
-0.010223
-0.0046082
-0.00012207
0.0036926
0.0067749
0.0084534
0.0081787
0.0059814
0.0028076
0.00054932
-0.00094604
-0.0022278
-0.00354
-0.0044556
-0.0054321
-0.0071411
-0.0079651
-0.0076599
-0.0060425
-0.0039978
-0.0019226
0.00015259
0.0021057
0.0038757
0.0054321
0.006897
0.0081787
0.0091248
0.0090942
0.0083313
0.007019
0.0065918
0.0075073
0.0088196
0.01001
0.010864
0.0112
0.010742
0.0098877
0.008606
0.0075989
0.0063477
0.0038147
0.00030518
-0.0024719
-0.0049438
-0.0078125
-0.0091858
-0.0088501
-0.0075073
-0.0067749
-0.0062256
-0.0050964
-0.0039673
-0.0031128
-0.0023193
-0.0012207
-0.0011902
-0.0012817
-0.0015869
-0.0024414
-0.0027466
-0.0029602
-0.0027771
-0.0030212
-0.0043945
-0.0063477
-0.007782
-0.0090027
-0.0092468
-0.0084534
-0.0073242
-0.0054626
-0.0028992
0
0.0012817
-0.00039673
-0.0058594
-0.014374
-0.023315
-0.028656
-0.028625
-0.022949
-0.012299
0.00012207
0.012207
0.024475
0.037628
0.050354
0.061798
0.068237
0.068146
0.063202
0.053223
0.041168
0.027832
0.013763
0.00012207
-0.013336
-0.026062
-0.03775
-0.045837
-0.049377
-0.048279
-0.04364
-0.038025
-0.031738
-0.024261
-0.01593
-0.0079041
-0.00024414
0.006134
0.010834
0.013123
0.01181
0.0083313
0.0039368
-0.00024414
-0.0039062
-0.0072327
-0.01001
-0.011383
-0.012451
-0.013519
-0.012726
-0.010345
-0.0068054
-0.0033569
-0.00054932
0.0021362
0.0047607
0.0069275
0.0076904
0.007843
0.0075378
0.0067139
0.0055542
0.0053101
0.0067444
0.009552
0.012482
0.015106
0.015991
0.015442
0.016022
0.016693
0.015808
0.012634
0.0083923
0.004303
0.00048828
-0.0032349
-0.0067139
-0.0092468
-0.011658
-0.013977
-0.015259
-0.015808
-0.015411
-0.014008
-0.011139
-0.0074768
-0.004425
-0.0022888
-0.00045776
0.0011902
0.0019836
0.0025635
0.0030823
0.0024109
0.0010071
-0.00033569
-0.0014038
-0.0011597
-0.0010071
-0.0027466
-0.0050354
-0.0065918
-0.0073853
-0.0062561
-0.0039978
-0.0013123
0.0012207
0.0032349
0.0046082
0.0035095
-0.00024414
-0.0068359
-0.016449
-0.026703
-0.033691
-0.034729
-0.029297
-0.018219
-0.0045471
0.0099487
0.026794
0.044922
0.061127
0.073486
0.080536
0.080444
0.073792
0.061646
0.045868
0.028137
0.0088501
-0.0096741
-0.026123
-0.040222
-0.051453
-0.058044
-0.059143
-0.055176
-0.046936
-0.037201
-0.026703
-0.016724
-0.0069275
0.0017395
0.0072021
0.010101
0.01001
0.0079346
0.0039978
-0.0012817
-0.0058899
-0.0097656
-0.013214
-0.015991
-0.018494
-0.019562
-0.017944
-0.013977
-0.0089111
-0.0049438
-0.0016479
0.0020142
0.0049133
0.0075378
0.010742
0.013062
0.012787
0.010223
0.006134
0.0024414
0.0021973
0.0047607
0.007782
0.010712
0.013062
0.01535
0.018951
0.023163
0.025726
0.025574
0.022125
0.016205
0.01059
0.0057068
0.0011597
-0.0030823
-0.0080566
-0.013245
-0.016632
-0.017639
-0.016815
-0.013733
-0.011414
-0.011261
-0.012024
-0.011383
-0.006958
-0.0015869
0.0015564
0.0022888
0.0014038
-0.0014343
-0.0038147
-0.004425
-0.0045776
-0.0038452
-0.005188
-0.0075378
-0.0073547
-0.0071411
-0.0068665
-0.0025635
-0.00042725
-0.0007019
0.0020447
-0.0028381
-0.013977
-0.02652
-0.050781
-0.068176
-0.063507
-0.05127
-0.024628
0.011841
0.033447
0.055023
0.083954
0.10333
0.11902
0.1265
0.1102
0.087036
0.062714
0.030426
0.0057983
-0.015228
-0.041595
-0.057709
-0.067261
-0.076233
-0.071381
-0.058594
-0.046631
-0.029694
-0.015564
-0.006073
0.0059509
0.014526
0.018066
0.017731
0.010681
0.0010986
-0.0069885
-0.015869
-0.021942
-0.025269
-0.028015
-0.027588
-0.023712
-0.017578
-0.0088196
-0.0019836
0.0021362
0.0057678
0.0065308
0.0059204
0.0052185
0.0033264
0.00012207
-0.0033875
-0.0073853
-0.010956
-0.01178
-0.0091553
-0.0048218
0.0005188
0.0072327
0.014374
0.02179
0.028473
0.033142
0.035461
0.034668
0.031525
0.026825
0.02121
0.015076
0.007843
0.0014648
-0.003418
-0.0066223
-0.0071716
-0.0069275
-0.0071411
-0.0065308
-0.0071411
-0.0088196
-0.0092163
-0.0085449
-0.0070801
-0.0055237
-0.0074158
-0.0089417
-0.0079346
-0.0071106
-0.0067749
-0.0075378
-0.0092773
-0.011078
-0.012085
-0.0099487
-0.0071411
-0.0029907
0.0039062
-0.0026245
-0.013397
-0.013519
-0.025574
-0.033661
-0.037933
-0.084473
-0.11697
-0.095886
-0.06842
-0.0080566
0.063202
0.080933
0.10455
0.14023
0.15024
0.16925
0.16794
0.11603
0.066925
0.020294
-0.026367
-0.0401
-0.052704
-0.076477
-0.080963
-0.077118
-0.064423
-0.031647
-0.00354
0.011658
0.016998
0.010254
0.0052185
0.0039673
-0.00097656
-0.0090637
-0.026947
-0.046844
-0.054016
-0.052307
-0.041351
-0.022064
-0.0094604
-0.0024109
0.0065613
0.014832
0.024841
0.033966
0.031403
0.019043
0.0019226
-0.013489
-0.020355
-0.025055
-0.02774
-0.026794
-0.02594
-0.021118
-0.012146
-0.0031128
0.0078735
0.014587
0.01474
0.016754
0.017242
0.016815
0.019257
0.018311
0.018311
0.021179
0.020721
0.019501
0.019409
0.018829
0.019318
0.018372
0.016632
0.015808
0.012756
0.0089417
0.0040894
-0.0024719
-0.0076599
-0.014099
-0.021454
-0.025208
-0.025696
-0.02475
-0.02179
-0.016205
-0.0093689
-0.00177
0.0026245
0.0034485
0.0028381
-0.0015564
0.00024414
0.0047302
0.00012207
-0.0078125
-0.017029
-0.022614
-0.027649
-0.039856
-0.059387
-0.13028
-0.17764
-0.1366
-0.075958
0.0079041
0.10208
0.1214
0.14481
0.18442
0.19391
0.20328
0.17429
0.083191
0.0073242
-0.045135
-0.075165
-0.071198
-0.06842
-0.065979
-0.055389
-0.026215
0.016174
0.049133
0.067261
0.06366
0.023163
-0.011078
-0.031738
-0.05011
-0.060944
-0.073944
-0.090027
-0.089264
-0.07132
-0.03894
-0.0018616
0.023285
0.035522
0.035095
0.03476
0.036255
0.030396
0.018036
-0.0063477
-0.038849
-0.05072
-0.046448
-0.035522
-0.020935
-0.014709
-0.0094604
0.003479
0.016083
0.029266
0.03186
0.016907
0.0032043
-0.0043945
-0.004303
0.0013428
0.0025635
0.00024414
-0.00027466
0.0055237
0.018768
0.029785
0.03363
0.028656
0.020203
0.017578
0.022644
0.02652
0.0242
0.013428
0.0013428
-0.0044556
-0.0025024
-0.0039062
-0.0096741
-0.011505
-0.015747
-0.018036
-0.014862
-0.0065613
-0.001709
-0.0019226
-0.00091553
-0.0049438
-0.0074768
-0.009613
-0.018707
-0.021088
-0.030426
-0.038574
-0.038696
-0.042114
-0.052032
-0.14728
-0.20865
-0.14304
-0.068542
0.035522
0.14877
0.15829
0.17734
0.20413
0.21307
0.2131
0.14975
0.038208
-0.063812
-0.10529
-0.092926
-0.083618
-0.06369
-0.042236
-0.034027
0.021729
0.075256
0.10303
0.0961
0.042847
-0.02713
-0.077026
-0.08844
-0.078125
-0.08847
-0.091614
-0.082062
-0.064575
-0.0098572
0.041016
0.070221
0.077301
0.060364
0.035828
0.018097
0.0046387
-0.012909
-0.046204
-0.068542
-0.068268
-0.059357
-0.036255
-0.012665
-0.0014038
0.0074158
0.021973
0.030548
0.034576
0.02597
0.00094604
-0.019897
-0.020721
-0.016449
-0.0085449
0.003418
0.0042725
0.0027161
0.016785
0.038727
0.047119
0.04184
0.027161
0.013428
0.010437
0.01358
0.0087585
-0.00076294
-0.0086365
-0.013519
-0.0076904
0.006134
0.0037231
-0.0078735
-0.01297
-0.013062
-0.0038757
0.0068359
0.0076599
0.0079041
0.012146
0.014496
0.017273
0.011688
-0.00085449
-0.016144
-0.042511
-0.043793
-0.028015
-0.046875
-0.052429
-0.1702
-0.27856
-0.19724
-0.088898
0.020142
0.151
0.17429
0.16748
0.20288
0.24484
0.23663
0.1492
0.023193
-0.11426
-0.12228
-0.066193
-0.045135
-0.030273
-0.021484
-0.0096436
0.05246
0.12549
0.15015
0.087341
-0.0013733
-0.072479
-0.11923
-0.10522
-0.093231
-0.10526
-0.11554
-0.086334
-0.031708
0.028503
0.079224
0.085724
0.050385
0.027588
0.011322
0.0010376
-0.0096741
-0.036163
-0.059601
-0.062103
-0.033295
-0.0080872
0.0093689
0.016266
0.011719
0.0037231
0.012207
0.015137
0.0021057
-0.017822
-0.028687
-0.031586
-0.020905
-0.00015259
0.0068054
0.010956
0.017334
0.020874
0.027893
0.036896
0.033051
0.022003
0.016663
0.016174
0.011749
0.0087585
0.0057373
-6.1035e-05
-0.0022278
-0.0023499
-0.0053711
-0.0063171
-0.0046692
-0.006958
-0.0080566
-0.0028687
0.0067749
0.018555
0.021332
0.015442
0.015137
0.0055237
-0.0065308
-0.018372
-0.042847
-0.05072
-0.052826
-0.04364
-0.088196
-0.27505
-0.26923
-0.14557
-0.030212
0.11218
0.21021
0.18396
0.2106
0.27142
0.27261
0.18356
0.055115
-0.10577
-0.17975
-0.096405
-0.054016
-0.043243
-0.03479
0.0027466
0.055908
0.14542
0.17691
0.097382
-0.018768
-0.082672
-0.12265
-0.11914
-0.11008
-0.12558
-0.12891
-0.079956
0.006897
0.058258
0.085724
0.072754
0.03714
0.023682
0.025269
-0.0042114
-0.039886
-0.060913
-0.068176
-0.051941
-0.0080261
0.011719
0.0079651
0.01709
0.025818
0.028046
0.028625
0.014709
-0.024902
-0.035156
-0.0224
-0.0083313
0.0024414
0.0063782
0.00045776
0.011627
0.032318
0.034088
0.020752
0.014069
0.014252
0.022034
0.035889
0.033783
0.0080872
-0.015045
-0.018738
-0.016174
-0.010803
-0.019379
-0.03537
-0.029266
-0.012085
-0.0059814
-0.0077209
-0.0046082
0.0040894
0.02536
0.047699
0.052673
0.035645
0.026001
0.01828
-0.0063477
-0.038422
-0.056244
-0.11493
-0.3139
-0.3331
-0.18613
-0.083496
0.036255
0.17017
0.17975
0.22958
0.33731
0.32932
0.20343
0.069366
-0.074158
-0.15479
-0.06781
-0.041748
-0.092316
-0.098358
-0.015137
0.078308
0.17615
0.18759
0.083221
-0.021576
-0.040131
-0.055511
-0.094879
-0.12854
-0.17395
-0.17987
-0.092712
0.0095825
0.027527
0.031494
0.034119
0.042633
0.07074
0.076965
0.020538
-0.048126
-0.067932
-0.055176
-0.029663
-0.0046997
-0.0083008
-0.02475
-0.0083923
0.014313
0.022125
0.016571
0.0043335
-0.003418
0.0042725
0.014374
0.0076599
-6.1035e-05
0.010345
0.025482
0.03064
0.027222
0.0093994
-0.002594
0.012756
0.039215
0.043671
0.026215
0.0064697
-0.00082397
0.0075073
0.015778
-0.0027161
-0.034454
-0.053619
-0.053711
-0.038055
-0.021606
-0.028717
-0.04892
-0.0354
0.012299
0.043427
0.049011
0.038513
0.015411
-0.0012207
0.0097961
0.030334
-0.089294
-0.34329
-0.30273
-0.18338
-0.098663
0.042267
0.13937
0.11737
0.25485
0.40335
0.36111
0.21924
0.087769
-0.074432
-0.10028
-0.033905
-0.11246
-0.19019
-0.14706
-0.02774
0.081543
0.18427
0.15112
0.055359
0.038483
0.05957
-0.0014954
-0.081207
-0.1561
-0.19812
-0.15912
-0.063324
-0.033661
-0.040253
-0.015198
0.022308
0.068726
0.098022
0.061035
-0.0079651
-0.021393
-0.0036926
-0.015015
-0.037964
-0.06485
-0.078766
-0.046326
0.0026245
0.014679
-0.0033875
-0.00045776
0.013397
0.031433
0.048431
0.03833
0.012665
0.010132
0.015106
0.016296
0.020538
0.025482
0.0097656
0.010193
0.023041
0.029053
0.038513
0.042023
0.024506
0.011658
0.010956
0.0016479
-0.0064697
-0.012238
-0.040161
-0.065002
-0.049103
-0.033203
-0.028015
-0.023438
-0.018738
-0.0050659
0.011871
0.0092468
0.0014038
0.005127
0.036438
-0.1467
-0.30133
-0.1738
-0.15994
-0.15237
0.0014038
0.049988
0.080261
0.29593
0.37924
0.27731
0.22949
0.16962
0.033203
0.054199
-0.006134
-0.16446
-0.18616
-0.098114
-0.06366
0.0044861
0.06012
0.024994
0.057404
0.13367
0.085144
-0.0063477
-0.059784
-0.10025
-0.10483
-0.085449
-0.10913
-0.14429
-0.091248
-0.026825
0.015686
0.039398
0.038086
0.033905
0.07077
0.088287
0.047119
0.00012207
-0.02829
-0.047485
-0.045227
-0.050934
-0.075287
-0.079224
-0.043732
-0.0040588
0.027069
0.043884
0.045013
0.052277
0.062042
0.053619
0.030304
0.0072632
-0.0018005
-0.0016479
-0.0050964
-0.0028687
0.0031433
0.01532
0.022552
0.026672
0.024963
0.024841
0.026794
0.020447
0.0064697
-0.0097351
-0.030548
-0.040588
-0.0354
-0.031158
-0.041931
-0.039429
-0.021362
-0.0079956
-0.013763
0.024506
-0.0039673
-0.23175
-0.17728
-0.093597
-0.1626
-0.089172
0.011627
-0.029327
0.12885
0.27914
0.23038
0.20435
0.25134
0.1311
0.1218
0.13016
-0.027771
-0.093628
-0.062347
-0.10608
-0.11032
-0.04953
-0.071777
-0.035004
0.059143
0.040649
0.020844
0.053864
0.024536
0.0024414
-0.011963
-0.078156
-0.12146
-0.082062
-0.076385
-0.075897
-0.04303
-0.026062
0.0014648
0.059113
0.070038
0.047241
0.043884
0.017334
-0.0047302
0.0073853
-0.021973
-0.053253
-0.043671
-0.034241
-0.020416
0.0079346
0.0085449
0.00067139
0.013641
0.018463
0.031128
0.047211
0.042877
0.036041
0.034607
0.016693
0.0047302
0.0065002
-0.0046692
-0.0088196
-0.0042725
-0.016571
-0.021393
-0.0094604
-0.0083313
-0.0030212
0.0046387
0.0032654
0.0053406
0.013519
-0.0016174
-0.026184
-0.03775
-0.021332
-0.024475
-0.22296
-0.21024
-0.10712
-0.15677
-0.095703
0.014893
-0.018341
0.096252
0.23199
0.21829
0.20959
0.25574
0.14227
0.14575
0.16425
0.024933
-0.030243
-0.026184
-0.099182
-0.093689
-0.048157
-0.090942
-0.055176
0.01239
-0.024841
-0.01535
0.023041
-0.010071
0.0015564
0.013367
-0.045197
-0.055206
-0.032867
-0.066101
-0.064575
-0.044678
-0.066467
-0.048309
-0.013611
-0.0091248
0.021606
0.044098
0.027435
0.034943
0.045746
0.029907
0.029694
0.018921
-0.01181
-0.014801
-0.014709
-0.02829
-0.015137
-0.0059509
-0.0021362
0.026062
0.034973
0.019348
0.025848
0.032623
0.018036
0.019653
0.019653
0.0031738
0.0039368
0.0065613
-0.00042725
-0.0046692
-0.006012
-0.015869
-0.018646
-0.018066
-0.02832
-0.036377
-0.02478
-0.027954
-0.0077515
-0.012329
-0.16766
-0.1142
-0.07666
-0.15884
-0.10788
-0.059143
-0.07782
0.048279
0.12582
0.12009
0.19266
0.23364
0.1691
0.23141
0.2016
0.10046
0.097473
0.046967
-0.03241
-0.010742
-0.051605
-0.099884
-0.065796
-0.081787
-0.10965
-0.058838
-0.065765
-0.066681
-0.020142
-0.043488
-0.033875
0.01355
-0.0091553
-0.023529
-0.0065613
-0.037354
-0.029114
-0.0088806
-0.043915
-0.046082
-0.020447
-0.016693
0.004303
0.021637
0.01001
0.031189
0.052124
0.036926
0.025452
0.015381
0.0039978
0.01239
0.011017
-0.0020142
0.0055847
0.014771
0.013184
0.022125
0.018066
0.01651
0.029266
0.021759
0.0084229
0.01123
0.0028687
-0.013275
-0.012268
-0.012726
-0.011444
-0.016907
-0.019836
-0.026489
-0.027161
-0.018463
0.00042725
-0.0029602
-0.093414
-0.11356
-0.084412
-0.11633
-0.11511
-0.1033
-0.11661
-0.044556
0.043732
0.077301
0.12723
0.15582
0.14868
0.19977
0.22116
0.18109
0.14844
0.10089
0.053101
0.041962
0.0068359
-0.040161
-0.054993
-0.066162
-0.075256
-0.069214
-0.087402
-0.084686
-0.055267
-0.060577
-0.064301
-0.045715
-0.032043
-0.016541
-0.0081787
-0.016022
-0.01059
-0.0037537
-0.0047913
-0.0081177
-0.0093384
-0.014771
-0.015503
-0.016357
-0.010956
-0.0068359
-0.013519
-0.012817
-0.00045776
0.0058594
0.019196
0.022186
0.0087585
0.012054
0.027802
0.034393
0.030151
0.014465
0.0070801
0.025818
0.034241
0.020081
0.0054321
0.0010071
0.0082397
0.018036
0.010193
-0.003418
-0.00177
-0.0046997
-0.0079346
-0.0087891
-0.02243
-0.031982
-0.02179
-0.018646
-0.026611
-0.041748
-0.050232
-0.04776
-0.048035
-0.058899
-0.062073
-0.046265
-0.033569
-0.013794
0.016022
0.045654
0.065857
0.080017
0.08255
0.095184
0.1116
0.1123
0.099487
0.08432
0.069397
0.065674
0.061188
0.0466
0.016418
-0.020172
-0.044037
-0.057892
-0.078033
-0.099457
-0.108
-0.10721
-0.092194
-0.079651
-0.07132
-0.050842
-0.029083
-0.021637
-0.0069275
0.0053101
0.009491
0.022095
0.038727
0.032104
0.024323
0.026459
0.017303
0.0058594
0.0062561
0.0085754
0.0065613
0.0091553
0.014496
0.014557
0.014557
0.00054932
-0.0084839
0.00015259
0.0048523
-0.014923
-0.023254
-0.014282
0.0018005
0.015045
0.012604
0.0054016
0.014557
0.022308
0.013336
-0.0012207
-0.011047
-0.015045
-0.010986
-0.015839
-0.01474
-0.0020447
-0.0011902
0.0007019
-0.0019226
-0.004425
-0.0066528
-0.012573
-0.021637
-0.026215
-0.015747
-0.0058289
-0.0032043
0.0085144
0.018311
0.024109
0.027832
0.028778
0.023376
0.018188
0.020081
0.028992
0.034058
0.027893
0.019623
0.025879
0.037354
0.039398
0.029327
0.018829
0.010803
0.0042114
-0.0054932
-0.021088
-0.036469
-0.045685
-0.044312
-0.04776
-0.057434
-0.061249
-0.057556
-0.046478
-0.035217
-0.029022
-0.026611
-0.012695
0.0091553
0.02243
0.023682
0.014313
0.007019
0.018311
0.030121
0.025146
0.014557
0.010315
0.01532
0.022858
0.022308
0.011383
0.0020447
0.00027466
-0.00177
0.00018311
-0.0045471
-0.011261
-0.0062256
-0.0030518
-0.0016479
-0.0014038
-0.010376
-0.013794
-0.0081177
-0.010437
-0.01059
-0.010498
-0.0098572
0.0021057
0.013214
0.0046082
-0.0024414
0.0065308
0.013885
0.019226
0.01358
-0.00082397
-0.006073
-6.1035e-05
-0.00061035
-0.007782
-0.011475
-0.008728
-0.0038757
0.0065002
0.0093994
0.0081787
0.0076294
0.011169
0.01535
0.021149
0.019684
0.020233
0.018707
0.02243
0.024475
0.022736
0.013611
0.0092163
0.0030823
-0.0064392
-0.008606
-0.0076599
-0.016296
-0.021881
-0.027924
-0.029022
-0.026886
-0.031097
-0.041718
-0.043213
-0.038422
-0.031128
-0.022461
-0.014679
-0.0059814
0.0046692
0.010681
0.015472
0.022125
0.025055
0.025177
0.02948
0.026611
0.019043
0.018036
0.022461
0.018616
0.010071
0.002533
-0.0043945
-0.0065002
-0.0074158
