0.0036316
0.0039978
0.0038147
0.0025635
0.00033569
-0.0023499
-0.0057678
-0.0094299
-0.01236
-0.014069
-0.013947
-0.013092
-0.010986
-0.0065308
-0.0010376
0.0055237
0.012207
0.018738
0.024353
0.028076
0.029663
0.029297
0.027161
0.022614
0.016754
0.010101
0.0024109
-0.0053101
-0.012177
-0.017853
-0.021637
-0.023621
-0.023682
-0.021667
-0.018402
-0.013977
-0.0089722
-0.0037231
0.0011597
0.0047607
0.0076294
0.0087891
0.0088806
0.0085754
0.0068054
0.0034485
0.00030518
-0.0029297
-0.006012
-0.0084534
-0.010986
-0.012665
-0.013916
-0.014526
-0.013824
-0.012329
-0.010223
-0.0073853
-0.0028076
0.0021973
0.0068054
0.011444
0.016052
0.019318
0.021545
0.022919
0.022583
0.021179
0.018646
0.014771
0.010712
0.0068054
0.0020142
-0.0024719
-0.0058289
-0.0082703
-0.0097351
-0.010925
-0.012207
-0.012787
-0.012482
-0.011597
-0.009491
-0.0066223
-0.0044861
-0.0031433
-0.0023804
-0.0019836
-0.0014648
-0.0010071
-0.00094604
-0.0024414
-0.0053101
-0.0091858
-0.013184
-0.014801
-0.016327
-0.022614
-0.031372
-0.040924
-0.051239
-0.051086
-0.037384
-0.019226
0.0042114
0.028503
0.045563
0.064758
0.08606
0.097778
0.10309
0.099365
0.079529
0.056793
0.036072
0.011139
-0.0091248
-0.026062
-0.046173
-0.058075
-0.059753
-0.057373
-0.047089
-0.033478
-0.023285
-0.011108
0.00030518
0.0071411
0.014008
0.017609
0.014496
0.0076904
-0.0022888
-0.012573
-0.018768
-0.02301
-0.025421
-0.025299
-0.024658
-0.021057
-0.013702
-0.0058594
0.0025024
0.010193
0.013611
0.014008
0.012817
0.010284
0.0079041
0.0045166
-0.00091553
-0.0073242
-0.012695
-0.015778
-0.01413
-0.0096741
-0.0047913
0.0010986
0.006134
0.010193
0.015381
0.021057
0.024628
0.024261
0.019623
0.012085
0.0040283
-0.0014343
-0.0041504
-0.006897
-0.010681
-0.016266
-0.021576
-0.020782
-0.015106
-0.0074768
0.0015869
0.0079651
0.011139
0.016571
0.02298
0.026245
0.026733
0.022278
0.013092
0.0050659
-0.0015564
-0.0072021
-0.010132
-0.012207
-0.013184
-0.0099487
-0.0041504
0.00082397
0.0049133
0.0072632
0.0064087
0.004303
0.0012817
-0.0033569
-0.0090332
-0.014343
-0.017303
-0.015656
-0.011993
-0.010223
-0.0074768
-0.0064697
-0.007782
-0.0039062
0.0005188
0.00067139
0.0030823
0.0050964
0.00015259
-0.00024414
0.0048218
-0.00030518
-0.0072632
-0.009552
-0.026489
-0.04837
-0.060425
-0.078339
-0.080444
-0.051636
-0.021027
0.01828
0.06662
0.094513
0.11691
0.13931
0.13913
0.12808
0.10464
0.060089
0.017914
-0.019501
-0.051636
-0.068024
-0.077789
-0.079224
-0.067322
-0.05072
-0.025116
0.0053101
0.02417
0.034363
0.035248
0.023529
0.010864
-0.0035095
-0.023712
-0.042114
-0.057739
-0.06839
-0.06723
-0.055389
-0.036407
-0.014282
0.0060425
0.023132
0.035339
0.042297
0.045197
0.039612
0.025635
0.0094299
-0.0083313
-0.023407
-0.031738
-0.035522
-0.0336
-0.025299
-0.013977
0.00054932
0.01709
0.032074
0.041412
0.043243
0.039581
0.029327
0.015594
0.0010071
-0.016937
-0.032104
-0.039825
-0.041687
-0.032654
-0.01535
0.0017395
0.019165
0.034637
0.044586
0.050446
0.04895
0.039001
0.023376
0.0059204
-0.0086365
-0.018799
-0.022705
-0.021759
-0.020081
-0.014282
-0.0038147
0.0061035
0.013092
0.013184
0.0076294
0.00177
-0.0041504
-0.008728
-0.013763
-0.025574
-0.035126
-0.034851
-0.0289
-0.014191
-0.0025024
-0.0084839
-0.021729
-0.034607
-0.037506
-0.027771
-0.02359
-0.032684
-0.058533
-0.082153
-0.063873
-0.014709
0.043213
0.099457
0.12161
0.12299
0.12982
0.13153
0.12473
0.099915
0.048096
-0.010162
-0.055573
-0.07312
-0.0672
-0.054626
-0.037476
-0.022339
-0.006073
0.022797
0.050507
0.061768
0.051636
0.019257
-0.020538
-0.052368
-0.068146
-0.072357
-0.076477
-0.077148
-0.07016
-0.053711
-0.020874
0.016296
0.041687
0.051575
0.047668
0.036133
0.022034
0.0094604
-0.0054321
-0.027222
-0.045624
-0.054382
-0.053619
-0.037903
-0.016724
0.00082397
0.019287
0.035248
0.044067
0.047058
0.040253
0.023987
0.0054932
-0.010986
-0.023651
-0.032623
-0.036163
-0.029297
-0.017029
-0.0010071
0.019165
0.026123
0.030518
0.04718
0.054657
0.052246
0.050903
0.033264
0.012543
0.0068359
0.004364
-0.0079346
-0.020691
-0.028259
-0.031006
-0.018646
0.0025635
0.0086365
0.0033264
-0.0022888
-0.0020752
0.0089417
0.01181
-0.0038452
-0.027527
-0.049896
-0.048737
-0.02121
-0.0064392
-0.019348
-0.038361
-0.05835
-0.072021
-0.045898
-0.027771
-0.087952
-0.14352
-0.11276
-0.053314
0.046936
0.16736
0.19876
0.17029
0.1633
0.16858
0.1539
0.11478
0.039764
-0.070282
-0.1377
-0.1214
-0.081635
-0.044006
-0.0066833
0.015411
0.034027
0.073425
0.11557
0.10718
0.051727
-0.013611
-0.081207
-0.12308
-0.11859
-0.10291
-0.096924
-0.085999
-0.054047
-0.0076599
0.045593
0.093353
0.10257
0.075165
0.040985
0.0094299
-0.020905
-0.041107
-0.056824
-0.077393
-0.087036
-0.063782
-0.026459
0.0065918
0.03595
0.04776
0.043549
0.039734
0.04068
0.028412
0.0015259
-0.023956
-0.04657
-0.056366
-0.041199
-0.022675
-0.0085449
0.002594
0.014954
0.034393
0.049164
0.05304
0.037659
-0.0074463
-0.030823
-0.012695
0.01181
0.035919
0.053467
0.042145
0.033051
0.044617
0.047943
0.024109
-0.007019
-0.032471
-0.039307
-0.020203
0.00030518
0.0016479
-0.0019531
-0.00061035
-0.00045776
0.0048523
-0.00079346
-0.024689
-0.040527
-0.043182
-0.030701
-0.028137
-0.054535
-0.07962
-0.10645
-0.082458
-0.17581
-0.24625
-0.13715
-0.045776
0.042999
0.21252
0.25543
0.23685
0.24515
0.27298
0.20175
0.093689
9.1553e-05
-0.14536
-0.18652
-0.13275
-0.095978
-0.082733
-0.033539
0.050079
0.11548
0.17169
0.2045
0.1138
0.0072632
-0.060822
-0.11139
-0.15268
-0.16354
-0.16422
-0.17163
-0.10605
0.0033264
0.07254
0.11526
0.12967
0.10803
0.078278
0.057861
0.02063
-0.058105
-0.10983
-0.13202
-0.12009
-0.06955
-0.020081
0.0024719
0.019287
0.05481
0.084137
0.08725
0.075104
0.033539
-0.019012
-0.047333
-0.05307
-0.05957
-0.066772
-0.067108
-0.063904
-0.038055
0.012024
0.052887
0.073395
0.08075
0.073883
0.061584
0.049255
0.034241
0.0024414
-0.01944
-0.024811
-0.019409
-0.011414
-0.00061035
0.0071411
0.014771
0.022827
0.026825
0.020294
0.0097351
-0.0016479
-0.0054626
-0.0073853
-0.0068359
-0.018951
-0.025452
-0.0043945
-0.00061035
-0.012878
-0.016846
-0.031311
-0.059509
-0.075195
-0.051178
-0.12628
-0.31348
-0.22632
-0.092133
-0.029816
0.11667
0.21838
0.177
0.23697
0.35214
0.31671
0.1633
0.062561
-0.095856
-0.17444
-0.10989
-0.11023
-0.17416
-0.15533
-0.027557
0.077545
0.1723
0.22681
0.14923
0.065186
0.051544
0.0055542
-0.092133
-0.17047
-0.21198
-0.23618
-0.16113
-0.057556
-0.025299
0.014557
0.088806
0.13821
0.15704
0.15671
0.090576
-0.0059814
-0.040039
-0.063263
-0.10452
-0.12051
-0.11923
-0.10349
-0.042267
0.041321
0.070984
0.07077
0.077942
0.073029
0.04834
0.025818
-0.027466
-0.089081
-0.097534
-0.065369
-0.048309
-0.015411
0.004425
0.016479
0.049286
0.093506
0.088654
0.058197
0.037842
0.014832
0.0012512
0.010406
0.003479
-0.020294
-0.027344
-0.014374
-0.0036621
0.0037842
0.00097656
-0.018951
-0.015381
0.012115
0.03299
0.038086
0.026154
0.018677
0.010376
0.0054626
-0.038513
-0.082733
-0.080963
-0.15027
-0.38055
-0.28098
-0.12491
-0.098175
0.030029
0.18649
0.16476
0.29214
0.44409
0.38138
0.19501
0.13358
-0.013092
-0.10864
-0.079651
-0.16748
-0.293
-0.23233
-0.048798
0.043793
0.12161
0.16849
0.12637
0.13641
0.18207
0.090485
-0.065674
-0.15546
-0.18649
-0.20947
-0.16125
-0.15039
-0.16873
-0.077545
0.059845
0.1264
0.1427
0.13867
0.10031
0.074219
0.076874
0.0064697
-0.088684
-0.12543
-0.12189
-0.10342
-0.062714
-0.037354
-0.028687
0.017639
0.075684
0.09726
0.078125
0.046844
0.03241
0.02478
0.021515
0.0030212
-0.027313
-0.033691
-0.024506
-0.005127
0.013214
0.024139
0.024078
0.0224
0.033997
0.033173
0.021515
0.0096436
-0.0036011
-0.018738
-0.027313
-0.037659
-0.037628
-0.033844
-0.041931
-0.047455
-0.027069
0.0036621
0.030792
0.046417
0.030365
0.030975
0.035828
0.017334
-0.082031
-0.32623
-0.25269
-0.16098
-0.1922
-0.078094
0.034363
0.047272
0.25522
0.42752
0.36548
0.26443
0.28003
0.13834
0.062225
0.018738
-0.16586
-0.28345
-0.22165
-0.15601
-0.13647
-0.039948
0.02475
0.062134
0.17383
0.20081
0.1149
0.06015
0.029785
-0.0354
-0.10104
-0.1405
-0.20905
-0.20288
-0.13889
-0.1084
-0.067657
0.014221
0.077332
0.10861
0.1442
0.13318
0.092712
0.080353
0.040497
-0.038635
-0.092712
-0.11136
-0.12112
-0.10858
-0.080353
-0.070221
-0.032257
0.025269
0.069702
0.10339
0.12381
0.11078
0.092102
0.085571
0.059784
0.009552
-0.017639
-0.030029
-0.042999
-0.03894
-0.027039
-0.02063
-0.0030518
0.019165
0.031769
0.029236
0.017303
-0.0044861
-0.0177
-0.018463
-0.032715
-0.043213
-0.051849
-0.054016
-0.049652
-0.020691
-0.04425
-0.031219
-0.10727
-0.28137
-0.10538
-0.067627
-0.15979
-0.03598
0.049225
0.051239
0.23938
0.33466
0.22003
0.24475
0.29733
0.15344
0.14667
0.092712
-0.089783
-0.13882
-0.11288
-0.17834
-0.18661
-0.11102
-0.11353
-0.044464
0.068817
0.067078
0.081573
0.12106
0.086426
0.052185
0.027802
-0.033905
-0.09375
-0.10684
-0.14401
-0.14551
-0.10269
-0.080109
-0.052826
0.0054626
0.04657
0.077301
0.1095
0.10336
0.074982
0.060608
0.023895
-0.021942
-0.05191
-0.088715
-0.10281
-0.085876
-0.077393
-0.059906
-0.020508
0.017151
0.061188
0.09671
0.096344
0.086273
0.081787
0.057404
0.044891
0.033508
-0.001709
-0.021637
-0.026306
-0.033142
-0.029449
-0.0095215
-0.011322
-0.0036316
0.013031
0.0019836
0.0013733
0.020905
0.0033569
-0.0088196
-0.0045166
-0.031555
-0.036469
-0.020172
-0.11121
-0.25439
-0.11893
-0.12958
-0.22397
-0.084045
-0.029999
-0.039398
0.14905
0.2226
0.19302
0.27704
0.28537
0.20364
0.25925
0.17581
0.025757
0.023499
-0.042023
-0.14987
-0.12299
-0.15298
-0.19974
-0.11929
-0.094574
-0.11057
-0.0005188
0.042389
0.03006
0.10074
0.10632
0.069733
0.0802
0.034119
-0.050842
-0.053101
-0.078552
-0.11496
-0.094727
-0.10062
-0.096375
-0.035736
0.00177
0.020325
0.053711
0.04953
0.03949
0.056427
0.042267
0.019318
0.014313
-0.00082397
-0.011932
0.01001
0.00012207
-0.013367
-0.012054
-0.015717
-0.0027466
0.017609
0.017181
0.016144
0.033508
0.046143
0.051941
0.050415
0.023071
0.013275
0.0015564
-0.015015
-0.023132
-0.035217
-0.051178
-0.052338
-0.034546
-0.018677
-0.011902
-0.02655
0.0010376
-0.032104
-0.17108
-0.084717
-0.080872
-0.2023
-0.11261
-0.047913
-0.082977
0.043518
0.12326
0.11148
0.21451
0.2515
0.1976
0.27219
0.24008
0.12814
0.13501
0.081024
-0.028198
-0.042053
-0.1041
-0.17224
-0.15302
-0.16434
-0.18497
-0.12079
-0.10071
-0.080414
-0.0007019
0.018433
0.030548
0.070374
0.061768
0.049683
0.054657
0.012787
-0.0012207
0.0049133
-0.038177
-0.053345
-0.033386
-0.04425
-0.043854
-0.036346
-0.0448
-0.023682
-0.00048828
0.0010681
0.014374
0.026367
0.029327
0.044556
0.052094
0.040619
0.036194
0.035797
0.039917
0.045746
0.030273
0.018036
0.0072937
-0.00076294
0.0042419
-0.0046692
-0.020294
-0.012909
-0.011261
-0.018616
-0.012421
-0.015594
-0.021576
-0.0071411
-0.010498
-0.013275
-0.0054626
-0.0092468
-0.093475
-0.12457
-0.070618
-0.14648
-0.15375
-0.097229
-0.10965
-0.074738
0.02417
0.045776
0.10516
0.15887
0.14639
0.19211
0.24271
0.1871
0.17795
0.17661
0.1185
0.098175
0.062012
-0.015442
-0.035492
-0.064392
-0.12268
-0.13062
-0.14307
-0.18207
-0.14896
-0.12439
-0.12311
-0.080658
-0.056946
-0.035034
0.020477
0.042725
0.043823
0.079529
0.087402
0.07132
0.070038
0.054077
0.031158
0.016296
-0.022217
-0.048676
-0.054871
-0.061676
-0.063416
-0.057709
-0.046326
-0.017181
0.0007019
0.0055237
0.021057
0.035461
0.034546
0.045654
0.049744
0.048309
0.059906
0.054443
0.045319
0.047852
0.034485
0.017426
0.0068054
-0.010986
-0.036224
-0.049866
-0.04657
-0.050415
-0.067291
-0.04422
-0.037811
-0.09729
-0.037964
-0.043671
-0.11935
-0.068695
-0.04187
-0.096161
-0.032013
-0.0084229
-0.012817
0.053284
0.078369
0.07193
0.14612
0.1391
0.11984
0.17462
0.15823
0.12589
0.14978
0.093903
0.055542
0.055511
-0.0095215
-0.054688
-0.054779
-0.11349
-0.13831
-0.11472
-0.14642
-0.13614
-0.1019
-0.10452
-0.07309
-0.035492
-0.040192
-0.0091553
0.02066
0.015533
0.036163
0.050568
0.034485
0.045441
0.045013
0.03186
0.043365
0.037842
0.017761
0.013397
0.0046387
-0.007843
-0.012634
-0.020691
-0.027924
-0.024323
-0.01886
-0.016754
-0.010864
-0.0028992
0.012665
0.013977
0.016846
0.02771
0.02121
0.02002
0.023285
0.0097046
0.0057068
0.0049438
-0.005127
-0.0037842
-0.0049438
-0.009491
-0.0066833
-0.0336
-0.034454
-0.033295
-0.064636
-0.066803
-0.048584
-0.076874
-0.068878
-0.028931
-0.019806
0.0029602
0.035278
0.031128
0.056915
0.084198
0.079163
0.090424
0.1044
0.089294
0.090759
0.088684
0.070038
0.061676
0.04245
0.018219
0.008606
-0.011047
-0.031982
-0.040375
-0.0495
-0.058167
-0.065125
-0.074677
-0.072754
-0.064575
-0.072479
-0.074188
-0.064484
-0.060486
-0.053131
-0.04303
-0.034058
-0.016357
-0.0016479
0.01297
0.032654
0.04303
0.054596
0.068878
0.072174
0.067688
0.059235
0.045959
0.038452
0.026855
-0.00018311
-0.012878
-0.012146
-0.017426
-0.014252
-0.014984
-0.022308
-0.012817
-0.0074158
-0.011261
-0.014343
-0.020355
-0.015167
-0.0096741
-0.0098877
-0.012909
-0.012543
-0.0073547
-0.0088196
-0.011566
-0.013031
-0.013092
-0.0056763
0.0032654
-0.003418
-0.011078
-0.0064087
-0.0032349
-0.0078125
-0.0088806
-0.012329
-0.016907
-0.0083313
0.00042725
0.0033264
0.0093079
0.014984
0.026886
0.039978
0.050659
0.056335
0.06192
0.066162
0.066711
0.059631
0.053223
0.05069
0.035431
0.01886
0.011139
-0.0013733
-0.017731
-0.029846
-0.039734
-0.053711
-0.060791
-0.064392
-0.062927
-0.055756
-0.058289
-0.060303
-0.054108
-0.048767
-0.044586
-0.03244
-0.022308
-0.025757
-0.021393
0.0035706
0.022156
0.030334
0.036926
0.042786
0.044281
0.054169
0.05838
0.052612
0.043579
0.031464
0.019287
0.013336
0.0064392
-0.0040588
-0.013336
-0.015839
-0.02124
-0.023102
-0.02002
-0.023712
-0.028046
-0.020599
-0.01178
-0.0080872
-0.010742
-0.0059509
-0.0016174
-0.0030823
-0.0021362
-0.00177
-0.0053711
-0.0028687
-0.0021667
-0.010406
-0.0087585
0.0019531
0.0007019
0.00061035
0.0058899
0.0057068
0.0097656
0.021545
0.02301
0.022278
0.021881
0.018982
0.010773
0.012726
0.010712
0.00039673
0.0038147
0.0059509
0.0049744
0.01004
0.012543
0.015106
0.022736
0.025909
0.023193
0.018036
0.013062
0.0075684
0.00024414
-0.011749
-0.019806
-0.027893
-0.035278
-0.036743
-0.036285
-0.043793
-0.040436
-0.037262
-0.036133
-0.030579
-0.028259
-0.02832
-0.016205
-0.0082703
-0.0015869
0.01001
0.016815
0.020966
0.030945
0.031036
0.032196
0.039703
0.038361
0.023743
0.024078
0.025543
0.017456
0.011719
0.0023193
-0.0067444
-0.0029602
-0.0037537
-0.012634
-0.019714
-0.023499
-0.02655
-0.025482
-0.024994
-0.026794
-0.026459
-0.022491
-0.013062
-0.0083008
-0.0050354
