-0.042847
-0.031769
-0.020111
-0.0083008
0.0021667
0.0099487
0.014893
0.014923
0.010529
0.003479
-0.004303
-0.011749
-0.017487
-0.020538
-0.022034
-0.021179
-0.017609
-0.011566
-0.0041809
0.0025024
0.0082397
0.011688
0.013672
0.014374
0.013763
0.011932
0.0089417
0.0054321
0.0007019
-0.0044861
-0.0089111
-0.011017
-0.011017
-0.010406
-0.0078735
-0.0018005
0.0055847
0.012329
0.017487
0.020111
0.021332
0.022003
0.021454
0.018799
0.013885
0.0082703
0.0036926
-0.00030518
-0.0041809
-0.0066223
-0.0082397
-0.0099792
-0.010468
-0.0091553
-0.0067444
-0.0046692
-0.0033569
-0.0020142
0.00033569
0.0028381
0.0041199
0.0032654
0.00094604
-0.0018311
-0.0041199
-0.0057678
-0.0083313
-0.011322
-0.014008
-0.014832
-0.011871
-0.0065918
-0.0014648
0.0021362
0.0035095
0.004425
0.0048828
0.0047913
0.0028076
-0.0012512
-0.0052795
-0.0065002
-0.0050964
-0.0027771
-0.0015564
-0.0038757
-0.0064087
-0.0056763
-0.0019531
0.0025635
0.0010986
-0.009552
-0.022736
-0.030243
-0.029572
-0.020386
-0.0077209
0.0021057
0.013
0.028656
0.047577
0.068665
0.08313
0.083771
0.073303
0.056213
0.037964
0.022064
0.0058594
-0.012756
-0.030731
-0.044312
-0.049927
-0.045319
-0.034698
-0.023773
-0.015045
-0.0090027
-0.0049438
-0.001709
0.00054932
-0.0011292
-0.0071411
-0.016937
-0.027008
-0.032715
-0.033905
-0.032349
-0.02829
-0.021759
-0.013428
-0.0039368
0.0060425
0.01416
0.01828
0.018341
0.015747
0.011139
0.0054932
3.0518e-05
-0.006134
-0.012299
-0.014984
-0.013733
-0.0091248
-0.0023499
0.004303
0.010956
0.01767
0.022797
0.025177
0.024811
0.021362
0.016602
0.011353
0.0052185
-0.00018311
-0.0038757
-0.0050354
-0.0037842
-0.00094604
0.0014038
0.0037842
0.0063171
0.0079041
0.0083923
0.0074463
0.0047607
0.0020447
3.0518e-05
-0.0011292
-0.0018616
-0.0031433
-0.0040283
-0.004425
-0.0046692
-0.0044556
-0.0039673
-0.0039978
-0.0053101
-0.0057983
-0.0045776
-0.0029602
-0.0011902
-0.0012512
-0.0033875
-0.0057983
-0.0096741
-0.012665
-0.012604
-0.014008
-0.012634
-0.0064087
-0.00018311
0.0053101
0.0040588
-0.0073547
-0.016022
-0.018982
-0.022797
-0.024261
-0.029022
-0.044312
-0.059052
-0.058929
-0.034943
0.0071411
0.050049
0.082825
0.10306
0.11447
0.11661
0.10898
0.09137
0.058563
0.014862
-0.0242
-0.047791
-0.053558
-0.047302
-0.037079
-0.023682
-0.006897
0.011444
0.026459
0.0336
0.029266
0.010223
-0.017731
-0.042206
-0.058472
-0.066498
-0.066467
-0.060791
-0.049164
-0.031433
-0.0092163
0.014374
0.031342
0.036957
0.03241
0.021942
0.0098877
-0.0037537
-0.018982
-0.031952
-0.038055
-0.036713
-0.027527
-0.013
0.001709
0.014923
0.025757
0.032471
0.033875
0.028137
0.01651
0.0064087
-6.1035e-05
-0.0056458
-0.0093079
-0.010956
-0.013
-0.012268
-0.0068359
0.00088501
0.0093994
0.016907
0.021118
0.02597
0.029755
0.02713
0.019806
0.01001
-0.00061035
-0.006958
-0.0093689
-0.011017
-0.011078
-0.0074463
-0.0036316
0.0021667
0.010406
0.012207
0.011353
0.01123
0.0065308
0.0010681
-0.004303
-0.013428
-0.01947
-0.019806
-0.020447
-0.017883
-0.010803
-0.0089417
-0.010529
-0.0055542
-0.0033569
-0.0023499
0.0076904
0.0083008
0.0024109
0.0029907
-0.007843
-0.017151
-0.014252
-0.02002
-0.022675
-0.019043
-0.027161
-0.036743
-0.053558
-0.077087
-0.068939
-0.028595
0.023834
0.081116
0.11841
0.12927
0.12946
0.12027
0.099121
0.061249
0.0088196
-0.042694
-0.067291
-0.060974
-0.040253
-0.012695
0.012085
0.028687
0.044525
0.054352
0.049805
0.027313
-0.012726
-0.05423
-0.081848
-0.091461
-0.084686
-0.068512
-0.047516
-0.023346
0.0005188
0.022491
0.037872
0.038788
0.025879
0.0061035
-0.015045
-0.031464
-0.039246
-0.040863
-0.036774
-0.026642
-0.012451
0.0039978
0.019714
0.028961
0.030365
0.024994
0.016876
0.0079651
-0.0018311
-0.007782
-0.0067749
-0.0047302
-0.0015869
0.0039978
0.0080566
0.014008
0.014679
0.0068054
6.1035e-05
-0.0033264
9.1553e-05
0.013214
0.02359
0.026062
0.022491
0.016785
0.01413
0.01416
0.0092163
-0.0032959
-0.016296
-0.018555
-0.011139
0.00039673
0.0073242
0.0053406
-0.0029907
-0.0063782
-0.0018921
0.0022888
0.0014038
-0.0058594
-0.017487
-0.023926
-0.024628
-0.015961
-0.0044861
0.00048828
-0.0030823
-0.0042725
-0.0039368
0.0019531
0.0096741
0.0079651
-0.0071411
-0.0084229
-0.0033875
-0.00091553
0.0048523
-0.0082397
-0.041809
-0.048279
-0.045868
-0.052185
-0.067291
-0.080139
-0.067688
-0.014221
0.062622
0.12424
0.14664
0.14417
0.12213
0.10239
0.080811
0.034607
-0.027008
-0.073944
-0.079315
-0.051453
-0.0085449
0.027924
0.043884
0.048401
0.053253
0.052307
0.03656
-0.0024109
-0.052124
-0.092224
-0.10144
-0.085541
-0.059753
-0.036255
-0.018524
-0.0020142
0.016205
0.031281
0.033936
0.018463
-0.0059509
-0.028687
-0.038177
-0.034454
-0.028717
-0.026642
-0.023987
-0.014587
0.00085449
0.016815
0.024109
0.019653
0.0090027
-0.00073242
-0.0045471
-0.0039978
-0.0044556
-0.0019531
0.0022583
0.0089111
0.014923
0.018555
0.016663
0.0066833
-0.0065613
-0.010986
-0.01062
-9.1553e-05
0.020386
0.035858
0.041901
0.040131
0.032257
0.02417
0.016296
0.0065002
-0.0083618
-0.020508
-0.021423
-0.012482
0.0019836
0.011322
0.0086365
0.0033569
0.002533
0.0022583
0.0014343
-0.002655
-0.015808
-0.028351
-0.026611
-0.014282
-0.0057678
-0.0076294
-0.013794
-0.018829
-0.01651
-0.0052185
0.0043945
0.0074158
0.0035706
-0.011047
-0.021759
-0.012939
-0.018158
-0.038727
-0.045807
-0.037689
-0.033661
-0.044525
-0.046143
-0.039307
-0.029205
0.018768
0.078125
0.11642
0.1297
0.12064
0.10101
0.083649
0.058258
0.0092163
-0.031494
-0.047028
-0.046448
-0.026306
0.0028381
0.017792
0.024109
0.037231
0.050354
0.041077
0.016785
-0.020233
-0.056152
-0.073547
-0.073792
-0.066895
-0.056122
-0.037964
-0.01651
0.0061951
0.024841
0.028625
0.016327
0.005249
-0.0028076
-0.015564
-0.022247
-0.023468
-0.027496
-0.024445
-0.011566
-0.0029602
-3.0518e-05
0.0016479
-0.0022583
-0.0090637
-0.0050659
-0.0020447
-0.0042419
-0.0031128
-0.0016785
-0.0054932
0.0012817
0.0073547
-0.0030518
-0.0059814
0.005188
0.012634
0.023712
0.034973
0.034454
0.029236
0.034058
0.035736
0.027527
0.014648
-0.00088501
-0.01001
-0.0023193
0.005249
-0.00064087
-0.007782
-0.0042419
-0.0014038
0.0039368
0.0080566
-0.0012207
-0.015747
-0.016754
-0.0057983
-9.1553e-05
-0.0039062
-0.013031
-0.023804
-0.022217
-0.012573
-0.0093994
-0.0098267
-0.0072021
-0.0067749
-0.0037842
0.014893
0.0032654
-0.020752
-0.029175
-0.025269
-0.047424
-0.085907
-0.12808
-0.12079
-0.070862
-0.0050964
0.051971
0.10318
0.13626
0.17227
0.19443
0.17599
0.10864
0.028992
-0.02829
-0.049316
-0.055054
-0.064758
-0.064362
-0.037262
0.011993
0.059723
0.083466
0.073395
0.042328
0.008606
-0.022217
-0.055084
-0.088501
-0.11105
-0.10709
-0.079285
-0.043671
-0.013702
0.0089111
0.029449
0.047455
0.053619
0.042786
0.018982
-0.0074768
-0.02594
-0.034363
-0.039185
-0.041992
-0.038513
-0.026367
-0.0097656
0.0093384
0.022278
0.021759
0.015472
0.0088196
-0.0012512
-0.0090942
-0.016449
-0.02652
-0.027985
-0.015839
-0.0013733
0.015442
0.02887
0.032379
0.029541
0.031525
0.032806
0.029266
0.024231
0.015686
0.010071
0.014282
0.020569
0.016418
0.0063477
0.00015259
-0.0024719
-0.0014954
-0.0043335
-0.013031
-0.018188
-0.01709
-0.014221
-0.01059
-0.010468
-0.0068054
-0.0014954
-0.0048218
-0.0072327
0.00015259
-0.0078125
-0.017426
-0.0072021
-0.022675
-0.046112
-0.027466
-0.076691
-0.16815
-0.13025
-0.084991
-0.058655
0.025024
0.079041
0.097687
0.17474
0.23132
0.18646
0.14139
0.099213
0.016571
-0.011871
-0.027069
-0.088013
-0.11703
-0.077362
-0.038513
-0.0066223
0.0401
0.050323
0.053772
0.076385
0.063232
0.011261
-0.029907
-0.060364
-0.088562
-0.091278
-0.087646
-0.086395
-0.056946
-0.0112
0.020447
0.041534
0.056915
0.055328
0.046936
0.0354
0.0064087
-0.022369
-0.039001
-0.051697
-0.060242
-0.056274
-0.041779
-0.026917
-0.0048218
0.015045
0.019287
0.027466
0.040863
0.033569
0.02124
0.013092
0.00027466
-0.0032349
0.0066833
0.002533
-0.0014648
0.0052185
0.012115
0.01886
0.022552
0.015533
0.0089417
0.0081482
0.0037231
-0.0024109
-0.0013733
-0.0047913
-0.011444
-0.0094604
-0.0097046
-0.014282
-0.017242
-0.017517
-0.014923
-0.0033875
0.00048828
0.0039368
0.015839
0.0159
0.014587
0.020416
0.023621
-0.0028687
-0.051147
-0.03537
-0.11423
-0.16034
-0.098053
-0.11615
-0.097748
0.0039062
0.04007
0.08139
0.17862
0.19971
0.16315
0.19586
0.1424
0.071167
0.054932
-0.010773
-0.084229
-0.078552
-0.081818
-0.097015
-0.055481
-0.024048
-0.015503
0.038116
0.057892
0.039246
0.046143
0.027283
-0.0064697
-0.020508
-0.044739
-0.080658
-0.086517
-0.081024
-0.076172
-0.052185
-0.028381
-0.010315
0.019653
0.043335
0.049316
0.054596
0.055023
0.034241
0.018036
0.0066528
-0.0289
-0.049072
-0.049377
-0.05838
-0.045746
-0.021881
-0.0086365
0.014435
0.040375
0.04599
0.052765
0.055511
0.034729
0.022339
0.017365
-0.00097656
-0.0097656
-0.011993
-0.018341
-0.013153
-0.0030212
-0.0043335
0.0022888
0.0061646
0.0013733
0.0036926
-0.00042725
-0.0072021
-0.0038452
-0.0057068
-0.016571
-0.020416
-0.017487
-0.021362
-0.020935
-0.0093994
-0.0088196
-0.013184
-0.0036316
0.0067749
-0.058533
-0.076385
-0.036621
-0.094452
-0.089752
-0.026428
-0.039551
0.0037537
0.097809
0.10638
0.13293
0.1868
0.15375
0.14935
0.15265
0.072754
0.028839
0.012177
-0.059509
-0.07962
-0.075989
-0.10458
-0.090179
-0.054932
-0.056763
-0.024261
0.010773
0.0022583
0.022827
0.028656
0.0060425
0.01004
0.0047302
-0.025513
-0.026398
-0.033722
-0.05191
-0.04071
-0.03714
-0.040497
-0.019592
-0.0057983
-0.00079346
0.017578
0.025208
0.016235
0.0224
0.020111
0.0042114
0.009491
0.007843
-0.0062256
-0.0032959
-0.0029602
-0.0076904
0.0030212
0.0093384
0.008728
0.020935
0.025024
0.025452
0.028839
0.026245
0.022369
0.015503
0.0075989
0.0067749
-0.00042725
-0.0078735
-0.0089111
-0.01358
-0.014069
-0.01297
-0.014587
-0.018646
-0.024719
-0.02478
-0.027313
-0.031494
-0.029724
-0.020874
-0.022308
-0.042877
-0.062744
-0.037842
-0.054504
-0.068481
-0.049072
-0.03833
-0.027832
0.017334
0.047913
0.075653
0.10992
0.12601
0.13937
0.15701
0.13644
0.11453
0.1011
0.059387
0.016022
-0.012665
-0.045563
-0.069336
-0.085999
-0.10168
-0.099091
-0.082825
-0.074371
-0.054138
-0.026001
-0.0065918
0.0075378
0.022491
0.030396
0.033142
0.026123
0.017517
0.010925
0.0012207
-0.011139
-0.021759
-0.02829
-0.03183
-0.033264
-0.02951
-0.025085
-0.023712
-0.019501
-0.0091553
0.0011292
0.0056458
0.012207
0.017059
0.022186
0.026642
0.027344
0.023132
0.022552
0.021423
0.018158
0.013763
0.010315
0.0055237
0.0038757
0.0010681
-0.002655
-0.0045166
-0.0021973
0.00012207
-0.00027466
-0.00061035
0.00024414
-0.00097656
0.00033569
-0.0040283
-0.0050354
-0.010712
-0.019897
-0.024933
-0.029572
-0.045685
-0.065521
-0.060272
-0.059113
-0.066833
-0.052673
-0.040588
-0.033661
-0.0059814
0.013916
0.032532
0.060394
0.07901
0.093903
0.11853
0.12073
0.11307
0.11282
0.099976
0.075531
0.053711
0.023132
-0.0041199
-0.027374
-0.05368
-0.06842
-0.076385
-0.083801
-0.084747
-0.075714
-0.066803
-0.055603
-0.040955
-0.023926
-0.0074463
0.0068665
0.01416
0.021912
0.025146
0.024231
0.020111
0.014465
0.010071
-6.1035e-05
-0.0014648
-0.00073242
-0.0085754
-0.0098572
-0.0083008
-0.0112
-0.011627
-0.01059
-0.012573
-0.0050354
0.0011902
0.0022583
0.010986
0.021454
0.020966
0.023193
0.022736
0.015808
0.011993
0.005249
0.00021362
-0.0019836
-0.007019
-0.0091248
-0.0039368
-0.0044861
-0.011108
-0.010864
-0.013306
-0.015747
-0.014801
-0.023407
-0.020416
-0.018433
-0.040009
-0.031586
-0.021332
-0.043182
-0.03595
-0.019012
-0.028229
-0.014771
0.0049438
0.0096436
0.028931
0.041046
0.047211
0.072021
0.078186
0.077728
0.09201
0.089661
0.078186
0.077271
0.062225
0.047485
0.031189
0.00061035
-0.018433
-0.033173
-0.058655
-0.069763
-0.075165
-0.085297
-0.083252
-0.077728
-0.071198
-0.054718
-0.046326
-0.032959
-0.010468
-0.0041809
0.0045471
0.020996
0.025024
0.025238
0.030182
0.027618
0.026459
0.022705
0.015228
0.013733
0.0084839
0.0014648
0.0019226
-0.00082397
-0.0018311
-0.001709
-0.006897
-0.007782
-0.0042114
-0.0052795
-0.0028992
-0.0025024
-0.0046692
-0.00021362
0.0054932
0.0047913
0.0056458
0.0039368
0.0023193
0.0028992
0.0010986
0.00015259
-0.0011902
-0.0042725
-0.0049438
-0.0018005
-0.0055847
-0.015503
-0.013306
-0.017975
-0.028137
-0.027435
-0.029022
-0.034607
-0.028809
-0.022736
-0.014557
-0.0016785
0.0068359
0.018158
0.035919
0.047394
0.056671
0.066803
0.068848
0.069489
0.070374
0.062988
0.053497
0.041992
0.029419
0.018921
0.0041504
-0.012421
-0.026459
-0.037506
-0.047577
-0.05249
-0.056824
-0.059174
-0.05481
-0.048218
-0.042236
-0.034607
-0.027649
-0.022186
-0.016052
-0.0099792
-0.004303
0.00094604
0.0048828
0.009613
0.014923
0.016571
0.017883
0.018494
0.017212
0.013885
0.0080872
0.0012207
-0.0027161
-0.0048523
-0.0071716
-0.0083313
-0.0072327
-0.00177
0.0018311
0.0028076
0.0050049
0.0040894
0.00057983
0.0014038
0.0015259
0.0032959
0.0068054
0.0095825
0.011871
0.014923
0.015991
0.014801
0.0087585
-0.00067139
-0.0081787
-0.015717
-0.021515
-0.026062
-0.030334
-0.030579
-0.024719
-0.01532
-0.0076904
0.00039673
0.0076294
0.014954
0.024323
0.029388
0.03244
0.03363
0.0354
0.036591
0.034393
0.031006
0.026947
0.022675
0.016418
0.010712
0.0071716
-0.00036621
-0.0067139
-0.0096741
-0.014954
-0.020599
-0.023346
-0.026581
-0.029755
-0.031281
-0.031525
-0.03009
-0.028198
-0.028137
-0.025085
-0.018677
-0.015594
-0.010223
-0.0020752
0.0021362
0.0059509
0.0088196
0.0098572
0.011597
0.010895
0.0088196
0.0074158
0.0057068
0.0033264
0.0042419
0.0050354
0.0029602
0.0020142
0.0014038
0.00024414
-0.0010376
