0.0015259
-0.0061646
-0.013397
-0.019592
-0.024689
-0.027557
-0.027374
-0.025299
-0.022797
-0.02005
-0.01593
-0.011414
-0.0068054
-0.0024414
0.00073242
0.0023804
0.0026245
0.002533
0.0016479
-0.00039673
-0.0023193
-0.0035706
-0.0052795
-0.0073242
-0.008667
-0.0093079
-0.0094299
-0.0083923
-0.0069275
-0.0053711
-0.0031128
-0.00018311
0.0032043
0.006073
0.0085449
0.010742
0.012115
0.011871
0.011017
0.010742
0.010376
0.0095825
0.0079041
0.006958
0.0070496
0.006958
0.0065613
0.0055542
0.0042114
0.0028992
0.0012207
-0.00073242
-0.0021973
-0.0031738
-0.0042419
-0.005249
-0.0055237
-0.0052185
-0.0047302
-0.0038757
-0.0030212
-0.0025024
-0.0020142
-0.0015564
-0.0016479
-0.0016174
-0.0021667
-0.0035706
-0.0046082
-0.0047913
-0.0038757
-0.0032654
-0.0031128
-0.0019531
-0.0015564
-0.0019836
-0.0017395
-0.0014038
-0.0019531
-0.0032349
-0.0036926
-0.0034485
-0.0030212
-0.0021057
-0.00073242
0.00018311
0
-0.0012207
-0.0028687
-0.0063171
-0.011963
-0.017517
-0.022217
-0.024567
-0.022675
-0.017181
-0.0089111
0.002594
0.016602
0.032043
0.046936
0.059326
0.067902
0.071716
0.070068
0.063568
0.053162
0.039032
0.022705
0.005127
-0.01178
-0.026733
-0.039703
-0.049133
-0.054565
-0.055908
-0.053162
-0.047821
-0.039673
-0.029663
-0.018951
-0.0091858
-0.001709
0.0037231
0.0070496
0.007782
0.0065002
0.0038452
0.00018311
-0.0040894
-0.0079041
-0.010193
-0.011963
-0.012634
-0.011963
-0.010712
-0.0080566
-0.0044861
-0.00067139
0.0040588
0.0082703
0.011108
0.012909
0.013611
0.013428
0.011139
0.0075378
0.0036926
0.00021362
-0.0028381
-0.0042725
-0.0037537
-0.0012817
0.0032349
0.0085449
0.013702
0.018036
0.02124
0.022705
0.022278
0.01947
0.015289
0.010132
0.0036926
-0.0023193
-0.0068665
-0.0099182
-0.012238
-0.013336
-0.01297
-0.011261
-0.0081177
-0.0054016
-0.0030823
-0.00079346
9.1553e-05
-0.00021362
-0.00030518
-0.0007019
-0.0024109
-0.0047607
-0.0073242
-0.0083313
-0.007843
-0.0063782
-0.0047302
-0.0036011
-0.0032043
-0.0032959
-0.0024719
-0.0011292
-0.00018311
0.00045776
0.00027466
-0.0010376
-0.0012207
0.0014038
0.0035095
0.0033875
0.00039673
-0.0047913
-0.0099487
-0.015625
-0.02356
-0.034149
-0.046082
-0.053131
-0.049255
-0.034668
-0.011078
0.017426
0.044586
0.067169
0.085754
0.099213
0.10715
0.10645
0.093689
0.072052
0.044647
0.014801
-0.012787
-0.035583
-0.052307
-0.063171
-0.068665
-0.068268
-0.061035
-0.047974
-0.031433
-0.015564
-0.003479
0.0046082
0.0099487
0.013031
0.012329
0.0079346
9.1553e-05
-0.01004
-0.020233
-0.027893
-0.030487
-0.029114
-0.025391
-0.020386
-0.013397
-0.0047913
0.0038147
0.011658
0.017334
0.020386
0.020874
0.018127
0.012604
0.0057678
-0.0016479
-0.0079651
-0.011688
-0.01297
-0.01178
-0.0084229
-0.0029602
0.0054321
0.015015
0.021545
0.024658
0.023315
0.017029
0.012634
0.011017
0.0090942
0.0079041
0.0049744
0.00067139
-0.00024414
0.0016174
0.003479
0.0057373
0.0049438
0.00073242
-0.0014343
-0.0021057
-0.0016479
0.0007019
0.0013428
-0.00064087
-0.0023193
-0.0032959
-0.0037537
-0.0034485
-0.0047607
-0.0080872
-0.012299
-0.014954
-0.013458
-0.010223
-0.0075684
-0.0062561
-0.0073242
-0.006134
-0.00061035
0.0021973
0.0010376
-0.0016479
-0.0064087
-0.0084839
-0.0045776
-0.0056152
-0.017242
-0.027283
-0.033203
-0.037445
-0.033997
-0.037476
-0.052887
-0.052002
-0.033752
-0.0034485
0.046692
0.086945
0.10333
0.11563
0.11691
0.11023
0.10587
0.085327
0.048889
0.011749
-0.024933
-0.0495
-0.056488
-0.05481
-0.048157
-0.040009
-0.028595
-0.013916
-0.0013428
0.011627
0.018555
0.012329
0.0017395
-0.012787
-0.029633
-0.039032
-0.044434
-0.049255
-0.05072
-0.049133
-0.041199
-0.024841
-0.0054016
0.013153
0.026367
0.031891
0.03067
0.023041
0.014343
0.0065002
-0.0039978
-0.014832
-0.023773
-0.03067
-0.029663
-0.021393
-0.010925
0.0014648
0.01358
0.02179
0.027557
0.030243
0.029144
0.027405
0.023621
0.016174
0.0058594
-0.0050659
-0.010529
-0.012115
-0.012482
-0.012543
-0.016022
-0.013184
0.0034485
0.0224
0.035889
0.040741
0.033173
0.024017
0.020325
0.013641
0.0029602
-0.010132
-0.025665
-0.033142
-0.025787
-0.012939
-0.0038452
0.0022583
0.0046387
0.0054016
0.010681
0.013397
0.0050354
-0.0062866
-0.018585
-0.02887
-0.025787
-0.017883
-0.017426
-0.015259
-0.0095215
-0.0081482
-0.0007019
0.0096436
0.0068665
-0.0032654
-0.015381
-0.025665
-0.026428
-0.030029
-0.037872
-0.055084
-0.083832
-0.085419
-0.051422
0.0021973
0.075195
0.12775
0.14117
0.1474
0.1405
0.12402
0.10556
0.066376
0.0073242
-0.04718
-0.08017
-0.085632
-0.070404
-0.041412
-0.016479
0.0019226
0.024567
0.040619
0.046844
0.043854
0.020752
-0.016022
-0.053131
-0.078918
-0.086884
-0.08374
-0.069427
-0.050964
-0.032898
-0.0073242
0.019562
0.039551
0.051453
0.047546
0.028656
0.0081787
-0.011658
-0.029633
-0.041962
-0.049927
-0.05069
-0.040802
-0.025787
-0.0058289
0.01535
0.030609
0.038788
0.039764
0.035583
0.029114
0.020538
0.012115
0.0044861
-0.0030823
-0.0076294
-0.0076904
-0.0032349
0.0031738
0.0087891
0.013245
0.01825
0.020813
0.018311
0.0099792
-0.0040894
-0.016541
-0.016998
-0.0097656
-0.0011292
0.0075684
0.0092163
0.0089722
0.015961
0.021881
0.022217
0.016663
0.0026245
-0.0088196
-0.0090332
-0.00018311
0.0079346
0.007843
0.00012207
-0.0096436
-0.016235
-0.017151
-0.016632
-0.02182
-0.028839
-0.028992
-0.022552
-0.011322
0.0014954
0.0074768
0.0099792
0.013336
0.0031433
-0.017548
-0.036804
-0.048981
-0.050995
-0.039917
-0.039551
-0.05368
-0.08493
-0.094543
-0.05426
0.022705
0.098602
0.15442
0.16196
0.14728
0.12976
0.11206
0.080933
0.035248
-0.027771
-0.082153
-0.093018
-0.062225
-0.020081
0.018555
0.042175
0.050781
0.055817
0.058014
0.047913
0.016693
-0.029236
-0.074768
-0.10651
-0.1084
-0.084686
-0.054443
-0.026001
-0.0024109
0.014648
0.028198
0.04126
0.043365
0.024841
-0.0069275
-0.03598
-0.053864
-0.055054
-0.046143
-0.03479
-0.026611
-0.015472
0.0023193
0.020142
0.031738
0.030762
0.015594
-3.0518e-05
-0.0092163
-0.011536
-0.0071411
-0.00091553
0.0045166
0.0090027
0.018402
0.029327
0.031189
0.026276
0.016113
0.0053711
0.0029602
0.0072632
0.01001
0.0073242
0.0020447
-0.0082092
-0.020264
-0.011749
0.0072021
0.017517
0.021393
0.017273
0.013031
0.018188
0.023438
0.020813
0.004364
-0.014801
-0.024689
-0.01535
0.0051575
0.013641
0.0062256
-0.0073853
-0.014343
-0.012878
-0.012238
-0.0077515
-0.01535
-0.029297
-0.026825
-0.019135
-0.0022583
0.0080261
0.00018311
-0.0092163
-0.013611
-0.0078125
-0.0159
-0.037659
-0.048035
-0.058899
-0.057037
-0.054871
-0.077545
-0.073059
-0.039062
0.020935
0.10217
0.16132
0.17233
0.14804
0.11761
0.090698
0.05658
0.016418
-0.037231
-0.076172
-0.074402
-0.045166
-0.0025024
0.035339
0.054596
0.051697
0.044495
0.039856
0.020172
-0.015076
-0.055634
-0.086609
-0.096802
-0.082825
-0.049713
-0.020691
-0.0039062
0.0065002
0.012115
0.019287
0.022736
0.014893
-0.0046387
-0.026276
-0.038483
-0.041687
-0.030457
-0.013916
-0.0079956
-0.0059204
-0.00085449
0.0044556
0.0056458
0.002655
-0.0061035
-0.015045
-0.01767
-0.011292
-0.00039673
0.012543
0.019226
0.017456
0.017609
0.022339
0.01828
0.0079651
-0.0015259
-0.0020752
0.0085144
0.025513
0.037018
0.041504
0.037231
0.029144
0.018066
0.011017
-0.0022278
-0.016144
-0.023193
-0.019714
-0.010895
-0.0045166
-3.0518e-05
0.0037231
0.0068054
0.0093384
0.0046997
-0.003418
-0.011261
-0.018982
-0.020081
-0.013062
-0.0096436
-0.017883
-0.018005
-0.0077515
-0.0036011
0.008728
0.0041809
-0.0049438
0.0054016
-0.014709
-0.036133
-0.032227
-0.041779
-0.055878
-0.079376
-0.125
-0.13232
-0.075378
0.014252
0.096802
0.16061
0.16681
0.15479
0.15564
0.14566
0.094391
0.016815
-0.06076
-0.095428
-0.077301
-0.0289
0.0041504
0.021759
0.039703
0.059082
0.075806
0.072113
0.033417
-0.033325
-0.08844
-0.10699
-0.10327
-0.085419
-0.064636
-0.049438
-0.025299
0.010986
0.042145
0.055481
0.047363
0.020416
-0.0093079
-0.020569
-0.021759
-0.0271
-0.032166
-0.029114
-0.017578
-0.00021362
0.015289
0.018555
0.0079041
-0.0028687
-0.0079041
-0.011963
-0.014923
-0.02124
-0.02417
-0.018616
-0.0060425
-0.005249
-0.012634
-0.0081787
0.0032043
0.013062
0.027832
0.029968
0.02594
0.030884
0.043274
0.045593
0.040863
0.02652
0.0075073
0.0042725
0.0159
0.014771
0.0048523
-0.0059814
-0.0098267
-0.0032959
0.010071
0.0066223
-0.011902
-0.024231
-0.025208
-0.01532
-0.0081787
-0.01535
-0.019989
-0.010345
0.0067444
0.021088
0.005249
-0.019257
-0.024811
-0.022278
-0.038239
-0.034729
-0.044617
-0.07132
-0.13626
-0.17471
-0.11432
-0.019287
0.050201
0.11884
0.14841
0.17313
0.18835
0.20419
0.15085
0.052368
-0.046692
-0.095001
-0.07312
-0.048248
-0.055145
-0.050415
-0.012238
0.049927
0.10248
0.12491
0.085968
0.012817
-0.027374
-0.043121
-0.062683
-0.10016
-0.12411
-0.11478
-0.068726
-0.0099182
0.020996
0.027222
0.026459
0.027222
0.041565
0.049225
0.014313
-0.031982
-0.050934
-0.04837
-0.040009
-0.028076
-0.024353
-0.022949
-0.0033569
0.022797
0.037323
0.032837
0.013092
0.0011902
0.0074158
0.0061035
-0.0032959
-0.016418
-0.025116
-0.019714
0.0018616
0.016113
0.014252
0.0083008
0.015167
0.028992
0.035095
0.021515
0.0071716
-0.002655
-0.0025635
0.0035095
0.0062561
0.00039673
-0.0075378
-0.0073242
0.0050354
0.019073
0.020477
0.006073
0.00085449
0.0042114
0.0022888
0.0037842
0.00036621
-0.0099487
-0.0041504
0.0067139
0.0032043
0.00354
-0.0023804
-0.027496
-0.024292
-0.012665
-0.056366
-0.056732
-0.06073
-0.1778
-0.18704
-0.10181
-0.061707
-0.0016479
0.083557
0.10629
0.15677
0.24008
0.23624
0.16315
0.11719
0.024292
-0.027802
-0.019623
-0.056976
-0.12558
-0.11111
-0.045654
-0.003418
0.045593
0.069702
0.050842
0.05484
0.069061
0.034515
-0.028229
-0.075867
-0.1077
-0.10779
-0.07663
-0.078979
-0.08316
-0.04425
0.014099
0.05545
0.078156
0.077454
0.056335
0.051727
0.045807
0.0084229
-0.032135
-0.060364
-0.072418
-0.066895
-0.049255
-0.039764
-0.028961
-0.0046997
0.022278
0.033173
0.0354
0.027924
0.014709
0.0053711
0.00177
-0.0087585
-0.012909
-0.0052795
0.00021362
0.0015869
0.010803
0.016754
0.021118
0.026672
0.024841
0.01947
0.020935
0.020416
0.015594
0.010681
-0.0032349
-0.014832
-0.013733
-0.012939
-0.01947
-0.028809
-0.026398
-0.015961
-0.0011292
0.014648
0.014496
0.0096741
0.014679
0.0088501
-0.0011902
-0.0081177
-0.020355
-0.049011
-0.038574
-0.08667
-0.13242
-0.088745
-0.08606
-0.075653
-0.0035706
0.035675
0.070862
0.14606
0.17404
0.1474
0.16644
0.14148
0.080292
0.056396
0.0046692
-0.062744
-0.073639
-0.069092
-0.082062
-0.059967
-0.027771
-0.017609
0.021667
0.043121
0.027435
0.026093
0.019165
-0.0041809
-0.017303
-0.033478
-0.061707
-0.06311
-0.047516
-0.04718
-0.038666
-0.024689
-0.017395
0.0029907
0.022034
0.024963
0.030212
0.032013
0.02301
0.01889
0.011719
-0.012787
-0.026123
-0.029266
-0.041412
-0.034576
-0.02832
-0.024414
-0.0023193
0.01828
0.032013
0.047607
0.054993
0.046722
0.045959
0.039917
0.02005
0.0059814
-0.0085144
-0.025848
-0.026978
-0.02066
-0.016937
-0.0090332
-0.0025635
-9.1553e-05
0.0046692
0.0046692
-0.0030518
-0.0072632
-0.008728
-0.011414
-0.011719
-0.018097
-0.023682
-0.013458
-0.014648
-0.014313
-0.00027466
0.014923
0.0036926
-0.00012207
-0.036316
-0.076202
-0.05603
-0.072418
-0.094452
-0.057983
-0.03183
0.0014648
0.065216
0.10373
0.10678
0.1521
0.15976
0.14276
0.13037
0.092194
0.040894
0.024017
-0.0159
-0.057343
-0.070343
-0.079224
-0.082916
-0.060242
-0.051086
-0.043854
-0.017151
-0.0036621
0.0065613
0.018127
0.016968
0.0036621
0.0030518
-0.0059204
-0.026337
-0.032715
-0.037292
-0.041199
-0.031891
-0.024506
-0.017731
-0.00057983
0.0076904
0.0091858
0.014771
0.0090942
0.0062866
0.0052185
0.00079346
0.0031738
0.0075378
0.0013733
-0.0005188
0.0067139
0.0087891
0.013733
0.020386
0.019165
0.018982
0.019928
0.015106
0.014923
0.013367
0.0028076
0.00354
0.0038757
0.0013123
0.0049744
0.0049438
0.00027466
-3.0518e-05
-0.011169
-0.020172
-0.019958
-0.028534
-0.029114
-0.026215
-0.030701
-0.023773
-0.017731
-0.020752
-0.011658
-0.0039368
-0.015076
-0.030334
-0.039948
-0.037842
-0.046021
-0.055145
-0.045685
-0.03064
-0.012299
0.017639
0.050385
0.069275
0.089905
0.10904
0.12247
0.12906
0.11942
0.1041
0.088409
0.054626
0.018127
-0.0039673
-0.025696
-0.050934
-0.068909
-0.077759
-0.083282
-0.077789
-0.066986
-0.053284
-0.038849
-0.02594
-0.014282
-0.00039673
0.011078
0.014801
0.016693
0.024353
0.023621
0.013123
0.010681
0.0036316
-0.010193
-0.015717
-0.020172
-0.029358
-0.028809
-0.02951
-0.030243
-0.014374
-0.006012
-0.00030518
0.0097656
0.01239
0.013947
0.018799
0.019318
0.018036
0.0159
0.0076904
0.0072021
0.0090942
0.005127
0.0046387
0.0050659
0.0038757
0.0084229
0.0081482
0.006958
0.0088806
0.0048523
0.00036621
0.0071716
0.0046692
-0.0081177
-0.0097046
-0.009552
-0.014435
-0.015167
-0.021576
-0.01886
-0.016052
-0.047363
-0.045532
-0.027985
-0.064728
-0.058441
-0.034821
-0.048676
-0.033386
0.0020752
0.01001
0.033905
0.055481
0.060944
0.10043
0.11151
0.095642
0.11166
0.10889
0.078247
0.07486
0.054016
0.02179
0.0019226
-0.025208
-0.050079
-0.056366
-0.079529
-0.08844
-0.0802
-0.082214
-0.072479
-0.045593
-0.041992
-0.032715
-0.013916
-0.0032043
0.011108
0.018066
0.015594
0.025024
0.029694
0.026062
0.03125
0.029327
0.017914
0.012115
0.0028381
-0.0097656
-0.013977
-0.020111
-0.024139
-0.020172
-0.019409
-0.016144
-0.0071411
-0.0050659
-0.0020447
0.001709
0.0030212
0.0068359
0.006134
0.0088806
0.017426
0.016418
0.014069
0.012451
0.0062561
0.0027771
0.0020752
-0.0030823
-0.0073853
-0.015228
-0.014801
-0.0099792
-0.0019836
-0.019104
-0.032684
-0.01828
-0.036194
-0.043365
-0.030212
-0.037201
-0.035339
-0.012909
-0.0028992
0.012268
0.03244
0.037903
0.054108
0.069336
0.06424
0.075592
0.085236
0.07135
0.070984
0.064056
0.048248
0.038239
0.023499
-0.00054932
-0.013794
-0.03421
-0.053741
-0.057129
-0.071686
-0.081329
-0.072021
-0.069183
-0.056824
-0.038696
-0.031281
-0.018158
-0.0050354
-0.00088501
0.0095215
0.012451
0.0098877
0.011902
0.0092773
0.0065308
0.014221
0.014923
0.010742
0.0078125
0.002533
0.0024109
0.0040283
0.00021362
-0.0014648
-0.0022583
-0.002655
0.0033264
0.0056458
0.0020752
0.0013428
0.0025635
0.0051575
0.0068665
0.0041504
0.0054321
0.0054321
0.0057678
0.0071716
0.0026855
3.0518e-05
0.0011902
0.0021973
-0.0010986
-0.004364
-0.0054016
-0.006897
-0.010345
-0.011719
-0.012238
-0.017487
-0.021912
-0.018188
-0.018738
-0.016449
-0.010864
-0.010742
-0.0079651
9.1553e-05
0.0075378
0.018494
0.028503
0.033813
0.043091
0.049774
0.048767
0.047546
0.041656
0.031586
0.028595
0.01944
0.010071
0.0063782
-0.0040894
-0.012054
-0.011963
-0.017883
-0.024933
-0.027863
-0.03476
-0.035339
-0.032318
-0.036804
-0.036255
-0.032959
-0.03006
-0.022644
-0.015808
-0.012115
-0.0036316
0.0020142
0.004364
0.0060425
0.0096436
0.011871
0.013855
0.011414
0.0061035
0.007843
0.010162
0.010193
0.0056763
0.0014954
0.0033875
0.0053406
0.0014343
-0.0039978
-0.0064087
-0.0058594
-0.005127
-0.0039673
-0.0012207
0.0042725
0.0099792
0.012085
0.013824
0.01355
0.013336
0.009613
0.0029602
-0.0030212
-0.006012
-0.0097351
-0.012177
-0.015411
-0.016632
-0.014832
-0.010803
-0.0067139
-0.0033875
-0.00018311
0.0054016
0.0112
0.014954
0.016937
0.018524
0.020569
0.020599
0.018677
0.016327
0.013428
0.0099792
0.005249
0.0035095
0.0012817
-0.0024414
-0.0018005
-0.00021362
-0.0012817
-0.0038757
-0.004303
-0.0073242
-0.0083618
-0.011169
-0.01535
-0.016998
-0.016205
-0.015442
-0.012787
-0.012299
-0.012421
-0.011108
-0.0075989
-0.0068665
-0.0079346
-0.0071716
-0.005127
