0.012878
0.010956
0.0085754
0.0050354
0.0015259
-0.0011597
-0.0029602
-0.0036316
-0.0037842
-0.0036316
-0.0022888
-0.00039673
0.0022583
0.0048828
0.0057983
0.0053101
0.0028687
-0.00045776
-0.0035095
-0.0049133
-0.0054321
-0.0058899
-0.0054321
-0.0039978
-0.0011292
0.0015564
0.0033875
0.0040588
0.0033264
0.0022888
0.0020142
0.0022583
0.0021973
0.0022278
0.0016479
0.00036621
-0.0007019
-0.0021973
-0.0033264
-0.0039673
-0.0057068
-0.0066833
-0.0050659
-0.0015259
0.0038147
0.0088806
0.011841
0.012299
0.010803
0.008606
0.0047913
-0.00018311
-0.0050964
-0.0089111
-0.01123
-0.010925
-0.0083923
-0.0047607
-0.0016174
-0.00024414
0.00079346
0.0021362
0.0037231
0.0050049
0.0049744
0.0043335
0.0034485
0.0021362
0.00067139
9.1553e-05
-0.00057983
-0.0012512
-0.0020142
-0.0023499
-0.0012817
0.00033569
0.002655
0.0039368
0.0038452
0.0025635
-0.00012207
-0.0030823
-0.0046692
-0.0066528
-0.0094299
-0.011871
-0.013489
-0.013519
-0.014404
-0.016937
-0.022095
-0.029419
-0.033875
-0.032074
-0.023041
-0.0088196
0.0056458
0.018646
0.030945
0.041809
0.050354
0.053467
0.049683
0.04007
0.027161
0.014893
0.0059814
-0.00054932
-0.0046997
-0.006897
-0.006897
-0.0044556
-0.00039673
0.0050964
0.0093994
0.010223
0.0079651
0.0029907
-0.002594
-0.0073853
-0.012207
-0.017151
-0.02179
-0.02359
-0.021729
-0.0177
-0.012543
-0.0071716
-0.0030823
-0.00030518
0.0023499
0.0041809
0.0040588
0.0014954
-0.0027771
-0.0076599
-0.011932
-0.014191
-0.014221
-0.012085
-0.010071
-0.0081482
-0.004303
0.0010376
0.0062866
0.010773
0.012756
0.012512
0.01059
0.0074768
0.0046692
0.0019836
-0.0012817
-0.0061035
-0.010986
-0.014679
-0.014679
-0.0075989
0.0027161
0.012024
0.020081
0.023773
0.024902
0.024719
0.020599
0.011963
0.00079346
-0.0091553
-0.014648
-0.013672
-0.0083008
-0.002655
0.0022583
0.0064087
0.010345
0.01358
0.014343
0.010834
0.0022888
-0.0074768
-0.014832
-0.017639
-0.015625
-0.012604
-0.010071
-0.0057983
-0.0014648
0.0033875
0.0089722
0.0093384
0.0048828
-0.00024414
-0.0065918
-0.011536
-0.012451
-0.013397
-0.012451
-0.0063171
-0.00021362
-0.0014648
-0.01062
-0.033447
-0.062561
-0.076691
-0.06955
-0.046539
-0.011932
0.022369
0.049805
0.077637
0.10468
0.11984
0.11441
0.089691
0.051819
0.014557
-0.011841
-0.027832
-0.036255
-0.036835
-0.030365
-0.016022
0.0042114
0.024139
0.033478
0.027985
0.013885
-0.005249
-0.022614
-0.035187
-0.045715
-0.055847
-0.060089
-0.053528
-0.037994
-0.017395
0.0031738
0.016418
0.021179
0.021729
0.018738
0.012817
0.0048828
-0.006073
-0.018127
-0.026886
-0.029419
-0.026337
-0.018555
-0.0092773
-0.0015259
0.0064697
0.013
0.01767
0.020355
0.019318
0.014069
0.0079956
0.0029907
-0.00088501
-0.0032043
-0.0040588
-0.0022278
0.0030212
0.0097046
0.015594
0.019257
0.020142
0.017242
0.011353
0.0038757
-0.0023804
-0.0055237
-0.0065002
-0.0062561
-0.0049744
-0.0036316
-0.0025024
0.00088501
0.0033569
0.0029602
0.0019531
-0.00033569
-0.0014954
0.0010681
0.0043945
0.0062256
0.0072632
0.0066223
0.0046082
0.0031433
0.00085449
-0.0024109
-0.0067749
-0.010773
-0.01181
-0.01001
-0.0081177
-0.006073
-0.0041199
-0.0038452
-0.0038147
-0.0039978
-0.0056152
-0.0079651
-0.0064392
-0.0038452
-0.0033875
-0.0023193
-0.00067139
-0.0021057
-0.00039673
0.0013123
-0.0027466
-0.0072327
-0.0060425
-0.0049744
-0.0013733
0.0043335
-0.0018921
-0.010162
-0.013947
-0.018768
-0.021301
-0.01651
-0.01358
-0.0063171
0.010712
0.02887
0.043579
0.054291
0.053741
0.046448
0.04007
0.031036
0.018555
0.0065002
-0.0045776
-0.011658
-0.0090942
-0.0021057
0.002594
0.0050964
0.0059509
0.0041504
0.0014954
-0.004425
-0.012878
-0.024017
-0.032013
-0.034729
-0.031219
-0.024841
-0.0177
-0.011658
-0.0054321
0.0019226
0.0073547
0.0068359
0.0021362
-0.0045166
-0.010437
-0.012634
-0.013855
-0.013794
-0.013458
-0.0089111
-0.003418
0.00091553
0.003479
0.0034485
0.0013123
0.00091553
-0.00027466
0.00073242
0.0029602
0.0065002
0.010742
0.016785
0.022522
0.024048
0.021423
0.015808
0.010406
0.0065613
0.0037537
0.0020447
0.00085449
0.00030518
0.0025635
0.0057983
0.0075073
0.0066223
0.0031433
-0.002655
-0.0083008
-0.012665
-0.014282
-0.014893
-0.014893
-0.012329
-0.0094299
-0.0058289
0.00039673
0.0021667
0.00097656
0.0023193
-0.0012207
-0.0059204
-0.0048828
-0.0074463
-0.016022
-0.012054
-0.014984
-0.028717
-0.028442
-0.029053
-0.046875
-0.04425
-0.037048
-0.031128
-0.0048523
0.030212
0.045563
0.06015
0.077301
0.078461
0.07782
0.075409
0.052643
0.024689
0.011566
0.0018005
-0.0031738
-0.00076294
0.0013428
-0.0011597
0.006958
0.015808
0.014343
0.0057373
-0.0066223
-0.02478
-0.035858
-0.038177
-0.041626
-0.045288
-0.04129
-0.033997
-0.023346
-0.0078125
0.0034485
0.0050964
0.0072021
0.010437
0.0093384
0.0072937
0.0031128
-0.0073242
-0.014618
-0.015594
-0.017944
-0.018829
-0.016296
-0.012604
-0.0084534
-0.00088501
0.0060425
0.0091248
0.0091553
0.0090332
0.0058594
0.0020447
-0.00091553
-0.0059509
-0.012146
-0.0092468
-0.0030212
0.0021362
0.0098267
0.016602
0.017792
0.023102
0.027832
0.024323
0.01828
0.011475
0.0033875
0.00042725
0.002533
0.00036621
-0.0033569
-0.0032349
0.00030518
0.0057068
0.0097351
0.0066528
0.00082397
-0.0027161
-0.0026855
-0.0039368
-0.0083923
-0.014465
-0.016418
-0.011719
-0.0054016
-0.0021973
-0.0033264
-0.0049438
-0.0026245
0.00082397
0.0036316
-0.003479
-0.013092
-0.012512
-0.0090332
-0.0080872
0.0014038
-0.001709
-0.011169
-0.0024414
0.0081177
-0.006897
-0.010895
-0.01593
-0.039886
-0.044861
-0.029175
-0.031525
-0.022888
0.0062256
0.022827
0.037506
0.063599
0.069763
0.062256
0.06424
0.054932
0.034943
0.024902
0.015991
0.0010681
-0.0015259
0.0023193
-0.0013123
-0.00054932
0.0058594
0.0035706
-0.00021362
-0.00042725
-0.0075684
-0.020447
-0.023804
-0.027527
-0.034607
-0.034607
-0.031921
-0.032135
-0.024872
-0.014496
-0.0098572
-0.0055237
0.0014038
0.0032959
0.0054932
0.0089417
0.0040894
-0.0023499
-0.0067749
-0.013092
-0.016907
-0.015686
-0.015686
-0.018524
-0.015869
-0.0082092
-0.0014038
0.0046082
0.011292
0.013489
0.015686
0.01944
0.020233
0.017151
0.014221
0.0088196
0.0074768
0.010986
0.01358
0.013458
0.015564
0.016449
0.0177
0.020538
0.018036
0.0089722
0.0031433
-0.0034485
-0.0092468
-0.012085
-0.017151
-0.024109
-0.021942
-0.016479
-0.012848
-0.0067444
-0.0039368
-0.0075684
-0.0041199
-0.0050659
-0.012848
-0.0088806
-0.0057983
-0.010803
-0.0056458
-0.0012512
-0.010803
-0.015533
-0.017761
-0.043823
-0.058228
-0.052979
-0.052063
-0.033875
-0.0030823
0.018097
0.045227
0.083557
0.10468
0.10483
0.10056
0.074707
0.048981
0.034454
0.013641
-0.012238
-0.023193
-0.025665
-0.018188
-0.0013428
0.010468
0.006897
0.0089417
0.010895
0.0047913
-0.0067749
-0.021973
-0.039673
-0.049744
-0.047211
-0.042664
-0.038422
-0.029236
-0.018066
-0.0045166
0.008606
0.015625
0.013824
0.010986
0.0085449
0.0043945
-0.00036621
-0.0074768
-0.014862
-0.018921
-0.018463
-0.018127
-0.019287
-0.015472
-0.0094299
-0.00015259
0.0083008
0.013641
0.016632
0.016968
0.017242
0.015076
0.0076904
0.0012512
-0.0035706
-0.0062256
-0.0046387
-0.00076294
0.0023804
0.0068665
0.012604
0.016785
0.017944
0.017548
0.013275
0.006073
0.0021057
-0.0032654
-0.0078125
-0.010864
-0.014191
-0.013184
-0.012512
-0.008728
0.00054932
0.0012207
0.0037842
0.0049744
0.0014038
0.0016479
0.0061646
0.0021362
-0.0092468
-0.013092
-0.0055237
-0.0083313
-0.01709
-0.03598
-0.063049
-0.07251
-0.058838
-0.045929
-0.029114
-0.0075989
0.02356
0.062927
0.10205
0.11505
0.10526
0.092072
0.079773
0.062347
0.0383
0.0046692
-0.026245
-0.034851
-0.027252
-0.019562
-0.016907
-0.01474
-0.0079041
0.0038452
0.0097656
0.004425
-0.0094604
-0.020081
-0.026215
-0.029907
-0.0354
-0.042816
-0.042297
-0.033173
-0.021545
-0.010345
-0.0015564
0.0061035
0.013733
0.019897
0.019775
0.012878
0.0042114
-0.0036621
-0.011627
-0.018585
-0.024139
-0.028351
-0.030365
-0.023376
-0.016235
-0.0090027
0.0041199
0.014954
0.021942
0.028656
0.027802
0.023682
0.021484
0.01535
0.0049133
0.0023499
0.0030823
0.0028076
0.0073853
0.010803
0.0090942
0.011871
0.014526
0.011353
0.0082092
0.0025635
-0.0053406
-0.0097351
-0.010773
-0.013947
-0.0159
-0.013885
-0.014282
-0.013489
-0.0056458
-0.0055542
-0.0033569
0.0015869
-0.00039673
-0.0048218
0.00015259
-0.005249
-0.018341
-0.027039
-0.041382
-0.057648
-0.049805
-0.043854
-0.040771
-0.014679
0.010925
0.035828
0.067535
0.085693
0.084259
0.087646
0.083527
0.065643
0.051788
0.031097
0.0043945
-0.0065918
-0.014282
-0.02417
-0.02298
-0.019318
-0.017456
-0.0099487
-0.0054321
-0.0082092
-0.0075378
-0.0081177
-0.015015
-0.019196
-0.022003
-0.027283
-0.027466
-0.023621
-0.022064
-0.01709
-0.010529
-0.0095215
-0.004303
0.0038452
0.0068054
0.0081177
0.007843
0.0054626
0.0033264
0.00045776
-0.0053406
-0.013306
-0.018188
-0.018494
-0.014435
-0.009491
-0.0032654
0.0048523
0.013245
0.021729
0.028259
0.029388
0.026367
0.023346
0.016907
0.010071
0.0057678
3.0518e-05
-0.0037537
-0.0037842
-0.002655
-0.0012207
0.0010681
0.00076294
-0.0018921
-0.0039673
-0.0054321
-0.0093994
-0.012756
-0.014832
-0.016632
-0.018311
-0.016052
-0.017426
-0.015106
-0.010956
-0.0057678
-0.0019836
0.0046387
0.006897
0.0099792
0.0059204
-0.00088501
-0.01767
-0.033905
-0.04184
-0.048035
-0.048431
-0.035126
-0.02121
0.0014954
0.030762
0.054596
0.070709
0.084381
0.085419
0.082123
0.074921
0.05838
0.040131
0.02478
0.0065918
-0.0067444
-0.0159
-0.024292
-0.027802
-0.026306
-0.025696
-0.023529
-0.018585
-0.017303
-0.012848
-0.0093384
-0.01181
-0.013611
-0.014374
-0.018982
-0.020142
-0.018982
-0.020691
-0.019989
-0.014313
-0.0089111
-0.0028687
0.0019226
0.0048523
0.0081482
0.0093689
0.0072937
0.0047302
-0.0021057
-0.0074463
-0.010162
-0.012482
-0.010376
-0.0083008
-0.0058289
0.0016479
0.0059204
0.011505
0.016846
0.019135
0.019287
0.019073
0.016449
0.015808
0.013519
0.0091858
0.0062561
0.0050049
0.0016785
0.0021667
0.0013428
-0.00354
-0.0049744
-0.004425
-0.0064697
-0.0062866
-0.0057373
-0.0084229
-0.011597
-0.014618
-0.017853
-0.021088
-0.019989
-0.020142
-0.020599
-0.012665
-0.004303
-0.0020447
0.00082397
-0.0095215
-0.024963
-0.026825
-0.036713
-0.043762
-0.039276
-0.031067
-0.016113
0.012939
0.038635
0.058105
0.080841
0.094025
0.097107
0.10025
0.087036
0.065186
0.047913
0.024872
0.0016785
-0.013
-0.030121
-0.041718
-0.042969
-0.045258
-0.042023
-0.033691
-0.028503
-0.020813
-0.013123
-0.008606
-0.0046692
-0.0016174
-0.0028076
-0.0036316
-0.0047913
-0.0082092
-0.010864
-0.014252
-0.017609
-0.017456
-0.017151
-0.017487
-0.014618
-0.010468
-0.0061035
-0.0021973
0.0005188
0.0018311
6.1035e-05
0.0016479
0.00048828
-0.0014038
0.0013733
0.0030823
0.0046692
0.01059
0.013458
0.016998
0.020477
0.02066
0.018433
0.018494
0.016968
0.016479
0.015533
0.011932
0.0091248
0.0082397
0.0046692
0.0020447
-0.0025635
-0.008667
-0.0097961
-0.011658
-0.01593
-0.014832
-0.016968
-0.019287
-0.01767
-0.018463
-0.019623
-0.015656
-0.015503
-0.011902
-0.0029907
-0.0027161
-0.0013733
0.0046387
-0.004364
-0.013031
-0.016937
-0.030273
-0.034027
-0.032715
-0.034424
-0.018799
-0.0033569
0.0058594
0.030914
0.049713
0.055969
0.071289
0.074432
0.069855
0.071747
0.06012
0.042725
0.034058
0.015717
-0.004425
-0.012207
-0.026581
-0.038361
-0.038177
-0.043365
-0.042053
-0.03009
-0.024872
-0.015503
-0.0031128
0.00012207
0.0039673
0.0093384
0.0046997
0.0020142
0.00015259
-0.0066833
-0.010315
-0.010498
-0.015442
-0.017242
-0.017792
-0.020172
-0.019745
-0.015808
-0.016388
-0.011597
-0.0047913
0.00027466
0.0080261
0.013275
0.016113
0.021851
0.024414
0.021301
0.020447
0.016632
0.011414
0.0079041
0.0030518
-0.00027466
0.0005188
-0.00048828
-0.00054932
0.0014954
0.00057983
0.0010376
0.0016174
-0.00036621
-0.0025635
-0.004303
-0.0048828
-0.0071716
-0.0090027
-0.0081177
-0.01236
-0.014374
-0.011444
-0.013824
-0.019135
-0.016907
-0.025116
-0.040009
-0.031616
-0.036011
-0.05014
-0.03186
-0.022522
-0.023224
0.0079041
0.022705
0.031067
0.060822
0.072662
0.073425
0.092987
0.088196
0.074951
0.074524
0.05484
0.031433
0.02063
-0.0062561
-0.026306
-0.032532
-0.049744
-0.056824
-0.051392
-0.055939
-0.048828
-0.0336
-0.029297
-0.016357
-0.0018005
0.00048828
0.010559
0.018219
0.014008
0.015808
0.013794
0.0043945
0.0020142
-0.0029907
-0.011475
-0.012329
-0.016388
-0.021393
-0.021332
-0.022247
-0.022217
-0.018402
-0.015564
-0.0085144
-0.00073242
0.0054016
0.012817
0.019714
0.02301
0.026184
0.026917
0.023926
0.022491
0.019104
0.011505
0.0082703
0.0044556
-0.0019531
-0.002655
-0.0040283
-0.0062561
-0.0052795
-0.0067749
-0.0075378
-0.0039368
-0.0052185
-0.006073
-0.0028381
-0.0058289
-0.008728
-0.0073547
-0.0088806
-0.010284
-0.0090332
-0.0091858
-0.0092773
-0.0092468
-0.0082092
-0.01178
-0.022278
-0.022247
-0.026428
-0.034515
-0.030304
-0.02475
-0.022156
-0.0058594
0.0052185
0.016296
0.03772
0.050323
0.057007
0.072723
0.074982
0.072571
0.072479
0.059418
0.04538
0.034912
0.013641
-0.0031128
-0.014923
-0.031769
-0.041077
-0.0448
-0.051056
-0.049866
-0.046814
-0.047424
-0.039337
-0.030853
-0.026459
-0.016144
-0.0064392
-0.00082397
0.0073853
0.014709
0.018311
0.022125
0.023895
0.02121
0.018707
0.016022
0.01004
0.006012
0.0022888
-0.0030823
-0.0041504
-0.0056458
-0.0075378
-0.0062561
-0.0052185
-0.005249
-0.0039062
-0.0039673
-0.0047607
-0.0057678
-0.0059814
-0.0075989
-0.010284
-0.009491
-0.0096436
-0.0097046
-0.0057373
-0.0067139
-0.0065002
-0.0016785
-0.010406
-0.01474
-0.016876
-0.028625
-0.031586
-0.030914
-0.038635
-0.030579
-0.022308
-0.01709
9.1553e-05
0.018402
0.02951
0.050629
0.064514
0.074158
0.086731
0.088745
0.085205
0.085754
0.073853
0.059875
0.046722
0.026154
0.0074768
-0.0085754
-0.030701
-0.046875
-0.058868
-0.072113
-0.077026
-0.076996
-0.077759
-0.070007
-0.059296
-0.049988
-0.034851
-0.022339
-0.011749
0.00073242
0.0093384
0.014923
0.020416
0.022095
0.023804
0.025696
0.022552
0.019135
0.015594
0.009491
0.0062256
0.0029297
-0.0011292
-0.0016479
-0.0026855
-0.0027771
0.00097656
0.0027161
0.0039978
0.0086975
0.009552
0.0094604
0.010895
0.01062
0.0097351
0.0088196
0.0048523
0.0024719
0.0014648
-0.0019531
-0.0035095
-0.0042114
-0.0064697
-0.0070801
-0.0076294
-0.010193
-0.0097961
-0.0098877
-0.0096741
-0.0083923
-0.0083923
-0.0079651
-0.0066223
-0.0062866
-0.0046387
-0.0023499
-0.0016479
-0.00057983
0.0019226
0.0032654
0.0041199
0.0059814
0.0068665
0.0081787
0.0083313
0.0071106
0.0073853
0.0083008
0.0067749
0.0050049
0.0046387
0.0046997
0.0047913
0.0054626
0.005249
0.0064392
0.007782
0.0064697
0.0054016
0.0050659
0.0026245
0.00033569
-0.0010986
-0.0034485
-0.0046692
-0.0061035
-0.0077515
-0.0081482
-0.0090637
-0.0097351
-0.010315
-0.011169
-0.012024
-0.011353
-0.0094604
-0.006897
-0.0055542
-0.0026855
0.00045776
0.0018616
0.0030518
0.0039062
0.0048828
0.004425
0.0030212
0.0032654
