0.00054932
0.00045776
9.1553e-05
-0.00039673
-3.0518e-05
0.00018311
0.00027466
0.00033569
0.00061035
0.00067139
-0.00012207
-9.1553e-05
-9.1553e-05
0.00018311
-0.00057983
-0.00045776
-0.00021362
-0.00045776
0.00039673
-6.1035e-05
-0.00012207
-0.00064087
-0.00048828
-0.0007019
-0.00024414
-0.00048828
-0.00021362
0.00030518
-0.00061035
-0.00021362
-0.00091553
-0.00015259
-0.00012207
-0.00079346
0.00024414
-0.00015259
0
-0.00064087
0.00021362
0.00082397
-9.1553e-05
0.00079346
0.00042725
0.0016785
-0.00030518
0.00030518
0.0007019
6.1035e-05
0.0011902
-0.0032043
0.0015869
0.0019226
-0.005249
0.00024414
0.0046082
-0.00067139
-0.00030518
0.0035706
0.0018311
0.00012207
-0.015808
0.018707
-0.0053711
-0.0090942
0.015167
-0.007019
-0.00088501
0.00042725
0.0032349
-0.0036316
-6.1035e-05
-0.00033569
-0.0022888
-0.00042725
0.00027466
-0.00018311
0.0010071
-0.0010376
3.0518e-05
0.002594
-0.001709
0.0013123
-0.0018311
0.0010681
0.00012207
0.0014343
-0.00082397
0.0024109
3.0518e-05
-0.0038147
-0.00067139
-0.0010681
-0.0010681
-0.0015564
0.00079346
0.0048828
0.0041809
-0.0033875
0.0061646
-0.011047
-0.045502
0.020447
-0.009552
0.0091553
0.035919
0.020905
0.014038
0.019257
0.0081482
-0.033691
-0.022034
-0.030182
-0.017303
0.0047302
0.0084534
0.016205
0.010834
0.012573
0.0097351
0.0024719
-0.0018921
-0.032806
-0.015198
-0.014679
-0.014923
-0.0038757
-0.0011292
0.0088196
0.0089111
0.025391
0.025116
0.020477
0.011322
0.0028687
-0.0038452
-0.013336
-0.015686
-0.022644
-0.025726
-0.022003
-0.018768
-0.011597
-0.0031433
0.0021057
0.011505
0.019958
0.027252
0.027893
0.029205
0.023956
0.020599
0.02243
0.011658
0.0056152
-0.00061035
-0.0081787
-0.0093384
-0.011017
-0.014648
-0.012573
-0.010895
-0.0069885
0.0042725
0.0056152
0.0039368
0.0016479
-0.0024719
-0.0066833
-0.003418
-0.013397
-0.022827
-0.016876
-0.020203
-0.020538
-0.015839
-0.021301
-0.015961
-0.0062866
0.00024414
-0.0013123
-0.04953
-0.055817
-0.071381
-0.073059
-0.034119
-0.014465
-0.011322
0.013977
0.05191
0.074402
0.13474
0.14893
0.13287
0.12671
0.10977
0.077179
0.072327
0.03302
-0.025085
-0.052765
-0.086761
-0.10367
-0.088715
-0.085327
-0.090118
-0.066711
-0.058533
-0.035156
0.0096436
0.029266
0.035309
0.04657
0.035675
0.024841
0.033386
0.020447
0.0015564
-0.012695
-0.037872
-0.054413
-0.04657
-0.043365
-0.035095
-0.017944
-0.015778
-0.0050659
0.015381
0.027252
0.032745
0.036621
0.016052
0.0063171
0.0034485
-0.0059204
-0.005127
-0.0067749
-0.014648
-0.013458
0.0037537
0.01236
0.029022
0.037781
0.032379
0.034332
0.034424
0.032043
0.030731
0.021027
0.0058594
-0.0039368
-0.012543
-0.018433
-0.018066
-0.022217
-0.022064
-0.020294
-0.029877
-0.027496
-0.019623
-0.016632
-0.007843
-0.0076904
-0.020203
-0.011902
-0.025299
-0.032288
-0.049469
-0.14545
-0.14987
-0.16437
-0.14084
-0.044983
0.027588
0.068604
0.12473
0.19669
0.20926
0.27902
0.27954
0.21335
0.15775
0.079163
-0.0068665
-0.044342
-0.08429
-0.1507
-0.168
-0.1796
-0.17145
-0.10806
-0.04248
-0.009552
0.037842
0.058838
0.061859
0.083618
0.086212
0.060333
0.030792
-0.01355
-0.069366
-0.088531
-0.094666
-0.095276
-0.07782
-0.062927
-0.052826
-0.020294
0.022034
0.050293
0.082336
0.091522
0.076996
0.060974
0.041687
0.016266
-0.0091858
-0.035126
-0.071655
-0.090485
-0.092987
-0.080994
-0.047638
-0.01297
0.02063
0.049835
0.082275
0.099213
0.10538
0.098785
0.071747
0.046539
0.016357
-0.010834
-0.032349
-0.048187
-0.056061
-0.055817
-0.042786
-0.029663
-0.015289
0.0038757
0.01178
0.010254
0.0091553
0.0069885
0.0026855
0.006134
-0.0027161
-0.016388
-0.015808
-0.043976
-0.066986
-0.08017
-0.18573
-0.19968
-0.18506
-0.17322
-0.051819
0.053558
0.11456
0.17819
0.25882
0.26028
0.29926
0.31033
0.21988
0.14923
0.059967
-0.052002
-0.11398
-0.13504
-0.18393
-0.18924
-0.16626
-0.15704
-0.094574
-0.013153
0.032959
0.07782
0.10065
0.084717
0.076874
0.071716
0.034088
-0.00033569
-0.039673
-0.093109
-0.12088
-0.12198
-0.11218
-0.082031
-0.041962
-0.01825
0.01239
0.05014
0.073273
0.094055
0.10355
0.08255
0.051819
0.023102
-0.01236
-0.044434
-0.061066
-0.082184
-0.096558
-0.088776
-0.072174
-0.04422
-0.00012207
0.044067
0.075653
0.10388
0.11203
0.10315
0.091919
0.06778
0.038025
0.010101
-0.019379
-0.047699
-0.060516
-0.062317
-0.057007
-0.035339
-0.016876
-0.0071716
0.0067444
0.012787
0.013428
0.014069
0.006897
-0.0016479
-0.01297
-0.021912
-0.026123
-0.022552
-0.02243
-0.026672
-0.041962
-0.15067
-0.19025
-0.19888
-0.20667
-0.081665
0.020203
0.082916
0.14944
0.21436
0.22687
0.27667
0.31287
0.24924
0.20279
0.11227
-0.0072021
-0.068848
-0.10663
-0.15164
-0.1608
-0.15186
-0.1662
-0.12967
-0.072083
-0.034851
0.02359
0.060303
0.063904
0.067566
0.069458
0.048645
0.032257
0.012482
-0.030975
-0.057037
-0.075562
-0.088226
-0.084106
-0.068207
-0.048004
-0.023193
0.008667
0.026794
0.045959
0.059143
0.057739
0.052765
0.040466
0.018158
-0.0084229
-0.025818
-0.050659
-0.060669
-0.063049
-0.059326
-0.039459
-0.017365
0.01181
0.040649
0.06958
0.08493
0.090149
0.085999
0.067383
0.051575
0.033447
0.013275
-0.0063477
-0.027191
-0.041718
-0.049377
-0.046448
-0.036652
-0.027039
-0.018158
-0.017975
-0.023712
-0.024048
-0.018799
-0.016663
-0.013824
-0.0063171
-0.0018921
0.0041809
0.010834
0.019684
-0.054657
-0.1221
-0.14749
-0.20871
-0.16098
-0.070282
-0.007843
0.05545
0.12469
0.14978
0.17328
0.24301
0.24283
0.24069
0.22852
0.14447
0.070709
0.014648
-0.046448
-0.087128
-0.092743
-0.12173
-0.146
-0.13287
-0.14243
-0.12399
-0.085449
-0.059265
-0.025604
0.011841
0.03067
0.036835
0.056824
0.050537
0.045624
0.048004
0.029083
0.014618
-0.0050964
-0.027466
-0.043976
-0.046204
-0.045044
-0.039093
-0.025848
-0.023804
-0.018494
-0.013092
-0.0067444
-6.1035e-05
0.0075684
0.011932
0.0094604
0.014587
0.014038
0.018311
0.022583
0.020355
0.020355
0.020233
0.021759
0.019287
0.021606
0.015503
0.012054
0.013672
0.011383
0.011414
0.0055542
0.00048828
-0.0062256
-0.011169
-0.012756
-0.013336
-0.013824
-0.018005
-0.023743
-0.030762
-0.032928
-0.030518
-0.025421
-0.017944
-0.010651
-0.0044556
0.005249
0.016174
0.028717
0.043304
0.024353
-0.0050354
-0.02475
-0.064331
-0.074127
-0.056641
-0.045105
-0.028076
-0.0059204
0.006897
0.016022
0.046417
0.064514
0.082764
0.10608
0.10443
0.10092
0.088165
0.066315
0.044189
0.027405
0.011993
-0.0076294
-0.018402
-0.037964
-0.05838
-0.074585
-0.086243
-0.08493
-0.074188
-0.056122
-0.03833
-0.02475
-0.012451
-0.0041809
0.0029297
0.011505
0.017181
0.018372
0.019775
0.014954
0.0093689
0.0062256
0.0030212
0.0048218
0.0053101
0.0053711
-0.00057983
-0.0054932
-0.01181
-0.016998
-0.011292
-0.0049438
0.0029297
0.0086365
0.0081787
0.0033875
0.0033264
0.0019531
0.0031128
0.010315
0.008606
0.0028687
-0.0028076
-0.010132
-0.0082703
-0.002594
0.0041199
0.0096741
0.013641
0.013062
0.011047
0.010315
0.0062561
0.002533
-0.00012207
-0.0063782
-0.012299
-0.014923
-0.017395
-0.016205
-0.011108
-0.0071716
-0.0019531
0.0043945
0.010742
0.017181
0.0242
0.03006
0.028748
0.021545
0.012512
-0.00048828
-0.013031
-0.018372
-0.0242
-0.027649
-0.025299
-0.024109
-0.022614
-0.013794
-0.009491
-0.0073242
-0.00057983
-0.0011902
0.00061035
0.003418
0.004425
0.003418
0.0068054
0.0047913
0.0005188
0.0011597
-0.0036621
-0.0042114
-0.0029602
-0.0010986
0.0023193
0.011017
0.018738
0.027588
0.038086
0.039001
0.039886
0.035614
0.02536
0.015289
0.0084229
0.0015564
-0.0042725
-0.0065002
