-3.0518e-05
0.00018311
-3.0518e-05
0.00021362
-3.0518e-05
9.1553e-05
3.0518e-05
0.0007019
0.00030518
3.0518e-05
-0.00039673
0.00018311
-6.1035e-05
-0.00012207
-0.00033569
9.1553e-05
0.00012207
0
-0.00073242
-0.00048828
-0.00033569
0.00018311
-0.00021362
-0.00030518
-0.00012207
0
0.00021362
-0.00039673
-0.00067139
-0.00042725
9.1553e-05
0.00054932
-0.00024414
-0.00042725
-0.00042725
-0.0010376
-0.0014648
-0.00021362
0.00027466
0.00042725
0.00030518
0.00073242
0.00012207
-3.0518e-05
-0.00027466
6.1035e-05
-0.00045776
-0.00021362
0.00036621
0.0010071
0.00085449
0.00042725
0.00027466
9.1553e-05
0.00012207
-0.00067139
0.00018311
-0.00012207
0
0.00021362
0.00082397
0.00048828
0.00064087
0.0007019
0.00082397
0.00039673
-0.00018311
0.0010071
-0.00039673
-0.00094604
3.0518e-05
-0.00024414
-0.00054932
6.1035e-05
0.00045776
-0.00048828
0.00048828
0.0010986
0.0021057
0.00045776
-0.0016479
-0.00054932
-0.00012207
0.00039673
0.00024414
-3.0518e-05
-0.00036621
-0.0010376
-0.00042725
0.0050049
-0.035858
0.0046692
0.021851
-0.01004
0.015076
0.01413
3.0518e-05
-0.0046997
0.0093689
0.0029602
-0.054169
0.023621
0.018219
-0.03064
0.037476
-0.068665
0.0042419
0.058136
-0.01355
0.0084839
0.042633
-0.053894
-0.017914
0.10269
-0.060638
-0.041229
0.057526
0.0071716
-0.043182
-0.018951
-0.046997
-0.049408
-0.011719
0.041901
0.040619
0.039307
0.028687
0.037445
0.041901
-0.0094299
-0.014374
-0.02774
-0.038727
-0.01355
-0.0015564
-0.027161
-0.019318
0.0062561
0.0023804
0.033539
0.031921
0.022247
0.014648
0.0074158
-0.0068054
-0.01062
-0.0091553
-0.024261
-0.02298
-0.016754
-0.018707
-0.014069
-9.1553e-05
-0.014221
-0.0072021
0.0028381
0.00012207
0.0007019
0.014221
0.0036316
0.00018311
0.0072327
0.0025635
9.1553e-05
-0.0025024
-0.0040283
0.00039673
0.0040283
0.0059204
0.015076
0.026703
0.025238
0.022705
0.033783
0.024292
0.011383
0.0090027
0.001709
-0.0084534
-0.011322
-0.011963
-0.019806
-0.015289
-0.011841
-0.0083008
-0.00079346
-0.0054626
-0.0053406
0.0050659
0.010254
0.00061035
-6.1035e-05
-0.0023499
-0.0085449
0.0021973
-0.0036316
-0.011444
-0.011749
-0.01712
-0.013733
-0.0080872
-0.010864
-0.014313
-0.0075989
-0.011292
-0.0072632
-0.0081482
-0.004303
-0.0336
-0.080566
-0.049774
-0.096344
-0.08667
-0.0038452
0.0015869
0.0012512
0.046204
0.091003
0.095428
0.15585
0.16367
0.12814
0.12848
0.10425
0.065552
0.04248
0.011719
-0.052124
-0.073853
-0.099609
-0.11374
-0.11121
-0.092926
-0.096588
-0.070709
-0.035278
-0.021698
0.017639
0.045929
0.056976
0.046814
0.051575
0.026001
0.017212
0.014954
-0.0088501
-0.03125
-0.044586
-0.054474
-0.059662
-0.03656
-0.030273
-0.020142
-0.00033569
0.01123
0.022278
0.037628
0.038727
0.02594
0.021423
0.010712
-0.0021973
-0.010376
-0.012299
-0.013031
-0.0081177
0.0029602
0.0059814
0.0159
0.024414
0.035645
0.038116
0.036682
0.036102
0.027435
0.024414
0.012024
0.0026245
-0.0054016
-0.017914
-0.027344
-0.029846
-0.025055
-0.025299
-0.022491
-0.023315
-0.0242
-0.015961
-0.0079956
-0.0020142
-0.0040283
-0.012817
-0.012787
-0.022186
-0.042297
-0.061462
-0.13666
-0.16467
-0.15408
-0.12283
-0.042908
0.046936
0.093689
0.13437
0.19388
0.2243
0.24976
0.26135
0.20972
0.13339
0.063324
-0.009491
-0.071716
-0.10638
-0.13611
-0.17203
-0.16647
-0.14737
-0.10889
-0.048279
0.0084229
0.046875
0.065765
0.080688
0.07486
0.07074
0.059052
0.024933
-0.020599
-0.064636
-0.098175
-0.1145
-0.10242
-0.080811
-0.057861
-0.027008
0.0027161
0.035492
0.069214
0.091339
0.093842
0.083862
0.062378
0.027344
-0.0030823
-0.02356
-0.047913
-0.074066
-0.087219
-0.091187
-0.083191
-0.050598
-0.018616
0.013519
0.051636
0.079376
0.091461
0.10129
0.094971
0.073181
0.051147
0.021667
-0.014984
-0.038605
-0.055023
-0.063202
-0.054688
-0.037598
-0.021393
-0.0075989
0.008606
0.018738
0.026886
0.029602
0.021301
0.0093079
0.0020447
-0.010529
-0.027924
-0.03653
-0.039581
-0.044098
-0.036469
-0.049042
-0.065979
-0.10037
-0.16547
-0.15732
-0.12619
-0.067688
0.03299
0.11938
0.15945
0.1954
0.2348
0.23267
0.23389
0.22086
0.14453
0.062775
-0.0096436
-0.082672
-0.13065
-0.14365
-0.15189
-0.14828
-0.1095
-0.079224
-0.035522
0.019745
0.063171
0.083923
0.086609
0.075165
0.04364
0.016571
-0.016479
-0.05603
-0.08725
-0.10809
-0.11862
-0.11157
-0.080017
-0.041962
0.0011902
0.040314
0.06839
0.082977
0.085449
0.083099
0.068878
0.044586
0.012756
-0.02359
-0.055511
-0.078247
-0.086517
-0.082916
-0.068115
-0.053711
-0.031769
-0.0039673
0.023529
0.058105
0.081207
0.09549
0.093628
0.077545
0.054352
0.033752
0.01236
-0.0090942
-0.023407
-0.040253
-0.05069
-0.044891
-0.02713
-0.0073547
0.0092773
0.017548
0.025024
0.027008
0.019867
0.012665
0.007019
-0.006012
-0.014923
-0.019379
-0.036255
-0.046356
-0.044128
-0.041412
-0.0242
-0.028046
-0.046631
-0.074432
-0.15375
-0.16666
-0.14307
-0.10141
-0.0032349
0.099121
0.15155
0.18216
0.2218
0.21976
0.22043
0.22803
0.17221
0.0979
0.024109
-0.057892
-0.11887
-0.14636
-0.14709
-0.14264
-0.11011
-0.084442
-0.058197
-0.011078
0.03241
0.065094
0.086853
0.088623
0.062286
0.031433
-0.0071106
-0.04892
-0.075623
-0.090515
-0.097015
-0.097137
-0.081543
-0.057281
-0.025879
0.015747
0.049561
0.069153
0.074646
0.071381
0.056396
0.037018
0.01712
-0.0067749
-0.025604
-0.045807
-0.064087
-0.072052
-0.068298
-0.054169
-0.032501
-0.003418
0.018768
0.037842
0.059235
0.074463
0.080597
0.082123
0.073273
0.052612
0.032074
0.007782
-0.012817
-0.0271
-0.036072
-0.038849
-0.03363
-0.025177
-0.018585
-0.0027771
0.0070801
0.0081177
0.0056458
0.0038757
0.0023499
-0.0025635
-0.0039673
-0.014343
-0.022034
-0.024292
-0.027802
-0.024719
-0.016357
-0.022644
-0.039734
-0.060516
-0.13638
-0.17526
-0.16553
-0.14209
-0.060852
0.051727
0.12576
0.17477
0.22058
0.2265
0.21744
0.22061
0.19052
0.14145
0.084717
0.010864
-0.062592
-0.12039
-0.15106
-0.16223
-0.14114
-0.1087
-0.078156
-0.044373
-0.018524
0.0068359
0.037323
0.063904
0.077698
0.072815
0.050873
0.018616
-0.019623
-0.050446
-0.066925
-0.073395
-0.069763
-0.059631
-0.05188
-0.039215
-0.0242
-0.0061646
0.017578
0.038086
0.050323
0.053314
0.045197
0.026489
0.0096436
-0.0073242
-0.018005
-0.022369
-0.02594
-0.028809
-0.026825
-0.022156
-0.010498
0.01062
0.030182
0.046814
0.055542
0.055847
0.048767
0.041779
0.033508
0.023193
0.015076
-0.0051575
-0.029297
-0.045959
-0.054962
-0.056641
-0.047058
-0.035614
-0.024567
-0.013794
-0.0074768
-0.00027466
0.0093384
0.016815
0.023529
0.0271
0.021912
0.012634
0.0069275
0.0031433
0.0018311
-0.0014648
0.0043945
-0.016205
-0.077179
-0.10818
-0.1405
-0.15952
-0.11258
-0.046631
0.0047607
0.060516
0.11206
0.12823
0.13916
0.15762
0.15344
0.15204
0.14572
0.12515
0.087677
0.040894
-0.0066528
-0.050934
-0.07254
-0.082977
-0.085785
-0.083527
-0.083344
-0.083435
-0.082184
-0.070251
-0.053131
-0.030914
-0.0023499
0.019989
0.025391
0.023956
0.016937
0.0042114
0.00073242
0.0050354
0.0014343
-0.003418
-0.0075378
-0.013397
-0.017517
-0.014282
-0.0076294
0.0038757
0.017303
0.020111
0.016174
0.0021667
-0.01004
-0.011536
-0.0065918
-0.0010681
0.0014648
-0.0023499
-0.0073547
-0.004303
0.002655
0.010345
0.016479
0.018677
0.018677
0.014679
0.0098877
0.0098572
0.0077515
0.0029297
-0.0035095
-0.012238
-0.020782
-0.023132
-0.019653
-0.012604
-0.0055237
-0.00085449
0.0019836
0.0040588
0.0061951
0.0080261
0.013123
0.014862
0.014557
0.01413
0.0087585
0.0058594
0.0040894
0.0010681
-0.0024109
-0.006897
-0.01358
-0.012848
-0.0098267
-0.0052795
-0.0010376
0.0010071
-0.0018005
-0.0055847
-0.0066833
-0.0097046
-0.011261
-0.011749
-0.011536
-0.010193
-0.0075378
-0.0049133
-0.0040283
0.0015869
0.0077515
0.013611
0.017914
0.021729
0.024506
0.023895
0.025177
0.023132
0.01944
0.015839
0.012939
0.010468
0.0075073
0.0054016
0.0033875
0.00064087
-0.00021362
0
0.0013733
-0.00027466
-0.0023193
