0.00064087
-3.0518e-05
-6.1035e-05
-0.00015259
0.00039673
0.00033569
0
-0.00048828
0.00021362
0.00021362
0.00012207
-0.00036621
-0.00024414
-6.1035e-05
-0.00012207
-0.0005188
-0.00097656
-0.00021362
6.1035e-05
0.00079346
0.00015259
0.00018311
-0.00036621
-0.00021362
-0.0005188
-0.00030518
0.00012207
0.00048828
0.00048828
-0.00015259
-0.00057983
-0.00054932
0.00018311
0.00015259
0
3.0518e-05
-0.00012207
-9.1553e-05
0.00048828
0.00024414
6.1035e-05
-0.00039673
-0.00027466
-0.00076294
-0.00076294
-0.00045776
9.1553e-05
-9.1553e-05
-0.00018311
-0.00015259
-0.00012207
3.0518e-05
-0.00012207
-3.0518e-05
-6.1035e-05
0.00018311
3.0518e-05
3.0518e-05
-9.1553e-05
0.00021362
0
0.0007019
0.0012207
0.00061035
0.00030518
-0.00033569
-0.00018311
-6.1035e-05
0.00021362
9.1553e-05
0.00033569
-0.00064087
0.00021362
0.00033569
-0.00018311
0.00057983
0.00036621
0
0.0010376
0.00048828
-0.0010071
0.00054932
0.00021362
0.00030518
0.00061035
0.0011597
0.00177
0.00036621
0.00057983
0.00082397
-0.0011902
-0.0013733
-0.0011292
-0.0026245
-0.0018616
0.0005188
0.0039368
-0.0046082
-0.00018311
-0.012238
-0.048737
0.020294
0.012177
-0.0036926
0.045502
-0.019836
-0.013611
0.034637
-0.015137
0.022949
0.024689
0.0056763
0.013794
0.021759
0.006012
-0.015503
-0.012909
-0.033051
-0.018188
-0.01886
-0.029236
-0.016449
-0.021942
-0.018433
0.00088501
-0.032745
-0.025421
0.0042114
-0.0015259
0.03656
0.057678
0.058258
0.060608
0.071869
0.044769
0.025757
0.015472
-0.025574
-0.033997
-0.045715
-0.051147
-0.055725
-0.053162
-0.049896
-0.040588
-0.027191
-0.014954
-0.0026855
0.0076294
0.013885
0.018341
0.022797
0.026215
0.029327
0.028198
0.028442
0.024841
0.025818
0.02005
0.01474
0.0072632
0.0037842
-0.0018616
-0.0055237
-0.011047
-0.014374
-0.012726
-0.013855
-0.0083313
-0.0018921
0.0010986
0.0040894
0.0054626
0.0066223
0.005188
0.0062561
0.00079346
-0.0021973
-0.0021057
-0.0063782
-0.0057983
-0.010193
-0.0084534
-0.0063171
-0.0013733
-0.00064087
0.00082397
0.00085449
-0.00015259
0.0015869
-0.0024719
-0.002594
-0.0076904
-0.013702
-0.0099487
-0.013
-0.015015
-0.015228
-0.012695
-0.0044556
0.0013733
0.014923
-0.0064392
-0.05368
-0.055969
-0.080048
-0.077698
-0.032806
-0.018829
-0.014618
0.023285
0.051697
0.073486
0.13028
0.13937
0.12256
0.12912
0.10684
0.079376
0.07605
0.04007
-0.01123
-0.038757
-0.073456
-0.10165
-0.093109
-0.09613
-0.10571
-0.086975
-0.077057
-0.05838
-0.01651
0.014709
0.025909
0.044434
0.047424
0.038208
0.045258
0.040466
0.023224
0.0031738
-0.017731
-0.037201
-0.047668
-0.047852
-0.045258
-0.039825
-0.030609
-0.014282
0.00012207
0.019135
0.035767
0.038971
0.042389
0.043945
0.034576
0.027161
0.022034
0.0078735
-0.0032959
-0.008606
-0.016418
-0.018738
-0.017975
-0.018036
-0.010376
0.00061035
0.0070496
0.017578
0.024139
0.023163
0.025726
0.0242
0.022003
0.011902
-0.00177
-0.010773
-0.031769
-0.033142
-0.035309
-0.047485
-0.049713
-0.045135
-0.035431
-0.021484
0.0066833
0.0036011
-0.089539
-0.10397
-0.11447
-0.13663
-0.041046
0.026337
0.029633
0.075256
0.13043
0.1391
0.19861
0.2485
0.19354
0.15988
0.11819
0.038971
0.0072937
-0.016235
-0.072815
-0.11832
-0.13208
-0.15979
-0.14563
-0.093109
-0.068665
-0.039001
-0.0024414
0.0098267
0.02594
0.061584
0.068207
0.053772
0.043976
0.0032654
-0.029602
-0.038208
-0.050049
-0.054993
-0.052063
-0.056183
-0.062347
-0.041351
-0.010559
0.017487
0.051117
0.063477
0.053436
0.046692
0.036285
0.025208
0.018402
0.0065918
-0.016052
-0.032104
-0.034698
-0.028687
-0.014893
0.0016785
0.01001
0.014374
0.017609
0.022614
0.03241
0.040405
0.038849
0.032654
0.020386
0.0044556
-0.0075073
-0.016205
-0.024841
-0.033783
-0.038025
-0.044342
-0.045227
-0.033478
-0.023773
-0.020599
-0.013672
-0.013275
-0.0065918
0.006958
0.014771
0.028229
-0.05072
-0.13748
-0.13547
-0.18265
-0.13428
-0.0077515
0.03479
0.068176
0.14413
0.17642
0.19467
0.27747
0.26788
0.20496
0.17087
0.07959
-0.0080566
-0.042023
-0.084198
-0.14102
-0.15509
-0.16519
-0.18518
-0.13901
-0.083954
-0.046936
0.012665
0.045441
0.05072
0.063873
0.076233
0.05896
0.041382
0.019379
-0.031769
-0.066071
-0.073883
-0.084442
-0.079437
-0.056824
-0.049438
-0.034546
0.0041809
0.033691
0.057251
0.079865
0.073608
0.053406
0.043304
0.023224
0.002594
-0.004364
-0.020142
-0.038635
-0.041901
-0.040039
-0.036346
-0.010742
0.0097656
0.019958
0.036255
0.036774
0.035339
0.041168
0.040009
0.033386
0.02652
0.012238
-0.010498
-0.025177
-0.037811
-0.039856
-0.040009
-0.040283
-0.036469
-0.035583
-0.029144
-0.019318
-0.011353
-0.0012817
0.0059509
0.0060425
0.019806
0.0092773
-0.099396
-0.13275
-0.14725
-0.18851
-0.089325
0.0090942
0.040283
0.10437
0.17587
0.18274
0.22021
0.28174
0.23599
0.19943
0.15503
0.043945
-0.027863
-0.065369
-0.11728
-0.1517
-0.14514
-0.1568
-0.16095
-0.11224
-0.081665
-0.040253
0.019501
0.048737
0.059601
0.067566
0.061707
0.035645
0.022949
0.0036316
-0.029633
-0.049438
-0.066956
-0.086273
-0.08429
-0.060577
-0.034821
-0.0015564
0.031189
0.043671
0.050446
0.054291
0.048645
0.042877
0.035156
0.016968
-0.0030518
-0.01593
-0.025269
-0.029297
-0.026764
-0.020172
-0.017487
-0.0084534
0.0045166
0.015656
0.027008
0.032562
0.034943
0.03125
0.031799
0.031219
0.026215
0.013214
-0.0093994
-0.022888
-0.034882
-0.042786
-0.042877
-0.043457
-0.039276
-0.032928
-0.026398
-0.016876
-0.0027466
0.01062
0.01825
0.039307
0.023285
-0.079865
-0.1098
-0.14581
-0.1868
-0.093567
-0.013245
0.021637
0.08844
0.14429
0.14532
0.17889
0.23541
0.20822
0.20355
0.18396
0.094971
0.029816
-0.019836
-0.075836
-0.11652
-0.11475
-0.12564
-0.14606
-0.12689
-0.12509
-0.10764
-0.060577
-0.018616
0.01532
0.044861
0.058136
0.036896
0.031097
0.025879
0.005249
0.00088501
-0.006134
-0.023193
-0.03772
-0.040985
-0.038513
-0.027863
-0.0033875
0.0078125
0.014038
0.017731
0.011993
0.007782
0.011169
0.020111
0.022522
0.023315
0.023499
0.013733
0.0044556
-0.00097656
-0.0045166
-0.0078735
-0.0056763
-0.00354
-0.0063782
-0.0073853
-0.0061646
-0.00039673
0.013062
0.023804
0.027069
0.019836
0.0056458
-0.0080872
-0.015137
-0.016174
-0.017059
-0.019073
-0.02243
-0.022583
-0.024017
-0.023163
-0.012634
0.0021362
0.011505
0.031219
0.027985
-0.037109
-0.064545
-0.10034
-0.13962
-0.093933
-0.048035
-0.016846
0.031952
0.074615
0.079041
0.097534
0.14163
0.14276
0.16327
0.17776
0.14658
0.11542
0.075958
0.027527
-0.016663
-0.038513
-0.064484
-0.093597
-0.10043
-0.12244
-0.13559
-0.13373
-0.12253
-0.098572
-0.065735
-0.028137
-0.0079346
0.0092468
0.022583
0.022858
0.030884
0.043152
0.046844
0.048462
0.04657
0.03006
0.010223
0.0030518
-0.0043335
-0.0084839
-0.0024109
-0.0055847
-0.013275
-0.017426
-0.021881
-0.017761
-0.0049438
0.0091553
0.018707
0.017731
0.011719
0.0025635
-0.0031128
-0.0036926
-0.00018311
0.0045776
0.0025024
-0.0014648
-0.0053101
-0.005188
-0.00027466
0.0067444
0.011078
0.0084534
9.1553e-05
-0.007782
-0.0092163
-0.0091553
-0.0060425
-0.00085449
-0.0028687
-0.0061646
-0.0081177
-0.010223
-0.0081787
-0.0028687
0.0021057
0.0075684
0.013367
0.015045
0.019653
0.026642
0.021149
0.010651
-0.0013733
-0.015839
-0.022064
-0.0224
-0.02002
-0.017883
-0.016174
-0.013214
-0.011932
-0.0097961
-0.0044861
0.0018005
0.010284
0.022919
0.034149
0.037079
0.038391
0.03656
0.028198
0.025482
0.025146
0.021057
0.017944
0.012848
0.0018921
-0.006897
-0.014679
-0.024872
-0.024933
-0.022919
-0.026398
-0.025665
-0.027405
-0.03006
-0.022736
-0.017059
-0.014923
-0.0096741
-0.0097656
-0.0089111
-0.003479
-0.0011902
-0.0016785
0.0022583
0.0050049
0.0045471
0.012817
0.019958
0.020569
0.018372
0.011322
