0.00057983
0.00015259
0.00061035
0.00042725
0.00030518
0.00076294
0.00045776
0.00079346
-0.00061035
0.00045776
0.00036621
0.00073242
0
0
0.0005188
-0.00033569
-0.00036621
-0.00045776
0.00012207
-0.00067139
6.1035e-05
-6.1035e-05
-0.00015259
-0.00012207
-0.00021362
6.1035e-05
0.00018311
-6.1035e-05
-6.1035e-05
-0.00015259
-0.00018311
0.00039673
0.00054932
-0.00015259
-0.00076294
-0.00036621
3.0518e-05
-0.00030518
0.0014038
0.00015259
-0.00042725
0.00015259
0.0011902
0.0015259
0.00033569
-0.0013123
-0.0013123
-0.00048828
-0.0010376
-0.00024414
-0.0007019
0.011963
-0.043671
0.011749
0.0383
-0.044678
0.03952
0.0054626
-0.013306
0.0068359
0.0058289
0.0037537
-0.010437
0.0056763
-0.0078735
-0.0037842
0.0029907
-0.0090942
-0.0007019
-0.0055847
-0.0050354
0.0068665
-0.0055542
0.003479
-0.0013733
0.0037842
0.0014648
0.0012207
0.0059204
-0.0014343
0.0051575
-0.0035095
0.00030518
0.002594
-0.00057983
0.0030212
0.00039673
0.00045776
-0.0014038
-0.00030518
-0.00054932
-0.00033569
-0.0015564
-0.0035095
0.0012207
0.00033569
-0.00097656
-0.0026245
-6.1035e-05
0.0050354
-0.046967
-0.024139
0.051605
-0.00054932
-0.0068359
0.044342
0.0046692
-0.003418
-0.0043335
-0.0091248
0.0072327
0.017609
0.0090637
0.0014343
0.0062256
-0.025696
0.0012817
-0.008728
-0.022278
0.0061951
-0.0091248
0.0037231
0.0054626
0.0095825
-0.012207
-0.002594
-0.026886
-0.048889
0.026855
-0.018707
-0.0025024
0.026428
0.010773
0.020081
0.02655
0.025879
0.015869
0.016693
-0.0090332
-0.0013123
-0.00015259
-0.008606
-0.01651
-0.0099487
-0.025238
-0.01944
-0.0072327
-0.010681
-0.0039062
-0.00015259
-0.00085449
0.0061035
0.0092773
-0.012421
0.0058899
0.0024719
-0.0083008
0.010956
0.006012
0.010345
0.011963
0.021423
0.013458
0.018799
0.012543
0.0039978
0.010529
0.0014648
-0.0022888
-0.0093994
-0.012634
-0.01062
-0.014618
-0.022797
-0.015839
-0.012085
-0.0095215
-0.0041199
0.0059204
0.012451
0.018738
0.015167
0.020691
0.020477
0.014435
0.0034485
-0.0053711
-0.0081787
-0.017059
-0.01535
-0.026184
-0.018219
-0.02124
-0.0177
-0.0064697
-0.0087891
-0.0054932
0.0041809
0.010895
0.011932
0.016144
-0.038269
-0.067444
-0.070282
-0.088684
-0.059845
-0.024078
-0.026123
-0.0037231
0.042572
0.07193
0.11273
0.15714
0.14597
0.12717
0.12109
0.091187
0.073181
0.050903
-0.0055542
-0.056274
-0.085022
-0.11194
-0.11505
-0.097748
-0.093781
-0.091461
-0.067108
-0.041901
-0.011658
0.027557
0.047333
0.051178
0.053009
0.046692
0.034149
0.031982
0.014893
-0.012421
-0.03363
-0.05603
-0.068817
-0.05896
-0.051086
-0.043304
-0.031921
-0.019409
0.0039978
0.032684
0.056702
0.069
0.069214
0.062256
0.05188
0.044006
0.027679
0.013153
-0.0083618
-0.02536
-0.028412
-0.025269
-0.013855
-0.0079041
0.0030823
0.0064697
0.019836
0.023804
0.017548
0.018433
0.0027466
-0.0097961
-0.01532
-0.030548
-0.044342
-0.054535
-0.055084
-0.054474
-0.061646
-0.066956
-0.14072
-0.19217
-0.16443
-0.14352
-0.062195
0.048645
0.10583
0.13748
0.19943
0.24475
0.26038
0.29449
0.25369
0.16339
0.095032
0.016785
-0.054932
-0.099701
-0.13147
-0.17676
-0.18622
-0.15967
-0.12943
-0.062469
0.0039368
0.043915
0.067841
0.085419
0.083405
0.073761
0.068512
0.03241
-0.017792
-0.067505
-0.11023
-0.13315
-0.12744
-0.10645
-0.08255
-0.049286
-0.012024
0.019012
0.060181
0.096893
0.10846
0.103
0.07843
0.040985
0.0028076
-0.02771
-0.056458
-0.073517
-0.08316
-0.088531
-0.068481
-0.034119
0.011078
0.053284
0.084717
0.095673
0.09671
0.092163
0.076324
0.059631
0.04068
0.0092163
-0.022064
-0.041626
-0.053162
-0.056885
-0.046844
-0.039734
-0.03479
-0.026276
-0.011688
-0.00354
0.0063782
0.0097961
-0.00354
-0.013
-0.017059
-0.019043
-0.032898
-0.053223
-0.10709
-0.21573
-0.23325
-0.20807
-0.1626
-0.031128
0.088837
0.15021
0.20926
0.2789
0.30618
0.32303
0.33356
0.25723
0.15231
0.057465
-0.054321
-0.13708
-0.17648
-0.19778
-0.21051
-0.189
-0.14777
-0.098389
-0.019836
0.054382
0.099518
0.1189
0.11325
0.082794
0.040527
0.0045166
-0.040924
-0.08844
-0.12045
-0.14789
-0.15488
-0.12735
-0.077881
-0.027405
0.02771
0.074646
0.098267
0.11411
0.11746
0.10693
0.084229
0.048218
-0.0029297
-0.056946
-0.094421
-0.11462
-0.1153
-0.095428
-0.069733
-0.039734
-0.0016785
0.038879
0.080383
0.11511
0.13098
0.12128
0.090912
0.059204
0.028809
0.0033875
-0.019928
-0.040833
-0.061371
-0.071472
-0.065186
-0.044281
-0.016632
0.0029297
0.015625
0.018463
0.01535
0.013885
0.015167
0.0040283
-0.01651
-0.038055
-0.048096
-0.048431
-0.064148
-0.072418
-0.1131
-0.20303
-0.21216
-0.18259
-0.12024
0.020386
0.14645
0.20566
0.25491
0.29547
0.28394
0.27695
0.26779
0.19092
0.091492
-0.00177
-0.10992
-0.1897
-0.21387
-0.2066
-0.18988
-0.14236
-0.087067
-0.040497
0.021118
0.07782
0.1181
0.13544
0.12119
0.075623
0.018372
-0.029633
-0.075287
-0.11121
-0.12701
-0.1344
-0.13
-0.10278
-0.05838
-0.0083618
0.045258
0.091797
0.11246
0.11469
0.10538
0.080048
0.046295
0.013031
-0.025085
-0.062164
-0.089081
-0.10635
-0.11514
-0.097382
-0.060303
-0.026093
0.015808
0.052704
0.074646
0.092773
0.10675
0.10175
0.091339
0.068756
0.033875
0.0039978
-0.021637
-0.036926
-0.047638
-0.046173
-0.041962
-0.031281
-0.016663
-0.0050354
0.010406
0.020386
0.022827
0.017365
0.0046082
-0.0049133
-0.021118
-0.031677
-0.034363
-0.036438
-0.026581
-0.029144
-0.040833
-0.081268
-0.16592
-0.19308
-0.18616
-0.1438
-0.027527
0.083588
0.15442
0.202
0.23541
0.23602
0.22839
0.23495
0.19864
0.14346
0.077026
-0.015076
-0.099487
-0.15631
-0.17645
-0.18045
-0.1503
-0.10718
-0.07251
-0.037262
-0.0055542
0.026245
0.052917
0.077576
0.088318
0.074432
0.050568
0.012695
-0.028687
-0.059631
-0.075897
-0.079773
-0.07608
-0.062317
-0.054138
-0.044525
-0.027161
-0.0075684
0.020813
0.046906
0.064575
0.06955
0.057739
0.03656
0.014038
-0.0024719
-0.016937
-0.02713
-0.029846
-0.035339
-0.033813
-0.026703
-0.014221
0.0038147
0.025055
0.044006
0.051605
0.054291
0.048462
0.039246
0.033234
0.021729
0.0080566
-0.0072937
-0.024017
-0.034546
-0.041687
-0.038452
-0.030823
-0.019409
-0.013031
-0.0086365
-0.0030518
-0.0056458
-0.0051575
-0.0032349
-0.0010071
0.0063171
0.0177
0.01767
0.015656
-0.011261
-0.079834
-0.12405
-0.15717
-0.17932
-0.13577
-0.060516
-0.0011597
0.062225
0.12253
0.15076
0.16602
0.19061
0.19553
0.19394
0.18903
0.15793
0.10593
0.045593
-0.014526
-0.070312
-0.10785
-0.12216
-0.13223
-0.1315
-0.12631
-0.12564
-0.11972
-0.10486
-0.070923
-0.0354
0.0098877
0.04422
0.060242
0.069122
0.060028
0.051727
0.04184
0.030396
0.022461
0.012299
-0.00064087
-0.013214
-0.020844
-0.023956
-0.026215
-0.021393
-0.017914
-0.014923
-0.0086975
-0.010437
-0.0099792
-0.0098572
-0.0082397
-0.00015259
0.0058899
0.012329
0.016357
0.01358
0.007019
0.0077209
0.0080872
0.010345
0.017914
0.01886
0.014435
0.0056458
-0.0019531
-0.005249
-0.0049744
-0.0030823
-0.0018616
-0.0029602
-0.0023804
-0.00091553
0.0043945
0.0044556
0.0021057
-0.0053101
-0.014496
-0.019592
-0.021423
-0.016388
-0.010712
-0.004303
0.0010071
0.008606
0.015503
0.024139
0.025909
0.02179
0.015533
0.0024719
-0.0082092
-0.014374
-0.021881
-0.031219
-0.036102
-0.039978
-0.040253
-0.031128
-0.018433
-0.0056458
0.012665
0.025574
0.036804
0.051361
0.055145
0.057892
0.059052
0.054413
0.044525
0.032898
0.021667
0.0081177
-0.0049438
-0.017151
-0.023621
-0.028839
-0.029694
-0.02475
-0.018524
-0.011963
-0.0071411
-0.0076599
-0.010468
-0.012726
-0.017181
-0.018463
-0.018463
-0.018921
-0.019257
-0.020691
-0.022583
-0.024841
-0.025513
-0.023682
-0.019928
-0.014679
-0.0056152
0.0025024
0.011169
0.020477
0.027374
0.030304
0.030945
0.031616
0.029388
0.026215
0.024567
0.017273
0.0089417
0.00033569
-0.0099792
-0.014587
-0.014465
-0.013
-0.0070801
-6.1035e-05
0.0068054
0.0080872
0.0057373
0.0035706
-0.0048218
-0.012177
-0.016022
-0.017853
-0.017426
-0.015717
-0.011627
-0.0093079
-0.0035706
0.0013733
0.0080566
0.016754
0.023224
0.029144
0.032623
0.031921
0.026459
0.019501
0.0062561
-0.0087891
-0.020081
-0.026978
-0.029449
-0.027496
-0.020599
-0.017059
-0.016815
-0.015503
-0.016235
-0.012726
-0.0057983
-0.0012207
0.00073242
0.0024719
0.0032349
0.0036926
0.0072327
0.01004
0.0096741
0.0075073
0.0045776
0.0022888
0.0036621
0.0085754
0.01535
0.022888
0.027863
0.030243
