0.00015259
0.00027466
6.1035e-05
0.00033569
9.1553e-05
0.00015259
9.1553e-05
0.00061035
6.1035e-05
-0.00021362
-0.00048828
0.00027466
0.00015259
3.0518e-05
-0.00027466
9.1553e-05
9.1553e-05
-6.1035e-05
-0.00088501
-0.00064087
-0.00042725
0.00018311
-0.00012207
-0.00021362
-9.1553e-05
-6.1035e-05
0.00018311
-0.00039673
-0.00057983
-0.00036621
3.0518e-05
0.00036621
-0.00033569
-0.00048828
-0.00048828
-0.00085449
-0.0011597
-3.0518e-05
0.00039673
0.00039673
0.00012207
0.00054932
-0.00012207
-0.00036621
-0.0005188
6.1035e-05
-0.00042725
-0.00039673
3.0518e-05
0.00079346
0.00082397
0.00039673
0.00024414
6.1035e-05
0.00015259
-0.00048828
0.00033569
-0.00015259
3.0518e-05
0.00027466
0.0007019
0.00024414
0.00033569
0.00057983
0.00094604
0.00048828
-9.1553e-05
0.0012207
-0.00024414
-0.00094604
-3.0518e-05
-0.00030518
-0.00054932
0.00012207
0.00042725
-0.00061035
0.00036621
0.0011292
0.0022888
0.00073242
-0.0014038
-0.00036621
-0.00018311
0.00030518
0.00027466
0
-0.00036621
-0.0010071
-0.00033569
0.0050659
-0.03595
0.0045776
0.021942
-0.010132
0.014771
0.013855
-3.0518e-05
-0.0046692
0.0093384
0.0029297
-0.054138
0.023621
0.018127
-0.030731
0.037567
-0.068542
0.0042725
0.058228
-0.013367
0.008728
0.042847
-0.053741
-0.017883
0.10269
-0.060638
-0.041321
0.057495
0.0072632
-0.04306
-0.01889
-0.046997
-0.049469
-0.011841
0.041718
0.040558
0.039368
0.028809
0.037445
0.041779
-0.0096741
-0.014618
-0.027802
-0.038666
-0.013458
-0.0014648
-0.027191
-0.01944
0.0061035
0.0022583
0.033478
0.031921
0.022247
0.014648
0.0073853
-0.0067444
-0.010498
-0.0090942
-0.024292
-0.023071
-0.016754
-0.018585
-0.014008
-0.00021362
-0.014343
-0.0072632
0.0027771
0.00012207
0.00073242
0.014252
0.0036011
9.1553e-05
0.0071106
0.002533
6.1035e-05
-0.0025635
-0.0039978
0.00048828
0.0039368
0.0056458
0.014862
0.026672
0.025269
0.022766
0.033813
0.024231
0.0112
0.0088196
0.001709
-0.0083923
-0.011414
-0.012085
-0.019806
-0.01532
-0.011902
-0.0083008
-0.00076294
-0.0054932
-0.0054626
0.0049133
0.010132
0.00042725
-0.00024414
-0.0024109
-0.0085754
0.0020142
-0.0037537
-0.011383
-0.011688
-0.016998
-0.013641
-0.0080872
-0.011017
-0.014526
-0.007782
-0.011505
-0.0073853
-0.0080566
-0.0041199
-0.033386
-0.080475
-0.049835
-0.096466
-0.086792
-0.0038147
0.00177
0.0013733
0.046265
0.091064
0.095398
0.15585
0.16376
0.12808
0.12839
0.10428
0.065582
0.042358
0.011536
-0.052246
-0.073975
-0.09964
-0.11368
-0.11121
-0.092957
-0.096527
-0.070618
-0.035309
-0.021851
0.017426
0.045776
0.056976
0.046936
0.051697
0.026031
0.017212
0.014862
-0.0089722
-0.031311
-0.044617
-0.054443
-0.05957
-0.036591
-0.030304
-0.019989
-0.00015259
0.011292
0.022217
0.037598
0.038727
0.02594
0.021423
0.010742
-0.0021973
-0.010468
-0.012451
-0.013123
-0.0080872
0.0029602
0.0059204
0.015869
0.024384
0.035553
0.037964
0.03653
0.035919
0.027313
0.024323
0.011871
0.0024719
-0.0055847
-0.018158
-0.027466
-0.029877
-0.025146
-0.025513
-0.022675
-0.023438
-0.024323
-0.016113
-0.0081787
-0.0021057
-0.0040283
-0.012939
-0.012848
-0.022125
-0.042297
-0.061615
-0.13675
-0.16461
-0.15399
-0.12277
-0.042877
0.046906
0.093658
0.13443
0.19403
0.22433
0.24979
0.26135
0.20972
0.13342
0.063354
-0.009552
-0.071716
-0.10632
-0.13617
-0.17218
-0.16653
-0.14746
-0.10892
-0.048187
0.0085144
0.04715
0.066101
0.08078
0.074677
0.070435
0.058868
0.024994
-0.020538
-0.064667
-0.098267
-0.11462
-0.1026
-0.081024
-0.057983
-0.027069
0.002533
0.035278
0.069061
0.091278
0.093842
0.083954
0.0625
0.027344
-0.0031738
-0.023651
-0.047882
-0.074005
-0.087158
-0.091217
-0.083252
-0.050751
-0.018829
0.013397
0.051758
0.079468
0.091461
0.10135
0.095032
0.07312
0.051117
0.021637
-0.015076
-0.038635
-0.055084
-0.063263
-0.054535
-0.037323
-0.021301
-0.0076294
0.0085754
0.018829
0.02713
0.029816
0.021271
0.0090942
0.00177
-0.010681
-0.027954
-0.036621
-0.039734
-0.044281
-0.036621
-0.049133
-0.065979
-0.10025
-0.16534
-0.15717
-0.12604
-0.06781
0.032837
0.11938
0.15958
0.19543
0.23468
0.23248
0.23367
0.22067
0.14435
0.062683
-0.009491
-0.08255
-0.13071
-0.14374
-0.15189
-0.14828
-0.1095
-0.079254
-0.035645
0.019592
0.063019
0.083893
0.086578
0.075104
0.043579
0.016541
-0.016479
-0.056061
-0.087311
-0.10815
-0.11859
-0.11142
-0.079742
-0.041748
0.0011902
0.040283
0.068359
0.082947
0.085388
0.083099
0.069031
0.04483
0.012878
-0.023621
-0.055603
-0.078339
-0.086609
-0.083008
-0.068146
-0.05368
-0.031769
-0.0039978
0.023468
0.058136
0.08139
0.095612
0.093597
0.077545
0.054382
0.033661
0.012329
-0.0090637
-0.023499
-0.040436
-0.05072
-0.044769
-0.027008
-0.0072632
0.0093689
0.017609
0.025085
0.027191
0.02005
0.012695
0.0070496
-0.0059509
-0.014893
-0.019501
-0.036438
-0.046478
-0.044189
-0.041443
-0.024261
-0.028229
-0.046814
-0.074463
-0.15369
-0.16656
-0.14304
-0.10147
-0.0033264
0.098938
0.1514
0.18225
0.22205
0.21985
0.22034
0.22787
0.17212
0.097931
0.024048
-0.057922
-0.11874
-0.14621
-0.14706
-0.14258
-0.11014
-0.084595
-0.058441
-0.011108
0.03244
0.065033
0.086731
0.088531
0.062195
0.031342
-0.0071411
-0.04895
-0.075592
-0.090424
-0.096893
-0.096954
-0.081329
-0.05719
-0.025879
0.015625
0.0495
0.069092
0.074554
0.071259
0.056335
0.036987
0.017029
-0.0068054
-0.025635
-0.045929
-0.06427
-0.072174
-0.068359
-0.054199
-0.03244
-0.003479
0.018707
0.037811
0.059113
0.074341
0.080536
0.082153
0.073303
0.052582
0.032013
0.0077515
-0.012756
-0.026917
-0.03598
-0.03894
-0.033752
-0.025085
-0.018463
-0.0028381
0.0069885
0.0080872
0.0056458
0.0038147
0.0022888
-0.0026245
-0.0039673
-0.014282
-0.021973
-0.0242
-0.02771
-0.024689
-0.016418
-0.022614
-0.039612
-0.060394
-0.13632
-0.17526
-0.16559
-0.14221
-0.060974
0.051605
0.1257
0.17484
0.22064
0.22638
0.21732
0.22055
0.19031
0.14111
0.084534
0.010712
-0.062683
-0.12033
-0.15091
-0.16205
-0.14099
-0.10864
-0.078094
-0.044342
-0.018433
0.0068665
0.037231
0.063904
0.077789
0.072784
0.05072
0.018646
-0.019501
-0.050415
-0.067017
-0.073456
-0.069916
-0.059753
-0.051788
-0.039154
-0.024323
-0.0062256
0.017548
0.037994
0.050201
0.053192
0.045074
0.026367
0.0094604
-0.0074158
-0.018127
-0.022705
-0.026245
-0.028931
-0.026764
-0.022125
-0.010529
0.010498
0.030121
0.046814
0.055542
0.055786
0.04892
0.041962
0.033508
0.023132
0.015106
-0.005127
-0.029358
-0.046112
-0.055115
-0.056763
-0.047089
-0.035583
-0.024506
-0.013672
-0.0073853
-0.00021362
0.0093994
0.016937
0.023743
0.027222
0.021942
0.012634
0.006958
0.0032349
0.0018921
-0.0015259
0.004364
-0.016235
-0.077301
-0.10837
-0.14053
-0.15936
-0.11246
-0.046539
0.0049744
0.06076
0.11212
0.12827
0.13919
0.15759
0.15329
0.15189
0.14563
0.12515
0.087738
0.040833
-0.0068359
-0.051086
-0.072601
-0.083038
-0.085815
-0.083588
-0.083496
-0.083679
-0.082397
-0.070404
-0.053131
-0.030945
-0.0024719
0.019867
0.02536
0.024048
0.016937
0.0041809
0.00073242
0.0050354
0.0013733
-0.003418
-0.0074768
-0.013275
-0.017395
-0.014282
-0.0076904
0.0038452
0.017273
0.02005
0.016083
0.0022888
-0.0098267
-0.011414
-0.0065918
-0.0011597
0.0013428
-0.0024414
-0.0074463
-0.0042114
0.0028687
0.010437
0.016449
0.018616
0.018768
0.014801
0.0099792
0.0098877
0.0078125
0.0028992
-0.0036011
-0.012268
-0.020691
-0.02298
-0.019501
-0.012604
-0.0055847
-0.0010071
0.0018921
0.0039978
0.0061646
0.0080566
0.013153
0.014771
0.014557
0.014252
0.0088501
0.0059204
0.0041504
0.0010071
-0.002655
-0.0071716
-0.013824
-0.013
-0.0098267
-0.005188
-0.00097656
0.00094604
-0.0019226
-0.0056458
-0.0067444
-0.0098267
-0.011322
-0.011688
-0.011353
-0.01001
-0.0073547
-0.0048523
-0.0040283
0.0015564
0.0077515
0.013702
0.018005
0.021729
0.024475
0.023712
0.024933
0.023132
0.019562
0.015961
0.013031
0.010559
0.0075989
0.0053406
0.0032043
0.00045776
-0.00033569
3.0518e-05
0.0014648
-0.00018311
-0.0022888
