0.00057983
0.00061035
0.00027466
-0.00021362
-6.1035e-05
-0.00027466
3.0518e-05
-0.00039673
6.1035e-05
0.00015259
0.00015259
3.0518e-05
-0.00024414
0.00036621
0.00039673
0.00057983
-0.00042725
-0.00048828
-0.00015259
6.1035e-05
-0.00045776
-0.00054932
-0.00027466
0.00018311
0.00061035
0
-0.00027466
-0.00012207
0
0
-0.00042725
-0.00018311
-0.00015259
-0.00021362
-0.00057983
9.1553e-05
0
0.0005188
0.00054932
0.00021362
-0.00045776
-0.00024414
0.00021362
-9.1553e-05
-0.00015259
0.0005188
0.0011292
3.0518e-05
0
9.1553e-05
0.0005188
0.00045776
0.00018311
-0.00021362
-0.00024414
-0.00021362
-0.00021362
0.00015259
0
0.00030518
-0.00036621
-0.00024414
-0.00018311
-0.00039673
9.1553e-05
9.1553e-05
0.00042725
-0.00045776
-0.00012207
9.1553e-05
-0.00064087
-0.0005188
-0.00042725
-0.00018311
-0.00097656
0.00048828
0.00076294
-0.00061035
-0.00091553
-0.00018311
0.00018311
0.00048828
0.00097656
0.0015564
0.0014954
0.00064087
-0.0014648
-0.0030823
0.0068054
-0.020966
-0.0054016
0.020538
-0.011536
0.011169
0.014313
-0.00057983
0.0024719
-0.0080872
-0.027893
0.042999
-0.047302
-0.05777
0.087372
-0.013458
-0.0045471
0.064362
0.010254
-0.0019226
0.01297
0.0014343
-0.018311
-0.069122
-0.048676
0.013641
0.011139
-0.038971
0.026855
0.057678
-0.0092468
0.04248
-0.0043335
-0.041016
0.02182
-0.041199
-0.0061646
0.027161
-0.013031
-0.0042419
0.023071
0.010864
0.00091553
0.0084534
-0.0039062
-0.0048218
0.0089111
-0.013733
-0.0097351
-0.0063171
-0.014191
-0.0029297
-0.0046082
-0.0082092
0.0018616
0.011139
-0.01178
-0.039337
0.014679
0.0017395
0.02301
0.031738
0.021057
0.024506
0.025543
0.024536
0.019409
0.0048523
-0.018585
-0.011719
-0.016632
-0.018921
-0.010284
-0.022552
-0.028351
-0.0099487
-0.011383
-0.011261
-0.0022583
-0.0097656
-0.0077515
-0.0016174
0.0015869
0.0016785
0.012787
0.0064697
0.0028076
0.0067749
0.0061646
0.00061035
0.0059814
0.002655
0.0062561
0.0073853
0.0089722
0.02301
0.020508
0.015869
0.0099487
0.0075989
0.00015259
0.0037231
0.0060425
-0.0021362
-0.0086365
-0.019379
-0.012451
-0.013641
-0.01709
-0.020355
-0.019379
-0.022064
-0.013306
-0.004425
0.0056458
0.005249
0.0053406
-0.011169
-0.036804
-0.044647
-0.064728
-0.053253
-0.034973
-0.024353
-0.012329
0.014832
0.041138
0.067474
0.10233
0.10428
0.10431
0.1012
0.088104
0.065796
0.052277
0.022003
-0.011108
-0.037506
-0.068665
-0.071716
-0.069489
-0.075134
-0.073883
-0.071564
-0.063202
-0.044495
-0.013702
0.009613
0.021545
0.023743
0.023041
0.032623
0.03595
0.034607
0.02536
0.010529
-0.0037842
-0.010315
-0.011414
-0.0061646
-0.0073242
-0.011566
-0.010254
-0.0059204
0.0025635
0.014496
0.019501
0.0224
0.021973
0.021484
0.014893
0.01474
0.0084229
-0.0063477
-0.013
-0.030457
-0.039154
-0.036346
-0.037445
-0.032806
-0.027832
-0.013397
-0.041016
-0.14218
-0.13147
-0.15637
-0.15363
-0.042328
-0.00027466
0.026306
0.083618
0.14981
0.17044
0.26111
0.2738
0.21359
0.19733
0.12424
0.048401
0.02359
-0.020386
-0.10324
-0.12387
-0.15646
-0.18512
-0.13397
-0.098755
-0.068604
-0.021423
-0.01535
0.011078
0.057037
0.078766
0.075989
0.083038
0.045227
-0.013214
-0.024902
-0.047668
-0.071991
-0.057983
-0.074005
-0.088654
-0.059998
-0.037964
-0.0067139
0.038391
0.048401
0.03653
0.043732
0.03598
0.025055
0.034027
0.016479
-0.010925
-0.014404
-0.022797
-0.027802
-0.0055237
-0.0040283
0.0014038
0.019714
0.024353
0.027283
0.047943
0.056763
0.054718
0.059875
0.043396
0.024292
0.0064697
-0.024353
-0.045197
-0.054474
-0.062073
-0.06308
-0.061707
-0.056641
-0.046387
-0.038574
-0.037018
-0.017578
-0.060486
-0.16595
-0.14734
-0.17981
-0.14395
-0.0057373
0.054169
0.10336
0.16464
0.20798
0.21103
0.29117
0.27994
0.2095
0.17477
0.068878
-0.021088
-0.050507
-0.081512
-0.13303
-0.13013
-0.14505
-0.16516
-0.10718
-0.061646
-0.019806
0.035095
0.048187
0.033478
0.051208
0.058044
0.028717
0.03299
-0.0082092
-0.064026
-0.079437
-0.099457
-0.087219
-0.05899
-0.032257
-0.02356
-0.0038452
0.01123
0.02066
0.053009
0.054749
0.041809
0.026276
0.0024414
-0.017822
-0.011414
-0.0057068
-0.0069275
0.0023804
-0.0058899
-0.0059509
0.0068665
0.02298
0.037018
0.050507
0.055115
0.046417
0.049164
0.040802
0.033295
0.031647
0.0098877
-0.018463
-0.043701
-0.068665
-0.07843
-0.078674
-0.075836
-0.061554
-0.049591
-0.034485
-0.019684
-0.00048828
0.0012512
-0.12411
-0.17166
-0.18677
-0.2276
-0.10254
0.011047
0.065948
0.13501
0.21661
0.22433
0.27347
0.33615
0.2699
0.2406
0.16357
0.03894
-0.021576
-0.057983
-0.11545
-0.1322
-0.11389
-0.1503
-0.13287
-0.084869
-0.064453
-0.012115
0.028717
0.034851
0.032318
0.036865
0.0090332
-0.0072632
-0.011169
-0.055511
-0.078064
-0.093109
-0.10556
-0.089508
-0.050446
-0.021576
-0.0011292
0.023224
0.020905
0.029663
0.044647
0.041443
0.039185
0.03183
0.012054
-0.0029907
-0.0014648
-0.0023804
0.0091248
0.019958
0.016022
0.01825
0.018555
0.026276
0.043701
0.054871
0.05545
0.047058
0.0383
0.02478
0.009552
0.0014038
-0.0112
-0.033051
-0.053192
-0.07309
-0.085358
-0.082153
-0.072571
-0.054779
-0.039429
-0.020294
-0.011139
0.0037537
-0.023315
-0.15134
-0.17477
-0.20654
-0.22131
-0.082123
0.018829
0.095886
0.17957
0.24918
0.24915
0.29922
0.3241
0.25827
0.23456
0.1434
0.02597
-0.034607
-0.081329
-0.12851
-0.12912
-0.11536
-0.14447
-0.12051
-0.090179
-0.073425
-0.0159
0.018707
0.031342
0.037384
0.027679
-0.0089722
-0.019989
-0.033813
-0.073334
-0.066132
-0.071716
-0.083923
-0.06192
-0.039642
-0.01767
0.013733
0.039307
0.036621
0.04715
0.041656
0.02475
0.031891
0.019531
0.005249
-0.0070496
-0.019073
-0.024628
-0.011963
0.0033264
0.0091248
0.025299
0.028198
0.035492
0.052887
0.059998
0.06311
0.057068
0.044739
0.023743
0.005188
-0.012146
-0.029144
-0.032928
-0.044189
-0.058167
-0.064362
-0.066315
-0.065308
-0.06076
-0.049591
-0.035614
-0.016083
-0.010101
0.0082397
0.022675
-0.096252
-0.15347
-0.17529
-0.23761
-0.13403
-0.010529
0.069855
0.14154
0.21841
0.22241
0.25201
0.31644
0.26602
0.25943
0.21439
0.096283
0.026276
-0.032654
-0.10782
-0.13968
-0.12271
-0.1528
-0.14511
-0.11569
-0.12506
-0.084534
-0.043182
-0.021881
0.0067749
0.028503
0.007019
-0.0097046
-0.012817
-0.043304
-0.039062
-0.030212
-0.034241
-0.031464
-0.027557
-0.032227
-0.027649
-0.0010071
0.0073853
0.026398
0.047821
0.040192
0.038452
0.035156
0.02121
0.017059
0.025787
0.014191
0.0039368
0.00015259
-0.0076599
-0.0010986
0.013306
0.014557
0.024231
0.039734
0.031586
0.028503
0.026672
0.0096741
0.0052795
0.0041199
-0.0059814
-0.01004
-0.019257
-0.041046
-0.056824
-0.062134
-0.067261
-0.057251
-0.043457
-0.036102
-0.021973
-0.0086365
0.0068665
0.033173
-0.012848
-0.075531
-0.10901
-0.17206
-0.1507
-0.069916
0.0021667
0.070679
0.13962
0.16467
0.17435
0.21283
0.2038
0.21616
0.22836
0.17322
0.12119
0.062317
-0.014709
-0.070831
-0.0896
-0.11334
-0.1243
-0.11761
-0.14462
-0.1463
-0.13626
-0.12534
-0.085297
-0.040161
-0.011047
0.0065918
0.024231
0.018341
0.018799
0.026672
0.02597
0.031128
0.026978
0.0091858
-0.010742
-0.018982
-0.025635
-0.019379
-0.00036621
0.0050049
0.010986
0.013306
0.0073242
0.0065002
0.013489
0.019562
0.019989
0.025208
0.013672
0.0080261
0.0039368
-0.009552
-0.0044861
0.0037842
0.0065613
0.0061951
0.0088806
9.1553e-05
-0.0020447
0.006073
0.0050354
0.014954
0.014252
-0.0037537
-0.016571
-0.026184
-0.038239
-0.043091
-0.031555
-0.026917
-0.022278
-0.016266
-0.015717
-0.0065308
0.0023193
0.019043
0.025909
0.020996
-0.00064087
-0.027527
-0.037872
-0.043488
-0.029144
-0.0074463
0.014923
0.033844
0.050995
0.065765
0.074677
0.087891
0.091309
0.093628
0.086884
0.07019
0.045715
0.013855
-0.008606
-0.031036
-0.042542
-0.050232
-0.055939
-0.059662
-0.065338
-0.066193
-0.064331
-0.053436
-0.041718
-0.028625
-0.014648
-0.010468
-0.0074768
-0.0082092
-0.0053101
0.0033875
0.0082397
0.013855
0.016113
0.015289
0.01474
0.021393
0.0224
0.021881
0.022736
0.01355
0.0055237
-0.0053406
-0.016754
-0.020386
-0.01944
-0.019196
-0.019623
-0.018921
-0.017639
-0.012115
-0.0064697
-0.0012817
0.0059509
0.010559
0.013733
0.015656
0.017731
0.020935
0.018158
0.016907
0.011414
0.0032654
-0.0018311
-0.0039978
-0.004364
-0.0062866
-0.0047607
-0.0042114
-0.0059509
-0.010223
-0.01001
-0.0086975
-0.0073242
-0.0029602
-0.0027771
0.0007019
0.0054932
0.011261
0.018921
0.027313
0.031403
0.032593
0.033112
0.029327
0.026733
0.019958
0.01062
0.0011292
-0.010162
-0.021057
-0.028687
-0.032288
-0.03949
-0.044128
-0.044922
-0.043976
-0.038757
-0.029236
-0.020294
-0.012482
-0.0036316
0.0078125
0.019196
0.02533
0.029968
0.031006
0.029327
0.03183
0.030762
0.031708
0.0271
0.019409
0.012329
0.0090637
0.0091553
0.0041199
0.0042725
-0.0038452
-0.016815
-0.020905
-0.026062
-0.027557
-0.024078
-0.020691
-0.021515
-0.021393
-0.022522
-0.023438
-0.015076
-0.0095215
-0.0048218
0.0016174
0.0045471
0.0018005
0.0099792
0.015472
0.014465
0.01709
0.011688
0.0074158
0.0013733
0.00088501
-0.0005188
0.001709
0.0082092
0.0028076
0.0069885
0.0037537
-0.0011292
-0.00073242
-0.00088501
-0.00091553
0
0.0062561
0.0090332
0.0093384
0.0089722
0.0057068
0.0076904
0.009552
0.010773
0.016571
0.014862
0.0093079
0.0070496
0.00042725
-0.0044556
-0.0076904
-0.011841
-0.015564
-0.018982
-0.025238
-0.031708
-0.027588
-0.025513
-0.019073
-0.010834
-0.0099182
-0.0094604
-0.0039368
0.0024719
0.010925
0.021301
0.021179
0.017944
0.017059
0.01239
0.011414
0.01709
0.017303
0.011902
0.010651
0.0043945
-0.00079346
0.0025024
