0.00042725
0
-6.1035e-05
0.00064087
0.00033569
0.00030518
0.00012207
0.00076294
0.00015259
0.00018311
-0.00024414
0
-0.00033569
-3.0518e-05
3.0518e-05
0.00024414
0.00027466
-0.0005188
0.00024414
-0.00024414
6.1035e-05
-0.00012207
0.00057983
0.00015259
0.00030518
0.00045776
0.0005188
0
-0.00036621
-0.00030518
0.00030518
0.00042725
0.00018311
0.00045776
-0.00012207
-6.1035e-05
0.00048828
0.00021362
-9.1553e-05
-0.00036621
0.00033569
0.00024414
-0.00048828
-0.00033569
0
0
-0.00082397
-0.00057983
-0.0005188
-6.1035e-05
0.00027466
0.00097656
-3.0518e-05
0.00030518
-0.0005188
-0.0010986
-0.0011902
-0.00045776
-9.1553e-05
-0.00073242
-0.00012207
0.00054932
0.00085449
0.00045776
0.00073242
0.0021667
0.0016479
0.00042725
-0.00079346
-0.00088501
-0.0020142
-0.0012817
-0.0038147
0.0033569
0.0007019
-0.035889
0.026306
0.0053101
-0.012085
0.02594
0.004364
0.0012512
0.0010071
0.011902
-0.0041809
-0.0028076
-0.0015564
-0.0088196
0.00064087
-0.0040894
-0.007782
-0.0054321
-0.0075073
-0.00085449
0.0047607
-0.0010071
-0.00085449
0.0062561
-0.033386
-0.028046
0.062531
-0.1019
0.015961
0.090118
0.0062561
0.060272
0.0016479
0.0041199
-0.0014343
0.01236
0.0081177
-0.0082703
-0.0050964
-0.034271
-0.0042114
-0.0058594
-0.019562
-0.022339
-0.032257
-0.024902
0.0066223
-0.011841
-0.0005188
-0.019043
-0.052551
-0.0065308
0.042084
0.024994
0.044678
0.066254
0.021973
0.034363
0.037628
0.0063171
-0.0023499
-0.019226
-0.028595
-0.015106
-0.015167
-0.028748
-0.029877
-0.026123
-0.027344
0.0040894
0.0023804
-0.00091553
0.004364
0.00088501
0.006958
0.017853
0.0042419
0.0015259
0.0074158
0.003479
0.0030212
0.012787
-0.026459
-0.015045
0.011108
-0.0061951
0.025208
0.028992
0.01001
0.017761
0.018707
0.0098877
0.00097656
-0.0076904
-0.021179
-0.018768
-0.011444
-0.01532
-0.0081787
-0.020569
-0.017029
-0.0039368
0.0022583
0.010376
0.016022
0.01947
0.019135
0.026398
0.014069
0.0097656
0.0039978
-0.005188
-0.0064697
-0.011017
-0.016113
-0.01825
-0.016632
-0.013
-0.0020142
0.0025024
-0.00018311
0.0033569
0.0030212
0.0055847
0.0037537
0.00024414
-0.0049133
-0.0090942
-0.0096741
-0.0038452
-0.0026855
-0.0016785
0.0028992
0.0023804
0.0074158
-0.0077515
-0.045197
-0.062347
-0.085144
-0.090729
-0.051941
-0.023804
-0.01886
0.013306
0.046051
0.067627
0.11646
0.13837
0.12497
0.11798
0.097748
0.075806
0.067261
0.034393
-0.010559
-0.038757
-0.065338
-0.0802
-0.075226
-0.075806
-0.079559
-0.071594
-0.059967
-0.043793
-0.01825
0.0069885
0.014771
0.018555
0.02356
0.013275
0.016388
0.01886
0.0075989
0.007019
-0.0018005
-0.016205
-0.017426
-0.010773
-0.01239
-0.0097961
-0.0039062
-0.0084229
0.00067139
0.0099487
0.011688
0.019073
0.016724
0.0067444
0.0096741
0.0095825
0.0024719
0.005249
0.0023193
-0.0062866
-0.0031738
0.0028992
0.0034485
0.014099
0.015808
0.010712
0.017517
0.013824
0.0079651
0.0059814
-0.0068054
-0.018066
-0.018524
-0.024506
-0.029633
-0.027283
-0.024902
0.0026855
-0.080566
-0.16971
-0.15292
-0.20749
-0.14694
-0.0033875
0.021942
0.055054
0.1347
0.16632
0.20886
0.3038
0.26437
0.18039
0.15564
0.0578
0.0052795
0.014771
-0.058655
-0.12048
-0.13361
-0.15811
-0.15048
-0.079346
-0.057159
-0.047516
0.00088501
-0.0037231
0.0089111
0.060699
0.056091
0.042206
0.029175
-0.014221
-0.04538
-0.057709
-0.056458
-0.070953
-0.057343
-0.044769
-0.044617
-0.012512
0.017639
0.035492
0.05127
0.053101
0.040344
0.028381
0.026794
0.015594
0.0052185
-0.0030212
-0.0177
-0.025208
-0.019104
-0.013977
-0.0071106
0.0046997
0.010193
0.014587
0.027863
0.032257
0.035187
0.037689
0.039001
0.037231
0.02594
0.0083923
-0.015533
-0.031189
-0.038605
-0.043365
-0.047241
-0.050842
-0.053253
-0.041595
-0.026917
-0.012115
0.0060425
0.01889
0.04715
-0.051636
-0.15207
-0.14264
-0.21188
-0.15686
-0.0093384
0.015167
0.04895
0.13339
0.15488
0.19461
0.29321
0.26614
0.1929
0.17224
0.073059
0.0084534
0.024353
-0.032471
-0.091583
-0.10257
-0.13464
-0.15085
-0.087158
-0.058105
-0.054474
-0.0092163
-0.014099
-0.023529
0.020599
0.029114
0.013458
0.018494
-0.022064
-0.068176
-0.059723
-0.06308
-0.05838
-0.025421
-0.016357
-0.020599
0.0057068
0.018951
0.028778
0.057892
0.056152
0.034424
0.026093
0.011566
0.00085449
0.0064392
-0.0065308
-0.017639
-0.01474
-0.01889
-0.011536
0.0050354
0.013336
0.016846
0.023987
0.028351
0.03241
0.03952
0.032776
0.028046
0.027252
0.0066833
-0.0085754
-0.020935
-0.038086
-0.042511
-0.042877
-0.045685
-0.046021
-0.041565
-0.04068
-0.025482
-0.0041504
0.0048218
0.023865
0.049255
-0.070557
-0.1586
-0.15741
-0.23178
-0.15042
0.0022583
0.029114
0.076599
0.1611
0.16489
0.20331
0.29718
0.26993
0.21341
0.19489
0.080536
0.006134
0.0081482
-0.059998
-0.10342
-0.10474
-0.14706
-0.16534
-0.11179
-0.086884
-0.061859
-0.0096436
-0.014191
-0.020721
0.015106
0.018677
0.018738
0.027588
-0.0094604
-0.039551
-0.042053
-0.051544
-0.04483
-0.019928
-0.014465
-0.01709
-0.0058899
0.0037231
0.014801
0.03894
0.043976
0.035522
0.032074
0.01709
0.0041504
-0.00067139
-0.0098267
-0.013184
-0.011658
-0.0078735
-0.0011902
0.0025024
0.011658
0.020966
0.022736
0.024719
0.026764
0.025482
0.019043
0.018158
0.011261
0.009552
0.0032654
-0.016296
-0.027924
-0.038025
-0.042664
-0.037109
-0.029755
-0.027283
-0.027374
-0.025299
-0.018646
-0.0065002
0.0077515
0.017761
0.043091
0.036316
-0.077209
-0.1152
-0.15234
-0.20825
-0.11337
-0.025269
0.0005188
0.076996
0.13742
0.1387
0.19641
0.25494
0.22733
0.21729
0.19662
0.093842
0.049347
0.015778
-0.062439
-0.086426
-0.098297
-0.12958
-0.13583
-0.12027
-0.1304
-0.11499
-0.071045
-0.052643
-0.018585
0.019012
0.016174
0.019867
0.022217
0.014648
0.015442
0.013336
0.0026245
-0.012909
-0.021149
-0.027802
-0.027313
-0.012238
-0.0022278
0.007782
0.012329
0.010223
0.013214
0.016418
0.018341
0.018921
0.012878
0.0055237
0.0045471
0.0054626
-0.0022278
-0.0050049
-0.0040588
-0.0067444
-0.00036621
0.0056152
-0.00036621
-0.00027466
0.0043945
0.0059814
0.019043
0.025452
0.017181
0.0075378
-0.0050964
-0.014252
-0.012756
-0.0083923
-0.012268
-0.020294
-0.02713
-0.028717
-0.021729
-0.014343
-0.013184
-0.0038452
0.0011597
0.0082397
0.025055
0.049622
0.03537
-0.0099487
-0.027161
-0.080444
-0.10474
-0.063995
-0.048218
-0.022552
0.021851
0.03949
0.048309
0.078308
0.1012
0.10532
0.12967
0.133
0.097504
0.081451
0.049988
0.0083313
-0.0062256
-0.022888
-0.045563
-0.058868
-0.069977
-0.087463
-0.090057
-0.082458
-0.082794
-0.067688
-0.042786
-0.026123
-0.0062561
0.0050354
0.0058594
0.011292
0.015045
0.020111
0.02066
0.019165
0.015808
0.010315
0.0055237
0.0012207
0.0061951
0.0047607
0.0007019
-0.0018616
-0.011078
-0.014648
-0.012878
-0.016235
-0.010437
-0.0048523
-0.0046387
-0.0022888
-0.0005188
0.0035095
0.0098877
0.015656
0.012634
0.010651
0.008728
-0.00082397
-0.00073242
0.0043945
0.0050354
0.009613
0.016602
0.011047
0.0032043
-0.00015259
-0.0054932
-0.0043335
0.0010071
-0.0029907
-0.002594
-0.0029297
-0.01059
-0.0080566
-0.0028687
-0.0044861
-0.00064087
0.0066833
0.0056458
0.014526
0.025085
0.026855
0.027679
0.02475
0.015717
0.0072021
-0.0035095
-0.017792
-0.027527
-0.030029
-0.035339
-0.038239
-0.036926
-0.035645
-0.036255
-0.024384
-0.0092773
-0.00045776
0.011749
0.020264
0.023499
0.02948
0.03418
0.036652
0.037781
0.037598
0.029541
0.024536
0.02301
0.018097
0.011749
0.0041199
-0.006958
-0.014679
-0.016602
-0.019135
-0.017517
-0.019806
-0.023529
-0.017883
-0.014954
-0.013214
-0.0096741
-0.0094604
