-0.00018311
-0.00033569
3.0518e-05
0.00057983
-6.1035e-05
-0.00042725
-0.00057983
-0.00024414
-6.1035e-05
-0.00057983
-0.00042725
3.0518e-05
0.00064087
-0.00036621
-0.00027466
-6.1035e-05
3.0518e-05
0.00033569
0.00030518
0.00018311
-0.00012207
0.00036621
0.00033569
0.00039673
0
-0.00018311
6.1035e-05
0.00024414
-0.00015259
-0.00045776
0.0005188
0.00073242
0.00015259
-0.00054932
-0.00057983
0.00024414
0.0005188
0.00024414
3.0518e-05
0.00030518
6.1035e-05
-0.00015259
-0.00012207
0.00042725
0.00067139
0.00024414
0.00018311
-0.00042725
-0.00067139
-0.00039673
0.00061035
0.00039673
0.00021362
-0.00036621
-6.1035e-05
-0.00012207
-0.00033569
0
-0.00012207
3.0518e-05
9.1553e-05
0.00073242
0.00088501
0.00082397
-0.00027466
-0.00039673
-0.0010376
-0.00027466
-0.00064087
-0.00033569
0.00027466
-9.1553e-05
0.00054932
-9.1553e-05
0.00048828
-3.0518e-05
-0.00039673
-0.00061035
-0.00039673
0.00027466
-0.0014648
-0.0010071
-0.0005188
-0.00042725
-0.00021362
0.0014343
0.0013123
0.0011597
0.0005188
-0.0010071
0.00048828
0.00027466
-0.0023193
-0.0013428
0.0030823
0.00073242
-0.0010376
-0.0031128
0.0014954
0.0016174
-0.053741
0.040955
0.024658
-0.058441
0.077759
-0.0048828
-0.025146
0.040588
-0.016479
0.0097046
-0.0050964
-0.0080261
0.0016174
-0.011902
0.0021057
-0.01123
-0.03891
-0.027039
0.043671
-0.10672
0.024719
0.13882
-0.070251
0.019409
0.061035
-0.0048218
0.013214
0.011963
0.027222
-0.016937
-0.025513
-0.058899
0.014893
0.0084229
-0.050934
0.02417
0.0035706
0.0029907
0.034851
-0.029114
-0.033752
-0.025696
-0.029144
0.013306
0.030029
0.026154
0.028442
0.021851
0.027863
0.018433
0.012665
-0.0071106
-0.022827
-0.022797
-0.032318
-0.024231
-0.030182
-0.036743
-0.021027
-0.019531
-0.009613
-0.0035706
0.0072327
0.01297
0.01004
0.028687
0.021271
0.028564
0.032867
0.027802
0.027405
0.016205
0.01358
0.0024414
0.004303
-0.0025024
-0.0088806
0.0023193
0.0044861
0.0084839
0.0012207
0.0080566
0.0073853
-0.0024109
-0.0079956
-0.016602
-0.014069
-0.019104
-0.014618
-0.0066223
-0.0023193
0.0023193
-0.0058594
0.00042725
0.0081787
-0.011505
-0.0078735
-0.0046082
-0.011353
-0.007782
-0.011139
-0.0023193
0.0012207
-0.0042114
-0.0040283
-0.0018921
-0.065277
-0.10818
-0.098145
-0.13818
-0.093384
-0.035858
-0.039215
0.0096436
0.063507
0.088745
0.14648
0.20389
0.18109
0.16852
0.16476
0.11072
0.090454
0.063721
-0.014252
-0.062592
-0.096619
-0.13644
-0.13882
-0.11969
-0.12036
-0.097748
-0.059692
-0.039764
0.0072021
0.05722
0.066223
0.066254
0.072601
0.049988
0.030457
0.023926
-0.0083313
-0.035797
-0.05365
-0.077484
-0.075348
-0.056549
-0.044373
-0.031281
-0.0033875
0.0056458
0.0098572
0.041168
0.037567
0.032074
0.028748
0.016327
0.013336
0.011353
0.01004
0.0016785
0.0007019
0.005249
0.0049438
0.017761
0.017883
0.01062
0.017883
0.025818
0.031189
0.036865
0.035828
0.023926
0.013123
0.0072021
-0.0054016
-0.017242
-0.026459
-0.044342
-0.050995
-0.0466
-0.056122
-0.054108
-0.040894
-0.039795
-0.04953
-0.099121
-0.20578
-0.19775
-0.18909
-0.14966
0.0023499
0.074585
0.10208
0.18335
0.24539
0.27853
0.33176
0.32077
0.21487
0.14557
0.061523
-0.031586
-0.06308
-0.11505
-0.17752
-0.19504
-0.18607
-0.15857
-0.088959
-0.011597
0.021973
0.057617
0.075714
0.076172
0.08728
0.07666
0.044708
-0.01358
-0.063324
-0.11044
-0.13657
-0.12268
-0.10486
-0.084869
-0.056152
-0.027222
0.0064087
0.061951
0.09964
0.10898
0.11359
0.082306
0.046967
0.024292
-0.0084229
-0.04184
-0.086975
-0.11346
-0.12589
-0.10638
-0.047943
-0.0024109
0.042633
0.090149
0.11279
0.12567
0.13397
0.11612
0.078125
0.046326
0.0047913
-0.025635
-0.036346
-0.056763
-0.062103
-0.054047
-0.051422
-0.031647
-0.017365
-0.013184
-0.0039368
-0.0076294
-0.014435
-0.0062561
-0.0079956
-0.015289
-0.023865
-0.069946
-0.19489
-0.28076
-0.2655
-0.27039
-0.14233
0.030334
0.089722
0.17178
0.27112
0.32611
0.37088
0.4201
0.35187
0.22849
0.14224
0.0065613
-0.093658
-0.12943
-0.19128
-0.23987
-0.22586
-0.19904
-0.15567
-0.058258
0.022308
0.061981
0.1044
0.11069
0.090149
0.081177
0.053436
-0.0055237
-0.04953
-0.099365
-0.15494
-0.15894
-0.13568
-0.11142
-0.066193
-0.014038
0.020569
0.060547
0.10135
0.11871
0.12582
0.10986
0.066467
0.019897
-0.019348
-0.051392
-0.080231
-0.097168
-0.10547
-0.10724
-0.091095
-0.05835
-0.011169
0.047241
0.10513
0.13992
0.15326
0.14166
0.11142
0.085419
0.052612
0.0084229
-0.027954
-0.06665
-0.094666
-0.091431
-0.067047
-0.039642
-0.015656
0.0011597
0.010406
0.020569
0.022003
0.0051575
-3.0518e-05
-0.0066528
-0.023468
-0.03418
-0.048859
-0.09494
-0.22598
-0.29376
-0.27515
-0.26703
-0.11615
0.050568
0.129
0.2345
0.31567
0.34906
0.38156
0.40198
0.3161
0.21011
0.11462
-0.036072
-0.1362
-0.18784
-0.23486
-0.23724
-0.21194
-0.17746
-0.13367
-0.052216
0.019775
0.071045
0.12857
0.13062
0.10568
0.075317
0.02713
-0.022217
-0.058105
-0.093353
-0.13437
-0.14029
-0.12994
-0.10587
-0.055725
-0.011505
0.037933
0.079498
0.10266
0.1142
0.11038
0.094696
0.061218
0.024445
-0.015442
-0.054016
-0.076233
-0.10184
-0.10318
-0.1012
-0.096863
-0.064972
-0.02475
0.027161
0.091553
0.13852
0.1459
0.13422
0.11569
0.075287
0.047607
0.015686
-0.025299
-0.052368
-0.076752
-0.083527
-0.067902
-0.049622
-0.029053
-0.002594
0.014618
0.016724
0.01535
0.0012512
-0.0093994
-0.01297
-0.014191
-0.0038757
-0.0043945
-0.011688
-0.054291
-0.1738
-0.21744
-0.24838
-0.2626
-0.12305
0.0093689
0.095581
0.2012
0.26938
0.27966
0.29709
0.32144
0.26532
0.21255
0.14297
0.015594
-0.069061
-0.13095
-0.17816
-0.17648
-0.14932
-0.13586
-0.12164
-0.080444
-0.061951
-0.020569
0.036377
0.057892
0.073334
0.06601
0.033447
0.0023193
-0.0159
-0.033264
-0.044708
-0.044952
-0.055115
-0.064209
-0.05542
-0.039215
-0.014282
0.016663
0.037933
0.048279
0.049805
0.038788
0.024536
0.012939
-0.0046387
-0.011749
-0.013733
-0.028076
-0.04187
-0.047424
-0.052094
-0.036377
-0.0021362
0.021301
0.047394
0.062073
0.058441
0.059784
0.062561
0.061584
0.049683
0.036957
0.011658
-0.023041
-0.04068
-0.051727
-0.053253
-0.041321
-0.027527
-0.020752
-0.012451
-0.010162
-0.015686
-0.0079346
-0.0056763
-0.0078735
0.0039673
0.0071716
0.010559
0.030884
0.048157
-0.0084229
-0.065979
-0.10245
-0.18463
-0.17941
-0.11298
-0.070862
-0.00045776
0.066528
0.098022
0.11386
0.15604
0.16772
0.16959
0.20322
0.1741
0.13528
0.10159
0.041473
-0.0067139
-0.037903
-0.053253
-0.081604
-0.092834
-0.1015
-0.11823
-0.1098
-0.10272
-0.088135
-0.059784
-0.029449
-0.0069885
0.006134
0.021393
0.016663
0.010162
0.016541
0.013123
0.013947
0.017944
0.007782
-0.0025024
-0.012482
-0.015625
-0.013672
-0.009491
-0.0021057
0.0043945
0.0099792
0.012238
0.0096436
0.0056458
3.0518e-05
-0.0045166
-0.005188
-0.0032349
-0.0057983
-0.0032043
-0.007019
-0.0095215
0.0021362
0.0099182
0.01944
0.027771
0.020905
0.012268
0.0084839
0.0022278
0.0013733
0.0078735
0.00085449
-0.0062866
-0.0073547
-0.010254
-0.006073
0.0018005
0.0086975
0.010132
0.0056763
-0.0011902
-0.0036621
-0.0026855
-0.0010071
0.0029297
0.0020447
-0.002655
-0.0054016
-0.0071716
-0.004364
-0.0021057
-0.0030823
-0.00094604
-0.0033569
-0.0036621
-0.00018311
-0.0050964
-0.0061646
-0.0057068
-0.0056152
-0.0015869
-0.00073242
-0.0025635
-0.0041199
-0.0077515
-0.014954
-0.011871
-0.0061035
-0.0031738
0.0091248
0.019196
0.023621
0.029907
0.029572
0.025024
0.023254
0.013794
0.0020142
-0.00054932
-0.0017395
-0.0016174
0.0021362
-0.0011902
-0.0042114
-0.001709
-0.0026245
0.0029297
0.0024414
-0.0022888
-0.0065613
-0.01358
