0.035309
-0.0092163
0.023529
0.03595
0.0079346
0.0074768
0.0099487
0.010895
-0.004364
-0.0033569
-0.020599
-0.015259
-0.010773
-0.0077209
-0.0045166
0.0014954
-0.0079041
-0.022797
-0.0015869
-0.0084839
0.0046387
0.016235
0.015167
0.0073853
0.026276
0.0081177
0.01535
0.018341
-0.0090942
-0.0093689
-0.010315
-0.010162
-0.014404
-0.0036621
-0.015717
-0.013275
-0.0080566
-0.00354
-0.00012207
0.0044861
0.0030212
-0.0018921
0.0010986
0.0041199
0.0026855
0.0075378
0.0066528
0.0038452
0.0019531
0.0053406
0.0053406
0.00085449
0.0059204
0.0065918
-0.00039673
0.0066833
-0.00018311
-0.0032043
0.0017395
-0.0065918
-0.0030823
-0.0042725
-0.011414
-0.0031738
-0.0032959
-0.0013733
0.0022583
0.0098877
0.006012
0.011078
0.013092
0.0093079
0.0052795
0.0027771
0.00036621
-0.0028076
-0.0064087
-0.0095215
-0.0083008
-0.012085
-0.0098267
-0.0089111
-0.010712
-0.0088196
-0.0079346
-0.0016479
-0.00177
0.0019836
0.0036621
0.0079041
0.012054
0.0080872
0.010925
0.0052185
-0.00091553
-0.0055542
-0.012085
-0.020935
-0.037506
-0.044403
-0.047272
-0.04068
-0.031708
-0.015564
-0.0043335
0.011444
0.030029
0.050476
0.066772
0.077271
0.079041
0.071899
0.065552
0.049744
0.033264
0.016479
-0.0059814
-0.02771
-0.038757
-0.049866
-0.055786
-0.052032
-0.046509
-0.040527
-0.029907
-0.013916
9.1553e-05
0.012207
0.022064
0.02243
0.022003
0.020355
0.015778
0.0087891
-6.1035e-05
-0.011322
-0.025543
-0.026917
-0.027039
-0.027069
-0.022125
-0.02179
-0.022095
-0.014893
-0.004303
0.0068359
0.015533
0.023682
0.023499
0.02829
0.031372
0.029419
0.028076
0.020111
0.010071
0.0045166
0.0016479
-6.1035e-05
3.0518e-05
0.0012817
0.0011597
0.0034485
0.010345
0.011841
0.013306
0.012512
0.0040283
-0.0012512
-0.0065308
-0.0112
-0.018433
-0.026459
-0.03772
-0.041016
-0.052063
-0.070496
-0.077545
-0.12167
-0.16602
-0.14896
-0.1311
-0.078278
0.010681
0.076202
0.11163
0.16638
0.21393
0.22241
0.24673
0.23331
0.16968
0.10498
0.046326
-0.018921
-0.071838
-0.096649
-0.1319
-0.15717
-0.14648
-0.12607
-0.092346
-0.037109
0.012451
0.035797
0.056244
0.073151
0.069977
0.064178
0.053223
0.018127
-0.024811
-0.057129
-0.083221
-0.099884
-0.090485
-0.078033
-0.065704
-0.039642
-0.011719
0.015594
0.048157
0.074615
0.082733
0.079956
0.067932
0.043304
0.01947
-0.0020752
-0.026947
-0.045624
-0.059967
-0.078705
-0.07959
-0.070618
-0.04599
-0.0085449
0.029175
0.057709
0.074951
0.088593
0.091522
0.08728
0.071411
0.039917
0.0057678
-0.027252
-0.045807
-0.054199
-0.051666
-0.044281
-0.035919
-0.024353
-0.0086975
0.01062
0.022888
0.032318
0.032043
0.022003
0.016632
0.0079651
-0.010681
-0.027924
-0.042328
-0.054688
-0.065216
-0.082794
-0.10446
-0.16653
-0.19562
-0.16568
-0.12268
-0.027344
0.082214
0.14734
0.18884
0.23361
0.26193
0.2598
0.2608
0.21338
0.12421
0.042236
-0.037537
-0.10382
-0.14655
-0.15555
-0.16467
-0.1571
-0.1235
-0.084229
-0.032349
0.022278
0.06543
0.081787
0.084106
0.076355
0.050232
0.026733
-0.003418
-0.040527
-0.075958
-0.1011
-0.11401
-0.11032
-0.079803
-0.045135
-0.0075989
0.029938
0.054932
0.07074
0.080566
0.085907
0.075348
0.055939
0.026337
-0.015717
-0.046326
-0.06015
-0.071411
-0.073669
-0.069244
-0.076538
-0.062286
-0.028564
0.0069275
0.054382
0.089539
0.099091
0.089966
0.084412
0.066772
0.045837
0.02774
-0.0025024
-0.034851
-0.053772
-0.055145
-0.049133
-0.03418
-0.014893
-0.0031433
0.0094299
0.017487
0.025909
0.029327
0.027039
0.023254
0.016113
0.0055237
-0.01004
-0.021149
-0.031342
-0.037567
-0.059479
-0.083801
-0.12341
-0.20053
-0.20679
-0.1785
-0.11847
-0.0040894
0.099121
0.16159
0.20068
0.2446
0.24933
0.24933
0.24301
0.18127
0.10318
0.021637
-0.05658
-0.11804
-0.14709
-0.15204
-0.15097
-0.1282
-0.095551
-0.062988
-0.016602
0.027557
0.061035
0.075867
0.080353
0.066284
0.037415
0.010773
-0.022003
-0.050995
-0.073151
-0.086609
-0.095276
-0.08548
-0.062653
-0.036621
-0.0030823
0.026947
0.048584
0.061493
0.065552
0.061676
0.048553
0.030518
0.011627
-0.0093384
-0.035767
-0.054779
-0.068787
-0.083099
-0.072845
-0.049469
-0.021973
0.018097
0.054504
0.076996
0.089844
0.093323
0.083221
0.070374
0.051666
0.023621
-0.00097656
-0.020752
-0.036682
-0.042847
-0.040009
-0.035553
-0.029205
-0.017059
-0.010162
-0.00097656
0.0084229
0.012817
0.012329
0.009613
0.0033264
-0.0053711
-0.015228
-0.023285
-0.02478
-0.019958
-0.032867
-0.046295
-0.10028
-0.18338
-0.20093
-0.19482
-0.13724
-0.022766
0.083801
0.15384
0.19598
0.23676
0.2352
0.23953
0.23627
0.19452
0.13815
0.060608
-0.015747
-0.087982
-0.13361
-0.15015
-0.15009
-0.12881
-0.10638
-0.080872
-0.055084
-0.028198
0.0070496
0.036316
0.064819
0.075409
0.066254
0.041351
0.006897
-0.022522
-0.047119
-0.06073
-0.064056
-0.062134
-0.057983
-0.049194
-0.035339
-0.014923
0.011261
0.0354
0.051483
0.053802
0.039673
0.022186
0.0080872
0
-0.0090332
-0.020386
-0.028351
-0.039307
-0.039734
-0.026031
-0.0083618
0.011017
0.030121
0.044128
0.051392
0.054321
0.052521
0.0495
0.045929
0.038879
0.026917
0.0092163
-0.012299
-0.030548
-0.042603
-0.044983
-0.043182
-0.040131
-0.03299
-0.02887
-0.026245
-0.019867
-0.015106
-0.010834
-0.0064697
-0.0019836
0.0077515
0.022583
0.025269
0.032806
0.012817
-0.065765
-0.11798
-0.16711
-0.19504
-0.14648
-0.063751
0.010376
0.076782
0.14346
0.17044
0.18506
0.20508
0.20126
0.18811
0.16348
0.12775
0.071075
0.0078735
-0.048096
-0.092255
-0.11606
-0.12506
-0.11823
-0.11041
-0.10529
-0.094086
-0.082306
-0.062317
-0.030548
0.0075989
0.03833
0.059052
0.064667
0.054413
0.033386
0.014587
0.0010071
-0.0084229
-0.014343
-0.016052
-0.022522
-0.03009
-0.032043
-0.028656
-0.017975
-0.004303
0.006958
0.012451
0.0095825
0.006073
0.0028992
0.0032654
0.0057373
0.0086365
0.0079041
0.0030212
-0.0046997
-0.011139
-0.010162
-0.0041504
0.0045776
0.013519
0.018768
0.018738
0.018005
0.017792
0.016632
0.014374
0.007782
-0.0029907
-0.012085
-0.019928
-0.023102
-0.023468
-0.02536
-0.025909
-0.025543
-0.023621
-0.017273
-0.010345
-0.0011292
0.0085449
0.019562
0.031677
0.043762
0.043488
0.031494
0.015015
-0.010315
-0.030853
-0.038696
-0.036591
-0.029816
-0.018799
-0.007782
-0.0036621
0.0022888
0.0087891
0.020355
0.036194
0.04837
0.054932
0.052734
0.04483
0.035919
0.027008
0.019348
0.013
0.0072632
-0.0021667
-0.012573
-0.022064
-0.031921
-0.037689
-0.039368
-0.035889
-0.03006
-0.021027
-0.0099487
-0.0012512
0.0039978
0.0033875
-0.00027466
-0.0058899
-0.010956
-0.014099
-0.015869
-0.014648
-0.013336
-0.010376
-0.0066223
-0.002655
0.0016785
0.0062256
0.010132
0.010559
0.010986
0.0093384
0.0067139
0.0061951
0.006012
0.0071716
0.0078735
0.0032043
-0.0027466
-0.011169
-0.018463
-0.017822
-0.012543
-0.0067139
-0.0036621
-0.0021973
-0.0018005
-3.0518e-05
0.0062561
0.014069
0.019531
0.022461
0.01944
0.013947
0.0071411
-0.00064087
-0.0040894
-0.0059814
-0.0073547
-0.0084534
-0.007843
-0.0053101
-0.0015869
0.0044861
0.010193
0.013153
0.013763
0.014374
0.013672
0.014465
0.013885
0.0088806
0.00091553
-0.0086975
-0.018921
-0.025757
-0.027069
-0.023926
-0.019196
-0.014313
-0.0083923
-0.0031433
0.00027466
0.0019226
0.0040894
0.0059204
0.0045166
0.0056458
0.0042725
0.0048218
0.007019
0.0071106
0.0068054
0.0033875
-0.0013733
-0.0050659
-0.006073
-0.0034485
