-0.0020142
-0.001709
0.0007019
0.00021362
-0.00027466
-0.0014954
-0.0010071
0.00091553
-0.00079346
0.00082397
-0.0024414
-0.009613
-0.010376
-3.0518e-05
0.019012
0.017639
0.0093384
0.014252
-0.035706
-0.021881
-0.0014954
0.0053711
0.0067139
0.006897
0.016571
0.0031433
0.0072632
0.019989
-0.0027771
-0.013245
-0.013733
-0.008728
-0.008728
-0.01059
-0.013763
-0.018951
-0.018188
-9.1553e-05
0.0059204
0.012848
0.0099182
0.0041199
0.004425
0.0072632
0.0066223
0.011169
0.0018616
-0.011597
-0.00048828
0.00073242
0.00054932
0.0177
0.0077209
0.0015259
0.0082703
0.0084229
-0.00015259
0.00042725
0.014374
-0.027466
-0.012543
-0.00057983
-0.0086975
0.0047913
0.0037842
0.0084839
0.0031738
-0.0021057
0.0072937
0.011871
-0.010406
0.0013733
-0.00094604
0.0040283
0.0049133
0.012268
0.0072937
-0.00027466
-0.0029602
-0.011841
-0.0060425
-0.0098267
-0.0027161
-0.006012
-0.00354
-0.01535
-0.0075073
-0.0075378
-0.0052185
-0.0066528
-0.0069275
-0.0061646
-0.003479
0.0028076
0.0035095
0.0044556
-0.0029907
0.0023193
-0.0010071
-0.028351
-0.047821
-0.059174
-0.076691
-0.055298
-0.02774
-0.014954
0.0059814
0.0354
0.051117
0.0896
0.12115
0.11911
0.12036
0.1055
0.077179
0.05957
0.03894
-0.002655
-0.028625
-0.058594
-0.089966
-0.093781
-0.090942
-0.090576
-0.072906
-0.058075
-0.04541
-0.01889
0.0088501
0.02536
0.043488
0.048035
0.032501
0.031372
0.025513
0.015869
0.012909
0.00018311
-0.022491
-0.033112
-0.035004
-0.034576
-0.018097
-0.010406
-0.010162
0.0007019
0.010254
0.018494
0.033203
0.036469
0.02832
0.024292
0.015167
0.0075073
0.0065613
-0.0015869
-0.0088501
-0.0073547
-0.0082092
-0.0054016
0.0058594
0.005188
0.0067444
0.01004
0.00091553
-0.00076294
0.0011597
-0.016357
-0.025543
-0.030029
-0.041046
-0.045563
-0.047424
-0.051392
-0.13477
-0.14902
-0.15274
-0.1615
-0.058411
0.01535
0.062958
0.11655
0.18338
0.19437
0.25287
0.28458
0.23221
0.19482
0.11499
0.017273
-0.043365
-0.074371
-0.13867
-0.15445
-0.16214
-0.18311
-0.13937
-0.076141
-0.033234
0.024414
0.064392
0.064178
0.078125
0.087219
0.068146
0.05246
0.023407
-0.038116
-0.077728
-0.096924
-0.11789
-0.10284
-0.076263
-0.068756
-0.044617
-0.011017
0.013977
0.057007
0.088837
0.091003
0.081696
0.056732
0.020844
0.0029907
-0.01001
-0.03009
-0.037323
-0.047729
-0.054321
-0.036987
-0.0099182
0.016418
0.04126
0.056213
0.05719
0.062469
0.064148
0.054901
0.046783
0.026855
0.0015259
-0.017975
-0.032715
-0.046112
-0.049683
-0.049957
-0.055206
-0.049133
-0.03949
-0.027252
-0.017334
-0.010986
-0.007843
-0.0045776
-0.0052795
-0.021362
-0.029846
-0.1199
-0.15714
-0.15384
-0.16183
-0.062531
0.023712
0.085693
0.13583
0.20346
0.21823
0.24863
0.28485
0.22427
0.17819
0.10266
0.0018616
-0.071625
-0.10733
-0.15271
-0.16586
-0.14285
-0.14111
-0.10187
-0.039886
-0.0027466
0.042694
0.082001
0.080688
0.067474
0.052429
0.010468
-0.027039
-0.050781
-0.086945
-0.10895
-0.11063
-0.10724
-0.084625
-0.040741
-0.0031433
0.032196
0.069092
0.080811
0.082672
0.085358
0.065582
0.037262
0.006134
-0.035492
-0.07251
-0.085938
-0.089966
-0.073151
-0.03186
-0.0016785
0.03595
0.070099
0.086426
0.10141
0.10706
0.089844
0.06311
0.037903
0.0020447
-0.015442
-0.022644
-0.037231
-0.040344
-0.04361
-0.04834
-0.043274
-0.03125
-0.025513
-0.013977
-0.0089111
-0.010468
-0.012299
-0.026733
-0.031982
-0.029663
-0.023682
-0.036987
-0.050262
-0.10419
-0.18839
-0.17459
-0.16867
-0.09848
0.028412
0.1124
0.17462
0.23181
0.27228
0.26758
0.29797
0.26437
0.18768
0.11856
0.0046387
-0.095825
-0.15387
-0.18741
-0.20078
-0.1705
-0.13858
-0.11349
-0.052368
-0.0030823
0.041229
0.090332
0.10638
0.093079
0.069061
0.028534
-0.024261
-0.057526
-0.084747
-0.10892
-0.11118
-0.10986
-0.09552
-0.06076
-0.017151
0.026886
0.071136
0.10101
0.10178
0.098022
0.076843
0.042053
0.011627
-0.0242
-0.06012
-0.086639
-0.095306
-0.096039
-0.072113
-0.037598
-0.0041199
0.041809
0.07486
0.10114
0.11371
0.11023
0.089722
0.059601
0.03183
-0.00021362
-0.018433
-0.037415
-0.050323
-0.051056
-0.049957
-0.042999
-0.029907
-0.013
-0.0065002
0.0022278
0.0077515
0.0014648
-0.0028381
-0.0112
-0.026917
-0.036041
-0.03653
-0.041656
-0.055634
-0.07016
-0.13797
-0.1814
-0.17154
-0.16406
-0.064667
0.048584
0.13742
0.21011
0.26456
0.2756
0.26941
0.27359
0.22079
0.16913
0.096313
-0.009613
-0.096802
-0.16125
-0.20422
-0.20456
-0.16522
-0.12833
-0.084351
-0.035431
-0.0082703
0.025787
0.06134
0.083893
0.095367
0.082977
0.041351
-0.012512
-0.054688
-0.089172
-0.099701
-0.09198
-0.079407
-0.068146
-0.049805
-0.028656
-0.0024414
0.037964
0.067078
0.086853
0.088318
0.069977
0.040253
0.0099792
-0.016602
-0.040649
-0.055511
-0.065521
-0.071472
-0.070587
-0.05246
-0.025665
0.01358
0.056305
0.087646
0.10565
0.10245
0.086548
0.06485
0.047974
0.030182
0.012726
-0.006134
-0.031738
-0.048981
-0.058472
-0.058777
-0.045746
-0.029755
-0.02005
-0.015625
-0.01239
-0.015961
-0.016937
-0.014893
-0.012512
-0.0044556
0.0047607
0.007782
0.002533
-0.031464
-0.10785
-0.15582
-0.19339
-0.20129
-0.12479
-0.038025
0.053345
0.13922
0.1951
0.22009
0.23645
0.24478
0.23065
0.22278
0.18219
0.11603
0.042175
-0.046722
-0.11804
-0.15787
-0.1673
-0.15973
-0.13663
-0.11862
-0.10782
-0.081299
-0.054504
-0.012909
0.032806
0.065338
0.079712
0.075134
0.055267
0.023041
0.0023804
-0.017639
-0.029785
-0.034851
-0.046967
-0.051575
-0.057465
-0.056427
-0.045013
-0.026123
-0.0063477
0.0091248
0.024445
0.029327
0.034363
0.037262
0.036011
0.0336
0.023926
0.013458
0.0056458
-0.00067139
-0.0053101
-0.0053711
-0.0036011
-0.0038147
0.00045776
0.0076599
0.019257
0.031311
0.038879
0.03479
0.0242
0.011932
-0.0037537
-0.011475
-0.019348
-0.028442
-0.037842
-0.043976
-0.045563
-0.043304
-0.034271
-0.023254
-0.012482
-0.0075073
-0.00177
0.010803
0.021851
0.038177
0.052551
0.018097
-0.01889
-0.058685
-0.11191
-0.11411
-0.090942
-0.057861
-0.018555
0.024078
0.048157
0.067322
0.094421
0.10684
0.1297
0.15085
0.15189
0.14871
0.12531
0.084656
0.041901
0.0050964
-0.029907
-0.057037
-0.072388
-0.09198
-0.10446
-0.11343
-0.11929
-0.11484
-0.10242
-0.079712
-0.054993
-0.025818
-0.0038147
0.012268
0.02359
0.023376
0.026428
0.028748
0.03186
0.034576
0.033081
0.028381
0.018738
0.0099487
0.0043335
0.0049133
0.0093994
0.011902
0.010834
0.0041504
-0.0066833
-0.020874
-0.026337
-0.025146
-0.022278
-0.016357
-0.012207
-0.012665
-0.0096436
-0.0045471
0.00030518
0.01297
0.024048
0.029083
0.032593
0.031403
0.027069
0.024292
0.019836
0.01236
0.0067444
0.0020142
-0.0044556
-0.0059509
-0.0085449
-0.013123
-0.016052
-0.019348
-0.023193
-0.024841
-0.026276
-0.027161
-0.024994
-0.020844
-0.013794
-0.005127
0.0047607
0.012726
0.016296
0.016449
0.01651
0.014008
0.017273
0.020111
0.018097
0.014526
0.0043335
-0.0071716
-0.01651
-0.02002
-0.019562
-0.015045
-0.0094299
-0.006897
-0.00354
-0.00076294
0.0055542
0.016052
0.026703
0.033783
0.035187
0.031189
0.023834
0.017517
0.0088806
0.003418
-0.00079346
-0.0040283
-0.0053101
-0.0069885
-0.0087585
-0.010284
-0.0082397
-0.0090332
-0.0075378
-0.0074158
-0.0083618
-0.005249
-0.0071106
-0.005188
-0.0048828
