0.00076294
0.00067139
0.0007019
6.1035e-05
3.0518e-05
-9.1553e-05
0.00027466
0.00030518
0.0005188
0.00021362
-0.00054932
-9.1553e-05
9.1553e-05
0.00042725
-0.00015259
-9.1553e-05
-0.00012207
-0.00064087
-3.0518e-05
-3.0518e-05
-0.00027466
-0.00064087
-6.1035e-05
-6.1035e-05
0.0007019
-0.00057983
-0.00036621
0.00021362
-0.00030518
-6.1035e-05
6.1035e-05
0.00033569
-9.1553e-05
0.00064087
0.0005188
-0.00024414
0.00015259
6.1035e-05
-0.00094604
-0.00088501
0.00045776
0.00064087
0.00064087
0.00021362
0.0022278
0.0012817
-0.0011597
0
0.0013733
-0.00073242
-0.0042114
-0.004303
0.010864
-0.022552
-0.0088501
0.036102
-0.028503
0.010162
0.022797
-0.014008
0.0065002
0.0047913
0.0024414
-0.0059814
-0.00085449
-0.0023193
-0.0073853
0.0021057
-0.0076904
-0.0019836
-0.00015259
-0.0049744
0.0057678
-0.0019531
0.00079346
0.0025635
-0.0010986
0.0017395
0.0026245
0.0032349
-0.00091553
0.0054626
-0.00018311
0.00021362
0.0057678
9.1553e-05
0.0019836
-0.0027161
-0.0033264
0.0015564
0.0013428
-0.0038147
-0.0036926
-0.0023804
-0.0016479
-0.0005188
-0.0075378
0.0084839
-0.017639
-0.02533
0.04837
-0.018433
0.016968
0.012634
-0.03363
0.037201
-0.0031433
-0.010437
0.027618
-0.015686
-0.0010071
-0.0015259
0.0055542
-0.021637
-0.020721
-0.0092468
-0.0028076
0.026154
0.0099182
0.019745
0.015442
-0.00097656
0.011475
-0.0029602
-0.011841
-0.012177
-0.014465
-0.015228
-0.010651
-0.0049438
-0.012329
-0.0030518
0.0048828
-0.0071106
-0.0073853
0.0053711
-0.0073242
-0.0018616
0.0092773
-0.00027466
0.016205
0.017578
0.014557
0.019073
0.010376
0.00085449
0.00177
-0.0037537
-0.011719
-0.007843
-0.013489
-0.015656
-0.00079346
-0.00082397
0.005188
0.013397
0.010956
0.014832
0.016266
0.012054
0.011871
0.0075989
0.00079346
-0.0011597
-0.0024109
-0.0079041
-0.0058594
-0.0093079
-0.01001
-0.0088806
-0.0038757
-0.0067139
-0.00012207
0.0032043
0.0020752
0.0045471
0.004364
0.00354
0.0033875
-0.00082397
-0.01123
-0.0075684
-0.010284
-0.0072021
-0.013367
-0.014771
-0.016266
-0.0075378
-0.0058594
0.011047
-0.0056152
-0.070831
-0.066711
-0.1011
-0.10217
-0.04776
-0.028656
-0.027924
0.016571
0.041931
0.075226
0.14554
0.15918
0.14703
0.14563
0.12152
0.093689
0.10165
0.054718
0.0013123
-0.033051
-0.081146
-0.10492
-0.095673
-0.103
-0.11118
-0.094025
-0.094299
-0.065704
-0.017792
0.011871
0.031982
0.051086
0.046356
0.041382
0.051239
0.040466
0.028687
0.012054
-0.021393
-0.040192
-0.043823
-0.055389
-0.051605
-0.044159
-0.041962
-0.023651
-0.0019531
0.0097961
0.025665
0.037872
0.036377
0.044647
0.045074
0.032593
0.028473
0.0159
0.0012817
-0.0036621
-0.0093689
-0.016541
-0.015839
-0.013916
-0.0091553
0.0053406
0.014465
0.017944
0.024658
0.020691
0.021667
0.021545
0.016632
0.0050049
-0.0068359
-0.021698
-0.032837
-0.039001
-0.043091
-0.048828
-0.043701
-0.033386
-0.027557
-0.0085754
-0.10745
-0.14041
-0.14294
-0.17282
-0.070984
0.019867
0.042084
0.079895
0.14352
0.15909
0.2272
0.28735
0.23135
0.18927
0.13345
0.043518
0.0078735
-0.013092
-0.086975
-0.12726
-0.15091
-0.1795
-0.15024
-0.087921
-0.061737
-0.023071
0.016968
0.011627
0.04184
0.076996
0.073578
0.061188
0.039551
-0.018311
-0.051758
-0.056061
-0.075317
-0.073792
-0.069092
-0.075348
-0.065857
-0.027222
0.0049438
0.040466
0.074707
0.065247
0.056793
0.050873
0.033478
0.020477
-0.002533
-0.029419
-0.052155
-0.059357
-0.049347
-0.028931
-0.0062866
0.013184
0.028442
0.044891
0.056458
0.060547
0.062134
0.055389
0.042358
0.032379
0.018036
0.00067139
-0.014038
-0.031281
-0.040466
-0.040649
-0.037292
-0.035614
-0.032471
-0.022461
-0.016174
-0.007019
0.0013123
0.0018311
-0.0066833
-0.0094299
-0.013062
-0.023376
-0.016602
-0.084625
-0.18381
-0.17676
-0.21524
-0.16647
-0.020203
0.052063
0.10452
0.18826
0.2323
0.24826
0.32645
0.30673
0.23047
0.17783
0.063293
-0.037323
-0.07132
-0.12518
-0.17551
-0.17645
-0.18851
-0.18927
-0.12485
-0.06012
-0.014557
0.05481
0.072937
0.064636
0.080963
0.073669
0.047577
0.035217
-0.006012
-0.070038
-0.095306
-0.10928
-0.1131
-0.081635
-0.055634
-0.035522
-0.0013428
0.029938
0.055176
0.088013
0.099701
0.084076
0.064026
0.030945
-0.0053711
-0.03302
-0.054657
-0.070984
-0.076263
-0.068542
-0.04837
-0.017151
0.01651
0.046295
0.071442
0.080994
0.078857
0.072693
0.056061
0.042145
0.024506
0.0056763
-0.0095215
-0.032715
-0.044739
-0.050049
-0.045105
-0.037323
-0.028046
-0.017395
-0.014313
-0.0035706
0.0022583
0.0068054
0.0088501
0.0028687
-0.0019531
-0.0050049
-0.0095215
-0.013153
-0.031097
-0.14609
-0.19092
-0.21295
-0.23438
-0.10223
0.016754
0.081421
0.15741
0.22607
0.23532
0.27777
0.32001
0.25128
0.19962
0.1178
-0.0090637
-0.076019
-0.11945
-0.16827
-0.17358
-0.15741
-0.16486
-0.13501
-0.069489
-0.029053
0.038177
0.092316
0.091705
0.086121
0.071075
0.036285
0.012848
-0.0021667
-0.045898
-0.085785
-0.10229
-0.12003
-0.10385
-0.060394
-0.027161
0.0056152
0.03952
0.053253
0.063782
0.084595
0.08194
0.062958
0.039856
0.0035706
-0.045471
-0.065857
-0.071594
-0.08197
-0.057465
-0.038086
-0.027405
0.0086365
0.035767
0.053009
0.078369
0.083862
0.064758
0.060791
0.047607
0.025635
0.018341
0.00048828
-0.027802
-0.036316
-0.045746
-0.051117
-0.038269
-0.023956
-0.01828
-0.011627
0.0029602
0.0054626
0.0081482
0.010803
0.0014954
-0.0052795
-0.0047607
-0.0068054
-0.0047302
0.0031433
-0.10916
-0.17636
-0.19241
-0.25339
-0.16061
-0.027283
0.040222
0.121
0.20251
0.21304
0.23514
0.29526
0.25143
0.21735
0.17871
0.057678
-0.021118
-0.07196
-0.13428
-0.1535
-0.1344
-0.14154
-0.14087
-0.093109
-0.076538
-0.034363
0.031708
0.050934
0.063324
0.066742
0.037872
0.0097656
0.0054016
-0.015442
-0.039551
-0.042053
-0.061462
-0.074738
-0.057526
-0.040314
-0.019958
0.0075684
0.021881
0.025635
0.033752
0.039215
0.037903
0.037445
0.021179
-0.0040894
-0.016693
-0.029694
-0.036652
-0.029053
-0.026489
-0.01947
-0.0031738
0.0092773
0.022888
0.03714
0.041443
0.043823
0.048187
0.043518
0.039398
0.031677
0.019348
0.0046997
-0.011688
-0.025879
-0.039124
-0.044067
-0.043091
-0.030579
-0.018768
-0.0075684
0.00018311
0.0012207
0.0021973
0.0014954
-0.0020752
-0.0030212
0.0038757
0.0050354
0.011017
0.031708
-0.045593
-0.10788
-0.14108
-0.22314
-0.18301
-0.088562
-0.027679
0.049988
0.12729
0.14377
0.15582
0.21558
0.20624
0.20676
0.211
0.13861
0.08316
0.033508
-0.034027
-0.068787
-0.07373
-0.095123
-0.11194
-0.098572
-0.11948
-0.1178
-0.084076
-0.06897
-0.040619
-0.014496
-0.00054932
0.007843
0.021057
0.023499
0.018921
0.028473
0.016296
0.0088501
0.0097351
-0.0042114
-0.016998
-0.021057
-0.019897
-0.02301
-0.011536
0.0028687
0.0027161
0.011017
0.017578
0.016113
0.0224
0.021515
0.0093079
0.0018311
-0.0024109
-0.010315
-0.010071
-0.0040894
-0.0078125
-0.0048218
0.0011292
-0.00024414
0.0067139
0.013702
0.020233
0.028351
0.029663
0.020386
0.0055542
-0.0057983
-0.013824
-0.012329
-0.0079041
-0.011688
-0.011841
-0.012573
-0.013885
-0.010406
-0.012085
-0.016785
-0.018555
-0.018799
-0.016693
-0.0080261
0.0019531
0.012299
0.019196
0.026672
0.015289
0.0036316
-0.0047302
-0.021942
-0.025513
-0.021118
-0.014648
-0.006012
0.0037537
0.0076904
0.007782
0.01416
0.015137
0.022736
0.034637
0.03775
0.042236
0.042725
0.035797
0.027679
0.024902
0.021545
0.014587
0.011108
-0.00057983
-0.015869
-0.027863
-0.037689
-0.040253
-0.037292
-0.031464
-0.027435
-0.024841
-0.021454
-0.018585
-0.010651
0.00054932
0.0067444
0.010559
0.013031
