-0.00033569
-0.00039673
0.00042725
0.00067139
0.00076294
6.1035e-05
0.00027466
-0.00012207
-0.00030518
-0.00030518
-0.00036621
-9.1553e-05
-0.00045776
-0.00015259
-0.00030518
-0.00021362
-0.0005188
3.0518e-05
0.00024414
0.00030518
-0.00036621
-0.00021362
9.1553e-05
-6.1035e-05
-0.00045776
-0.00079346
0.00079346
-9.1553e-05
0.00021362
-0.00064087
0
0.00042725
0.00027466
0.0011597
-0.00076294
0.00012207
-6.1035e-05
0.00076294
0.00030518
-0.00048828
0.0005188
-9.1553e-05
0.0007019
-0.00057983
0.00076294
3.0518e-05
-6.1035e-05
0.00039673
-0.00018311
0.00030518
-0.00054932
-0.00033569
-0.00094604
-0.00073242
-0.0010071
-0.00048828
-0.00079346
-0.00036621
0.00057983
0.00030518
0.00094604
-0.00030518
0.00024414
-0.00021362
-6.1035e-05
-0.00012207
-0.00021362
3.0518e-05
-0.00054932
0.0012207
0.0010376
0.00039673
0.00027466
0.00030518
0.00076294
-0.00021362
-0.0013733
0.00064087
0.00076294
0.0017395
0.00057983
0.0011597
0.00094604
-0.00018311
-0.00073242
-0.0041504
-0.0011292
-0.0018005
-0.034454
0.01947
0.013794
-0.018646
0.042572
-0.0042114
0.0045166
0.012146
-0.0098877
0.0010681
-0.010345
-0.032684
-0.054199
0.053802
-0.00064087
-0.010864
0.07193
-0.0083008
-0.004364
-9.1553e-05
-0.043152
-0.0045776
-0.021698
-0.011536
0.015656
0.017242
0.026306
0.014526
0.026703
0.0023193
3.0518e-05
0.0068359
-0.01712
-0.0062256
-0.015259
-0.024628
-0.011414
-0.014282
-0.01236
-6.1035e-05
-0.0065613
-0.0057373
0.0030823
0.0031128
0.007019
0.012756
0.014557
0.015533
0.01947
0.014954
0.0068665
0.007782
0.00015259
-0.0058594
-0.0031433
-0.060394
0.0053101
-0.0013123
-0.034515
0.022827
0.0052185
0.016998
0.027405
0.026855
0.0224
-0.0010376
0.0029297
-0.014069
-0.01062
-0.017517
-0.032043
-0.018829
-0.022156
-0.015778
0.003418
-0.0046692
-0.0016785
0.005249
0.0097656
0.011261
0.013428
0.0062561
0.0097961
0.0065613
0.0083923
0.0048828
0.001709
-0.0033569
-0.0079651
-0.0018921
0.00082397
0.001709
-0.00012207
0.0020447
0.0023804
0.0039978
0.0046082
0.0046387
-0.00030518
0.00054932
-0.0014648
0.0030518
0.0028381
0.00061035
-0.00064087
-0.0022888
-0.0018311
-0.0058594
-0.0039062
-0.0060425
-0.0026855
0.0024414
0.00024414
0.0048523
0.0093079
0.0054626
0.0053101
0.0028687
-0.0018005
-0.0018921
-0.0072327
-0.011353
-0.0082092
-0.0054016
-0.0066528
-0.0090942
-0.0032349
0.0063477
-0.026794
-0.059784
-0.061066
-0.089508
-0.076843
-0.039001
-0.028351
-0.013611
0.028748
0.053558
0.087891
0.14069
0.13449
0.12259
0.11945
0.091522
0.071259
0.062408
0.018402
-0.031891
-0.055664
-0.08429
-0.093872
-0.079987
-0.089417
-0.093109
-0.071747
-0.062225
-0.039032
0.00054932
0.019135
0.024719
0.038025
0.039856
0.034729
0.040741
0.03006
0.007782
-0.0027161
-0.023346
-0.038605
-0.031006
-0.02951
-0.029053
-0.014954
-0.0037842
0.008667
0.026917
0.035156
0.036896
0.042908
0.038177
0.022858
0.020447
0.011902
0.00085449
0.00073242
-0.0049438
-0.0097046
-0.0085144
-0.016724
-0.01709
-0.0112
-0.014587
-0.012604
-0.0082397
-0.014862
-0.01178
-0.012848
0.0049744
-0.068237
-0.19666
-0.16876
-0.22922
-0.18835
-0.038422
-0.0032349
0.016418
0.1004
0.18008
0.20886
0.33521
0.32898
0.23474
0.21225
0.12469
0.039062
0.025452
-0.040039
-0.15131
-0.18228
-0.20264
-0.21591
-0.13379
-0.069641
-0.058716
-0.0073242
0.030121
0.04126
0.097137
0.1311
0.093109
0.058228
0.012787
-0.054291
-0.066315
-0.062103
-0.0867
-0.10248
-0.096069
-0.097321
-0.068451
-0.0040894
0.02359
0.048981
0.066315
0.048462
0.044678
0.051208
0.029022
0.0090332
-0.0027161
-0.034058
-0.034058
-0.013763
-0.0029297
0.012177
0.029633
0.02829
0.03183
0.056793
0.052979
0.053192
0.057068
0.032898
0.028412
0.023895
0.0059814
-0.010834
-0.034515
-0.055725
-0.071075
-0.066895
-0.066101
-0.060059
-0.049011
-0.044342
-0.026398
-0.016907
0.0061035
-0.093567
-0.20148
-0.17123
-0.22595
-0.13776
0.019257
0.06723
0.10034
0.18228
0.23715
0.24533
0.34985
0.30884
0.1965
0.14523
0.030212
-0.050812
-0.062408
-0.099548
-0.1647
-0.16754
-0.16119
-0.16003
-0.062805
0.011444
0.034637
0.074921
0.073395
0.049133
0.05777
0.066833
0.021515
-0.018829
-0.063263
-0.12891
-0.13766
-0.10947
-0.088593
-0.064545
-0.032959
-0.025116
0.0010681
0.055573
0.08075
0.10367
0.10422
0.06665
0.024658
0.009552
-0.021606
-0.055786
-0.06134
-0.098358
-0.10461
-0.07431
-0.037262
0.017334
0.06955
0.099213
0.11395
0.13058
0.11099
0.089172
0.074036
0.027313
-0.007843
-0.030853
-0.052856
-0.061768
-0.053772
-0.049011
-0.038605
-0.02005
-0.025879
-0.018341
-0.01239
-0.024414
-0.023895
-0.016235
-0.0098572
-0.018768
-0.018066
-0.050354
-0.21994
-0.25479
-0.24677
-0.26682
-0.089203
0.040283
0.087311
0.16849
0.27859
0.31128
0.36481
0.43588
0.31482
0.21921
0.13577
-0.015656
-0.090912
-0.12238
-0.19333
-0.23495
-0.20468
-0.19968
-0.14899
-0.028503
0.020233
0.060455
0.098846
0.082001
0.061493
0.063202
0.035614
-0.027222
-0.059723
-0.11151
-0.15109
-0.1326
-0.1113
-0.082092
-0.039429
0.002594
0.028778
0.070374
0.10794
0.11423
0.11734
0.091095
0.048523
0.0064087
-0.024292
-0.058014
-0.090149
-0.093201
-0.11136
-0.10434
-0.068054
-0.027283
0.031067
0.089264
0.12665
0.13373
0.13278
0.10565
0.075134
0.054199
0.018005
-0.019226
-0.046753
-0.076172
-0.093384
-0.075226
-0.053406
-0.029968
-0.004303
0.0048828
0.0083618
0.01474
0.010162
0.00064087
-0.0076599
-0.014648
-0.026306
-0.028656
-0.028809
-0.021484
-0.13086
-0.24042
-0.21545
-0.2756
-0.17926
0.013
0.10376
0.18326
0.27219
0.31943
0.30844
0.37729
0.3302
0.21667
0.15128
0.00015259
-0.12173
-0.1709
-0.20193
-0.2236
-0.18677
-0.14508
-0.14288
-0.064056
0.00097656
0.046906
0.10416
0.10876
0.084595
0.042969
0.017029
-0.040588
-0.065796
-0.072327
-0.11926
-0.11652
-0.10559
-0.088806
-0.042603
0.014191
0.051117
0.074738
0.10608
0.095673
0.083008
0.072418
0.04126
0.011871
-0.020691
-0.065277
-0.094971
-0.10291
-0.096436
-0.068634
-0.029236
0.0064087
0.036285
0.068451
0.085419
0.094299
0.10196
0.076508
0.050995
0.028137
-0.0039368
-0.018494
-0.025055
-0.035767
-0.04306
-0.038605
-0.042847
-0.033691
-0.014282
-0.0079041
0.0051575
0.014557
0.0090637
-0.0066528
-0.01236
-0.0097046
9.1553e-05
0.0013123
0.02063
-0.024261
-0.18155
-0.1879
-0.23657
-0.25229
-0.085449
0.016022
0.087341
0.17084
0.25333
0.24591
0.28638
0.32614
0.23056
0.19983
0.11902
-0.013367
-0.075073
-0.13
-0.17371
-0.18176
-0.1351
-0.13342
-0.10754
-0.050507
-0.053619
-0.0098267
0.022095
0.038971
0.056458
0.05954
0.03186
-0.011139
-0.020599
-0.04953
-0.04953
-0.033325
-0.039886
-0.035309
-0.037018
-0.025116
-0.013702
0.018738
0.049835
0.05072
0.053406
0.029144
0.004303
-0.0075684
-0.015747
-0.021271
-0.022156
-0.015686
-0.020264
-0.018188
-0.011627
0.0012817
0.02301
0.041138
0.051849
0.049591
0.034851
0.023895
0.016357
0.013275
0.018463
0.014313
0.0072632
-0.011536
-0.032684
-0.040283
-0.041595
-0.034088
-0.028229
-0.030212
-0.025513
-0.020447
-0.015228
-0.0029297
0.011475
0.01947
0.024323
0.040131
0.010895
-0.050415
-0.084442
-0.12885
-0.14429
-0.10696
-0.059418
-0.01297
0.040253
0.089508
0.1116
0.1424
0.16919
0.16641
0.17328
0.15674
0.11514
0.080688
0.036804
-0.0080872
-0.044189
-0.064819
-0.081879
-0.090118
-0.087219
-0.098175
-0.10312
-0.096893
-0.083832
-0.053162
-0.019135
0.0076904
0.018311
0.02179
0.01358
0.0092163
0.015594
0.012695
0.014832
0.005127
-0.012177
-0.023407
-0.02652
-0.022919
-0.014557
0.0011292
0.0021973
0.008728
0.0072937
0.0022278
0.013458
0.019165
0.03186
0.035706
0.030792
0.017914
0.0044556
-0.0037231
-0.008667
0.0014038
0.0005188
0.0013123
-0.0024719
-0.0097046
-0.010101
-0.0090637
-0.00036621
0.00088501
-0.0015869
-0.010101
-0.018372
-0.022064
-0.024567
-0.019318
-0.015594
-0.012787
-0.0065918
-0.0020752
0.0039673
0.0083008
0.014343
0.020905
0.02121
0.026123
0.028198
0.021881
0.019836
0.013947
0.0040588
-0.0021362
-0.0091553
-0.014252
-0.014801
-0.012573
-0.016602
-0.014252
-0.0087891
-0.0069885
0.0015564
0.010437
0.012238
0.013977
0.018616
0.021057
0.022797
0.023041
0.021606
0.014465
0.013489
0.012512
0.0062866
0.0053711
-0.00079346
-0.0040283
-0.0062866
-0.011169
-0.015198
-0.019684
-0.021637
-0.02829
-0.03241
-0.031281
-0.026703
-0.018036
-0.013458
-0.010834
-0.0066833
-0.0055542
0.0015564
0.01004
