-0.00012207
-6.1035e-05
-0.00057983
0.00018311
3.0518e-05
-0.00021362
3.0518e-05
0.00021362
0.00039673
-0.00036621
0.00039673
-9.1553e-05
0.00088501
0.00018311
0.00012207
-0.00033569
-0.0012512
-0.00036621
-3.0518e-05
0.00091553
-6.1035e-05
-6.1035e-05
6.1035e-05
9.1553e-05
-0.00018311
-3.0518e-05
0.00021362
-0.00018311
0.00021362
3.0518e-05
0.00061035
0.00048828
0.00021362
-6.1035e-05
-0.00015259
-6.1035e-05
0
0.00018311
-3.0518e-05
-0.00015259
-0.0005188
-0.00048828
-0.00076294
-0.00021362
-0.00042725
-0.0007019
-0.00048828
-0.0005188
-3.0518e-05
-0.00015259
-0.00024414
-9.1553e-05
0.00033569
0.00021362
-3.0518e-05
0.00048828
0.0005188
0.0005188
0.00039673
0.00097656
-9.1553e-05
-0.0005188
0.00021362
-0.00018311
6.1035e-05
0.00042725
0.0007019
0.00067139
-0.00033569
-0.00073242
0.0010071
0.00061035
-0.00033569
-0.0005188
0.00027466
0.00015259
-0.0012512
-0.0053711
-0.0023499
0.006958
-0.041901
0.009613
0.032745
-0.026306
0.027527
0.026001
-0.0068054
0.0051575
0.013733
0
-0.00094604
-0.0046997
-0.010284
-0.0046997
-6.1035e-05
-0.01236
-0.009613
-0.017181
-0.0023804
-0.035614
-0.054077
0.036438
-0.019592
-0.0067749
0.060791
0.042999
0.041229
0.038727
0.034912
0.015442
-0.0030823
-0.0075684
-0.01239
-0.025269
-0.029572
-0.051147
-0.058594
-0.034393
-0.025055
-0.0081787
0.017334
0.028351
0.029572
0.028076
0.010376
0.020782
0.007019
-0.0036011
-0.00061035
-0.0050659
-0.0035706
-0.0046082
-0.0071411
-0.006012
0.0038757
0.0027771
0.0085449
0.0093079
0.0074463
0.0047913
-0.0039978
-0.010132
-0.006134
-0.0091858
-0.014679
-0.014496
-0.0091553
-0.0082397
-0.0066528
0.0022278
0.006958
0.015076
0.017975
0.019958
0.024261
0.021606
0.01651
0.012299
0.012848
0.0073547
9.1553e-05
-0.0024414
-0.0079346
-0.011841
-0.014771
-0.015991
-0.010712
-0.011719
-0.010956
-0.002594
0.0023193
0.0045776
0.0057678
0.0057068
0.0058594
0.0046387
-0.0021667
-0.0058899
-0.011871
-0.020081
-0.016602
-0.015991
-0.012604
-0.0084229
-0.0082092
-0.0054321
0.0053711
0.010345
-0.032288
-0.059021
-0.063812
-0.088562
-0.062836
-0.015564
-0.017487
0.00073242
0.038574
0.058258
0.10138
0.14795
0.13058
0.1153
0.11456
0.075775
0.064301
0.052277
-0.0016785
-0.038635
-0.061951
-0.091309
-0.093811
-0.076324
-0.084625
-0.082794
-0.058105
-0.045502
-0.011841
0.02475
0.034454
0.039856
0.041382
0.029419
0.02356
0.026031
0.0091858
-0.010742
-0.022461
-0.040894
-0.045197
-0.035217
-0.032013
-0.024445
-0.01236
-0.0087891
0.0007019
0.020721
0.021881
0.017426
0.021423
0.0020447
-0.0072632
0.0040283
0.0018311
0.0015869
0.010101
0.0053101
0.0069885
0.021698
0.02356
0.023102
0.027039
0.017303
0.0095215
0.017517
0.017151
0.013336
0.013489
0.0043335
-0.0043335
-0.0046387
-0.010895
-0.015289
-0.0085449
-0.021027
-0.027039
-0.017334
-0.017944
-0.017517
-0.0080566
-0.013885
-0.022339
-0.014862
-0.025513
-0.012604
-0.042908
-0.14447
-0.14639
-0.16196
-0.15472
-0.034088
0.033997
0.050812
0.1214
0.16943
0.19348
0.25455
0.27161
0.19028
0.14328
0.082825
-0.0087585
-0.028961
-0.063141
-0.12375
-0.1488
-0.15195
-0.14865
-0.098053
-0.028961
-0.0065002
0.022522
0.048248
0.038849
0.05542
0.072479
0.048492
0.012238
-0.021637
-0.068756
-0.091675
-0.07959
-0.074829
-0.068695
-0.044739
-0.038147
-0.016357
0.028717
0.06073
0.075256
0.0784
0.058838
0.028229
0.013824
-0.0090942
-0.033569
-0.039612
-0.052765
-0.060791
-0.039154
-0.016022
0.006134
0.037476
0.049683
0.051819
0.061218
0.057373
0.046234
0.041077
0.025024
0.0060425
-0.001709
-0.013672
-0.02594
-0.02887
-0.032562
-0.034058
-0.026489
-0.021851
-0.018066
-0.011475
-0.0056763
-0.0022583
0.0019531
9.1553e-05
-0.010437
-0.018799
-0.015564
-0.019867
-0.0072327
-0.014557
-0.13263
-0.17126
-0.17029
-0.18735
-0.070221
0.053528
0.073486
0.13113
0.2012
0.21304
0.25217
0.2962
0.22256
0.13477
0.080627
-0.026642
-0.082306
-0.089233
-0.13553
-0.16187
-0.14426
-0.13513
-0.10446
-0.020447
0.026733
0.045197
0.075317
0.062561
0.038422
0.039337
0.024536
-0.011566
-0.038025
-0.076233
-0.11194
-0.10345
-0.078705
-0.059143
-0.023407
0.0036011
0.0078125
0.029663
0.063202
0.079376
0.084656
0.074036
0.033081
-0.0071716
-0.025452
-0.03891
-0.047363
-0.042603
-0.050171
-0.049103
-0.025177
0.0028687
0.031647
0.060455
0.067841
0.058807
0.053345
0.042999
0.033905
0.026703
0.009552
-0.0098267
-0.020447
-0.030029
-0.033478
-0.026093
-0.021851
-0.022461
-0.02298
-0.015778
-0.013245
-0.0064392
3.0518e-05
-0.0090637
-0.017212
-0.017639
-0.020691
-0.00054932
-0.0050659
-0.14282
-0.18735
-0.19058
-0.22653
-0.089233
0.049805
0.074463
0.14264
0.21295
0.21857
0.25955
0.31586
0.23596
0.15485
0.10214
-0.028381
-0.082672
-0.085693
-0.13348
-0.15155
-0.13162
-0.12625
-0.10358
-0.020355
0.018585
0.03772
0.073303
0.051331
0.028717
0.031158
0.0057068
-0.031799
-0.050018
-0.077667
-0.11099
-0.09903
-0.071747
-0.054138
-0.010651
0.016815
0.026611
0.049805
0.070282
0.067474
0.062897
0.055756
0.018585
-0.011688
-0.024475
-0.046234
-0.047791
-0.036346
-0.034973
-0.018951
-0.0026855
0.0082703
0.02597
0.042389
0.051239
0.057343
0.053284
0.035065
0.020264
0.0076904
0.0029602
0.0028381
-0.0039062
-0.020844
-0.03418
-0.042267
-0.045166
-0.032654
-0.020172
-0.015289
-0.011627
-0.0074158
-0.0054932
-0.00018311
0.0080261
0.0083008
0.025024
-0.062347
-0.18253
-0.18372
-0.233
-0.18863
-0.019775
0.050446
0.10016
0.17303
0.19925
0.21265
0.27847
0.27881
0.19687
0.16254
0.067627
-0.035797
-0.055969
-0.091766
-0.12543
-0.12204
-0.11432
-0.11951
-0.08548
-0.030884
-0.020081
0.0159
0.037445
0.023132
0.023438
0.020294
-0.00024414
-0.022675
-0.033295
-0.05777
-0.076324
-0.072052
-0.066437
-0.044922
-0.012299
0.006073
0.020508
0.039276
0.05011
0.04892
0.054932
0.046906
0.02243
0.0038757
-0.014496
-0.030121
-0.02951
-0.023621
-0.016571
-0.0057373
0.006012
0.0081482
0.015839
0.026001
0.02652
0.030212
0.031921
0.025177
0.01651
0.013
0.0061646
-0.0005188
-0.005188
-0.019165
-0.031342
-0.036591
-0.042145
-0.036713
-0.025146
-0.02417
-0.022644
-0.014374
-0.0045471
0.0059814
0.021973
0.03299
-0.026764
-0.090057
-0.11771
-0.16138
-0.1348
-0.052612
-0.0018005
0.052551
0.10059
0.11917
0.13568
0.17526
0.18835
0.1763
0.17889
0.13138
0.072998
0.040405
-0.0053711
-0.038879
-0.056549
-0.070312
-0.089935
-0.099213
-0.097992
-0.10721
-0.089722
-0.070129
-0.051941
-0.021179
-0.0055542
0.0021667
0.0022278
0.0046387
0.0064087
0.004364
0.007843
0.0032959
-0.0065308
-0.014648
-0.022736
-0.026123
-0.02063
-0.008728
-0.0012512
0.0050659
0.01358
0.01358
0.016541
0.02301
0.024475
0.025024
0.021912
0.014801
0.0065308
0.0039978
0.0059814
0.0086975
0.011627
0.012207
0.0072021
0.00082397
-0.0034485
-0.0073242
-0.0084534
-0.006958
-0.0070801
-0.011841
-0.015808
-0.020721
-0.021301
-0.018768
-0.016663
-0.012268
-0.010681
-0.0058289
-0.0015869
0.0021973
0.0090637
0.0080261
0.0056763
0.0090637
0.002594
-0.0015564
0.0018311
-0.0011597
-0.0016174
0.0055237
0.007782
0.012421
0.017242
0.01413
0.0090332
0.0094604
0.011169
0.012421
0.022003
0.026886
0.026703
0.027405
0.02359
0.019745
0.015106
0.013031
0.011017
0.0097656
0.0087585
0.0021973
-0.0091553
-0.019196
-0.024475
-0.029541
-0.030609
-0.030304
-0.033844
-0.036346
-0.033234
-0.029114
-0.024689
-0.016693
-0.013428
-0.012634
-0.0073547
-0.002533
0.0024109
0.0079651
0.0112
0.013031
0.014191
