-0.0020142
-0.0016785
0.00082397
0.00033569
-0.00018311
-0.0015259
-0.0011902
0.00073242
-0.00082397
0.00088501
-0.0021667
-0.0091858
-0.010071
6.1035e-05
0.019043
0.017761
0.009552
0.014435
-0.035767
-0.022156
-0.001709
0.0053711
0.0067139
0.0069275
0.016724
0.0032654
0.0074158
0.020081
-0.0028992
-0.013458
-0.013855
-0.0086975
-0.0086365
-0.01062
-0.013947
-0.019073
-0.018158
-9.1553e-05
0.0057983
0.012695
0.0097351
0.0039062
0.0041809
0.0071411
0.0067749
0.011353
0.0019531
-0.011566
-0.0005188
0.00067139
0.00048828
0.0177
0.0078735
0.00177
0.0083313
0.0083923
-0.00012207
0.0005188
0.014374
-0.027588
-0.012573
-0.00039673
-0.0084839
0.0049744
0.0039978
0.0086365
0.0032043
-0.0021057
0.0071716
0.011719
-0.010498
0.0012512
-0.00097656
0.0040894
0.0049438
0.012207
0.0071716
-0.00027466
-0.0028381
-0.011688
-0.0059814
-0.0098572
-0.0027161
-0.0058594
-0.0033875
-0.01532
-0.0075378
-0.0075989
-0.0052185
-0.0065613
-0.006897
-0.0063477
-0.0036316
0.0028381
0.00354
0.0045776
-0.0028992
0.0023193
-0.0010376
-0.028412
-0.047974
-0.059296
-0.07666
-0.055267
-0.02774
-0.015045
0.0058594
0.0354
0.051117
0.089569
0.12112
0.11911
0.12045
0.10547
0.077148
0.059601
0.039032
-0.0026245
-0.028625
-0.058533
-0.089783
-0.093658
-0.090851
-0.090607
-0.073151
-0.058289
-0.04541
-0.01889
0.0088806
0.025513
0.043549
0.047943
0.032379
0.03125
0.025482
0.0159
0.01297
0.00030518
-0.022369
-0.033173
-0.035217
-0.03479
-0.018311
-0.010651
-0.010406
0.00057983
0.010376
0.018738
0.033325
0.036438
0.02832
0.024414
0.01535
0.0076904
0.0066833
-0.0015564
-0.0088806
-0.0074158
-0.0083008
-0.0054016
0.0058289
0.0050354
0.0065308
0.0098877
0.00079346
-0.00067139
0.0014343
-0.016174
-0.025452
-0.029877
-0.040955
-0.045593
-0.047394
-0.051361
-0.1348
-0.14893
-0.15265
-0.1615
-0.058533
0.015228
0.062927
0.11658
0.18341
0.19434
0.25284
0.28452
0.23218
0.19482
0.11496
0.017365
-0.043182
-0.07431
-0.13867
-0.15436
-0.16202
-0.18307
-0.13928
-0.075958
-0.032959
0.024597
0.064301
0.063934
0.077911
0.087067
0.067993
0.052216
0.023163
-0.0383
-0.077759
-0.096985
-0.11804
-0.10306
-0.076294
-0.068634
-0.044617
-0.011108
0.013855
0.056763
0.088623
0.090912
0.081726
0.056854
0.020996
0.0031128
-0.0098572
-0.030029
-0.037384
-0.047791
-0.054199
-0.036865
-0.0098877
0.016388
0.041229
0.056152
0.057068
0.062347
0.064117
0.054993
0.047058
0.027283
0.0018311
-0.017853
-0.032745
-0.046295
-0.049957
-0.050171
-0.055328
-0.049194
-0.039429
-0.02713
-0.017212
-0.010956
-0.0079651
-0.0046692
-0.0054016
-0.021545
-0.029999
-0.11996
-0.15707
-0.15387
-0.16196
-0.062592
0.023651
0.085571
0.13583
0.20355
0.21832
0.24857
0.28467
0.22415
0.17828
0.10287
0.0020752
-0.071503
-0.1073
-0.1528
-0.16589
-0.14276
-0.14105
-0.10184
-0.039795
-0.0027161
0.042633
0.081909
0.080597
0.067352
0.052368
0.010437
-0.027161
-0.050842
-0.086884
-0.10895
-0.11069
-0.10727
-0.084717
-0.040985
-0.0033569
0.032196
0.069183
0.08075
0.08252
0.085175
0.06543
0.037323
0.0062561
-0.035583
-0.072754
-0.086121
-0.090088
-0.073212
-0.03186
-0.0015869
0.036072
0.070221
0.086578
0.10144
0.10703
0.089813
0.06311
0.037933
0.0020447
-0.015625
-0.022797
-0.037323
-0.040375
-0.04361
-0.04837
-0.043213
-0.031128
-0.025421
-0.013855
-0.008728
-0.010315
-0.012238
-0.026581
-0.031738
-0.029449
-0.023621
-0.036926
-0.050171
-0.10422
-0.18832
-0.17435
-0.1684
-0.098389
0.028259
0.11218
0.17444
0.23169
0.27219
0.26755
0.29797
0.26425
0.18756
0.11841
0.0043945
-0.095978
-0.15393
-0.18744
-0.20071
-0.17044
-0.13861
-0.11337
-0.052155
-0.0030212
0.041077
0.090271
0.10645
0.09314
0.069061
0.028564
-0.024353
-0.057709
-0.084747
-0.1087
-0.11099
-0.1098
-0.095459
-0.060638
-0.01712
0.026978
0.071289
0.10101
0.10162
0.09787
0.076721
0.041992
0.011658
-0.024109
-0.06015
-0.086731
-0.095276
-0.096069
-0.072357
-0.037842
-0.0043945
0.041565
0.074768
0.10123
0.11374
0.1102
0.089752
0.059692
0.031921
-9.1553e-05
-0.018402
-0.037567
-0.050568
-0.051086
-0.049713
-0.042847
-0.029938
-0.01297
-0.0065002
0.0020142
0.0075378
0.0014648
-0.0028076
-0.011322
-0.027008
-0.036072
-0.03656
-0.041626
-0.05545
-0.069885
-0.13791
-0.18149
-0.17154
-0.16406
-0.06488
0.048279
0.1373
0.21024
0.26474
0.2756
0.26929
0.27356
0.22092
0.16928
0.096497
-0.0093994
-0.096741
-0.16141
-0.20438
-0.20465
-0.16522
-0.12817
-0.084229
-0.035278
-0.0081787
0.025879
0.061554
0.084045
0.095367
0.083008
0.041382
-0.012604
-0.054901
-0.089325
-0.099823
-0.092133
-0.07962
-0.068176
-0.049835
-0.028717
-0.0024109
0.038086
0.067108
0.086823
0.088257
0.069977
0.040344
0.01001
-0.016663
-0.04071
-0.055603
-0.065552
-0.071442
-0.070679
-0.052612
-0.025635
0.013672
0.056305
0.087738
0.10574
0.10248
0.086517
0.064789
0.048035
0.030273
0.012756
-0.0062256
-0.03183
-0.048828
-0.058136
-0.058441
-0.045593
-0.029938
-0.020325
-0.015839
-0.012573
-0.016144
-0.017029
-0.015045
-0.012756
-0.0046692
0.0047302
0.0079651
0.0027466
-0.031311
-0.10767
-0.1557
-0.19336
-0.2012
-0.12469
-0.037994
0.053314
0.13913
0.19504
0.22009
0.23636
0.24478
0.23062
0.22269
0.18222
0.11624
0.042358
-0.04657
-0.11786
-0.15771
-0.16721
-0.15967
-0.13657
-0.11859
-0.10776
-0.081299
-0.054596
-0.012878
0.032959
0.065399
0.079742
0.075317
0.055542
0.023254
0.0023804
-0.017792
-0.029846
-0.034821
-0.046967
-0.051697
-0.057556
-0.056488
-0.045105
-0.026215
-0.0064392
0.0090637
0.024445
0.029388
0.034485
0.037323
0.03595
0.033508
0.023804
0.013428
0.0057678
-0.0005188
-0.0052185
-0.0053711
-0.0036621
-0.0038452
0.00042725
0.0076294
0.019287
0.031372
0.038818
0.034729
0.02417
0.011902
-0.0036621
-0.011383
-0.019379
-0.028442
-0.037689
-0.043793
-0.045502
-0.043274
-0.034149
-0.023163
-0.01239
-0.0074463
-0.0015564
0.011047
0.021881
0.038116
0.052521
0.018005
-0.01889
-0.058594
-0.11185
-0.11401
-0.090851
-0.057831
-0.018555
0.024109
0.048096
0.067291
0.094513
0.10696
0.1297
0.15076
0.15182
0.14868
0.12521
0.084534
0.041779
0.0051575
-0.029785
-0.057098
-0.07251
-0.09198
-0.1044
-0.11334
-0.11917
-0.11478
-0.10254
-0.079926
-0.055145
-0.025879
-0.0038757
0.012299
0.02359
0.023254
0.026306
0.028656
0.031708
0.034363
0.03299
0.028351
0.01886
0.010193
0.0044556
0.0048523
0.0093689
0.011963
0.010773
0.0040588
-0.0067139
-0.020905
-0.026367
-0.025085
-0.022217
-0.016144
-0.011993
-0.012604
-0.0097046
-0.0046997
0.00015259
0.012787
0.023865
0.028992
0.032623
0.031433
0.026917
0.024139
0.019836
0.01236
0.0068054
0.0021362
-0.004364
-0.0059204
-0.0085449
-0.013153
-0.016174
-0.01944
-0.023224
-0.02478
-0.026154
-0.026978
-0.024841
-0.020844
-0.013824
-0.0050354
0.0047913
0.012573
0.016113
0.016357
0.016479
0.013977
0.017242
0.02002
0.018036
0.014435
0.0041199
-0.0074463
-0.016876
-0.020416
-0.019745
-0.015045
-0.0095215
-0.0070801
-0.0035706
-0.00064087
0.0057068
0.016205
0.026855
0.033813
0.035156
0.031189
0.023834
0.017426
0.0087585
0.003418
-0.00064087
-0.0039368
-0.0053101
-0.007019
-0.0087891
-0.010315
-0.0082703
-0.0091248
-0.0076599
-0.0075378
-0.0083923
-0.005127
-0.0069275
-0.0050964
-0.0047913
