-0.00033569
-0.00048828
0.00030518
0.00076294
0.00088501
0
9.1553e-05
-0.00018311
-0.00021362
-0.00033569
-0.00045776
-0.00012207
-0.00042725
-3.0518e-05
-0.00015259
-9.1553e-05
-0.00045776
0.00015259
0.00045776
0.00045776
-0.00036621
-0.00033569
-9.1553e-05
-0.00012207
-0.00036621
-0.0007019
0.00076294
-9.1553e-05
0.00036621
-0.00048828
-0.00012207
0.00024414
0.00021362
0.0011597
-0.00073242
0.00024414
0.00012207
0.00091553
0.0005188
-0.00048828
0.00024414
-0.00024414
0.00079346
-0.00042725
0.00088501
0.00018311
0
0.00042725
-9.1553e-05
0.00042725
-0.00045776
-0.00015259
-0.0007019
-0.0005188
-0.00085449
-0.00033569
-0.0007019
-0.00042725
0.00042725
0.00021362
0.00082397
-0.00033569
0.00024414
-0.00030518
-0.00012207
-3.0518e-05
-0.00015259
3.0518e-05
-0.0005188
0.0012817
0.0010071
0.00021362
0.00012207
0.00027466
0.00088501
-9.1553e-05
-0.0013733
0.00061035
0.00067139
0.0014648
0.00021362
0.00094604
0.00097656
-9.1553e-05
-0.00076294
-0.0041504
-0.0011597
-0.0018921
-0.034454
0.019592
0.013916
-0.018646
0.042389
-0.0043945
0.0045471
0.012421
-0.0096436
0.0011902
-0.010315
-0.032776
-0.054291
0.053864
-0.00054932
-0.010895
0.071869
-0.0082703
-0.0043335
-0.00012207
-0.043152
-0.0044861
-0.021576
-0.011444
0.015686
0.017273
0.026398
0.014557
0.026611
0.0022888
9.1553e-05
0.0067749
-0.017212
-0.0062256
-0.015198
-0.024536
-0.011383
-0.014374
-0.012482
-9.1553e-05
-0.0065918
-0.0057678
0.0029907
0.0029297
0.0068665
0.012665
0.014496
0.015503
0.01944
0.014862
0.0068359
0.0078125
0.00015259
-0.0057678
-0.0029907
-0.060211
0.0054016
-0.0013733
-0.034607
0.022736
0.005188
0.01709
0.027618
0.02713
0.022583
-0.00094604
0.0030212
-0.014038
-0.010712
-0.017609
-0.031982
-0.018707
-0.022034
-0.015686
0.0035095
-0.0045471
-0.0015869
0.005127
0.009613
0.011169
0.013367
0.0061035
0.0095825
0.0063782
0.0083618
0.0049744
0.00177
-0.00354
-0.0082092
-0.0020142
0.00076294
0.0016174
-0.00012207
0.0020752
0.0023499
0.0040283
0.0047607
0.0047302
-0.00027466
0.00048828
-0.0014954
0.0029907
0.0027466
0.00061035
-0.00061035
-0.0022888
-0.0018616
-0.0059204
-0.0039978
-0.006073
-0.0027466
0.0022583
0.00015259
0.0049438
0.0094299
0.0055542
0.0054626
0.0029297
-0.0018311
-0.0018005
-0.0070496
-0.01123
-0.0081177
-0.0053101
-0.0065613
-0.0090027
-0.0032959
0.0062256
-0.026855
-0.059753
-0.061035
-0.089478
-0.076813
-0.038818
-0.028107
-0.013519
0.028748
0.05365
0.088043
0.14075
0.13446
0.12256
0.11954
0.091644
0.071228
0.062347
0.018494
-0.031738
-0.055511
-0.084229
-0.093811
-0.079834
-0.089233
-0.093079
-0.07193
-0.062469
-0.039154
0.00045776
0.019073
0.024689
0.037903
0.039764
0.034729
0.040741
0.030151
0.0078735
-0.0026245
-0.023254
-0.038605
-0.031067
-0.029602
-0.029236
-0.015137
-0.0038147
0.008728
0.026855
0.035065
0.036987
0.04306
0.038239
0.022766
0.020264
0.01181
0.00088501
0.00079346
-0.0049438
-0.0098267
-0.0086365
-0.016754
-0.01709
-0.011261
-0.014496
-0.012421
-0.0082092
-0.014954
-0.011932
-0.013
0.0049438
-0.068237
-0.19662
-0.16873
-0.22913
-0.18826
-0.038544
-0.003479
0.016296
0.10031
0.18008
0.20892
0.33524
0.3291
0.23483
0.21219
0.12451
0.039001
0.025482
-0.040009
-0.15128
-0.18225
-0.20255
-0.21573
-0.13364
-0.069641
-0.058716
-0.0073547
0.03006
0.041199
0.096954
0.13095
0.093109
0.058319
0.012939
-0.054108
-0.066223
-0.061981
-0.086517
-0.10233
-0.095978
-0.097198
-0.068329
-0.0040588
0.023438
0.048767
0.066162
0.048431
0.044647
0.051147
0.028961
0.0089417
-0.0027771
-0.034088
-0.034058
-0.013855
-0.0030212
0.012146
0.029602
0.028351
0.031982
0.056885
0.052979
0.05304
0.056854
0.032806
0.028351
0.023834
0.0058594
-0.011047
-0.034637
-0.055725
-0.071136
-0.066925
-0.066223
-0.060211
-0.049072
-0.044373
-0.026489
-0.017029
0.006073
-0.093475
-0.20135
-0.17114
-0.22598
-0.13779
0.019409
0.067383
0.10037
0.18228
0.23718
0.24542
0.34988
0.30878
0.19653
0.14529
0.03009
-0.050964
-0.062531
-0.099579
-0.16458
-0.16736
-0.16113
-0.16013
-0.062927
0.011292
0.034515
0.074921
0.073486
0.049225
0.05777
0.066711
0.021301
-0.01889
-0.06311
-0.12869
-0.13751
-0.10938
-0.088379
-0.064423
-0.03299
-0.025269
0.0010071
0.055603
0.08075
0.10367
0.10416
0.066498
0.024506
0.0094604
-0.021667
-0.055817
-0.06131
-0.098267
-0.10446
-0.074127
-0.037292
0.017151
0.06955
0.099243
0.11389
0.13043
0.11081
0.089081
0.074036
0.027283
-0.0080261
-0.031036
-0.052856
-0.061676
-0.053741
-0.049072
-0.038635
-0.02005
-0.025909
-0.018311
-0.012299
-0.024384
-0.024017
-0.016296
-0.0097961
-0.018646
-0.017853
-0.050171
-0.22
-0.25491
-0.24692
-0.267
-0.089386
0.040131
0.087097
0.16833
0.27856
0.31128
0.36481
0.43604
0.31503
0.21942
0.13586
-0.015625
-0.090881
-0.12238
-0.19333
-0.23495
-0.20465
-0.19971
-0.14902
-0.028625
0.02005
0.060394
0.098877
0.082001
0.061462
0.063202
0.035583
-0.027283
-0.059753
-0.11142
-0.15094
-0.13242
-0.11124
-0.082306
-0.039734
0.0025635
0.028931
0.070465
0.108
0.11435
0.11746
0.091278
0.048798
0.0065918
-0.024292
-0.058044
-0.090179
-0.09314
-0.11136
-0.10437
-0.068024
-0.027283
0.031189
0.089447
0.12665
0.13358
0.13263
0.10556
0.075104
0.054291
0.018036
-0.019287
-0.046844
-0.076233
-0.093292
-0.075134
-0.053467
-0.030151
-0.0044556
0.0047302
0.0080872
0.014496
0.010132
0.0005188
-0.0078125
-0.014801
-0.026398
-0.028625
-0.028656
-0.021301
-0.13062
-0.24017
-0.21533
-0.2757
-0.17932
0.013153
0.10388
0.18326
0.27213
0.31927
0.30823
0.37711
0.33011
0.21652
0.15106
-9.1553e-05
-0.12189
-0.17105
-0.20197
-0.22351
-0.18674
-0.14508
-0.14273
-0.063812
0.0011597
0.046997
0.10425
0.10886
0.084686
0.042999
0.017151
-0.040344
-0.065582
-0.072296
-0.11932
-0.11661
-0.10571
-0.088959
-0.042603
0.014374
0.051208
0.074707
0.1059
0.095551
0.082947
0.07251
0.041473
0.011932
-0.020782
-0.065155
-0.094818
-0.10278
-0.096344
-0.068604
-0.029175
0.0065613
0.036346
0.068481
0.085541
0.09436
0.10193
0.076447
0.050903
0.028107
-0.0038452
-0.018311
-0.024994
-0.035828
-0.043152
-0.038849
-0.043121
-0.033813
-0.014374
-0.0080872
0.0050659
0.014618
0.0091858
-0.0065918
-0.012329
-0.0095825
0.00021362
0.0012207
0.020416
-0.024323
-0.18155
-0.18799
-0.23666
-0.25232
-0.08548
0.015961
0.087128
0.17062
0.25323
0.24585
0.28632
0.32599
0.23038
0.1998
0.11902
-0.013397
-0.075104
-0.13004
-0.1738
-0.18188
-0.13513
-0.13351
-0.1077
-0.050476
-0.053467
-0.0097046
0.022064
0.038849
0.056274
0.059357
0.031677
-0.011169
-0.020477
-0.04953
-0.049683
-0.033478
-0.040039
-0.035431
-0.037048
-0.025116
-0.013733
0.018585
0.049652
0.05072
0.053436
0.029144
0.004425
-0.0073547
-0.015594
-0.021149
-0.022156
-0.015747
-0.020233
-0.018158
-0.011749
0.0010681
0.022858
0.041107
0.051819
0.049469
0.03476
0.024017
0.016541
0.013336
0.018555
0.014435
0.0072327
-0.011597
-0.032715
-0.040253
-0.041656
-0.034119
-0.028107
-0.030151
-0.025543
-0.020477
-0.015198
-0.0028076
0.011566
0.019379
0.024139
0.039886
0.01062
-0.050507
-0.084442
-0.12891
-0.14432
-0.10693
-0.059387
-0.013062
0.040222
0.089539
0.11154
0.14233
0.16919
0.16638
0.17319
0.15659
0.11499
0.080688
0.036865
-0.0079956
-0.044067
-0.064789
-0.082001
-0.090302
-0.087372
-0.098389
-0.10336
-0.097107
-0.083984
-0.053223
-0.019135
0.0076294
0.018402
0.021973
0.013733
0.0093079
0.015625
0.012756
0.014984
0.005249
-0.012177
-0.023438
-0.02652
-0.022888
-0.014557
0.0011902
0.0022278
0.0086365
0.0071716
0.0021973
0.013367
0.019135
0.032013
0.035858
0.030884
0.018036
0.0045471
-0.0037537
-0.008606
0.0014038
0.00027466
0.0010071
-0.0026855
-0.0097351
-0.01004
-0.0090027
-0.00030518
0.00085449
-0.001709
-0.010284
-0.018585
-0.022156
-0.024506
-0.019196
-0.015472
-0.012848
-0.0068054
-0.0021973
0.0039673
0.0082703
0.014343
0.021057
0.021362
0.026154
0.028137
0.021729
0.019592
0.013824
0.0041504
-0.0021667
-0.0092773
-0.014252
-0.01474
-0.012451
-0.016571
-0.014221
-0.0086975
-0.0069885
0.0015259
0.010559
0.01236
0.013947
0.018646
0.021149
0.022888
0.023163
0.021637
0.014465
0.013428
0.012482
0.0063477
0.0053711
-0.00094604
-0.0040894
-0.0062866
-0.011169
-0.015228
-0.019623
-0.021484
-0.028168
-0.03241
-0.031311
-0.026611
-0.017975
-0.013519
-0.010956
-0.0068665
-0.0057678
0.0014648
0.010071
