0
-0.00042725
0.00045776
0.00024414
0.00033569
-0.00036621
0.00073242
0.00085449
-0.00018311
-6.1035e-05
-0.00082397
-9.1553e-05
-0.00045776
0.0012512
-0.00033569
-3.0518e-05
-0.0014343
0
0
-0.00030518
0.00012207
-0.00030518
-0.00048828
-0.00064087
-6.1035e-05
6.1035e-05
3.0518e-05
-0.0005188
-0.0005188
-0.00091553
0.00015259
9.1553e-05
0.00085449
0.00018311
-0.00079346
-0.00091553
-0.00039673
0.00018311
0.0007019
-3.0518e-05
0.00012207
0.00024414
-0.00039673
-0.0007019
-0.0010071
0.00027466
-0.00061035
0.0012512
0.00018311
0.0011292
-0.00067139
0.00033569
0.00015259
0.0011597
0.00082397
-0.00024414
0.00094604
-0.0010986
0.0013733
-0.00036621
0.0010681
-0.00076294
-0.00024414
0.00012207
-0.00030518
-0.00027466
0.0011597
0.0013123
-0.0010681
-0.00045776
0.00057983
0.0019531
3.0518e-05
0.0013123
0.0027466
0.0014954
-0.00094604
-0.0065918
0.0020752
-0.0032043
-0.031525
0.02298
0.0014954
-0.014465
0.032715
-0.0020447
0.0033569
0.005188
0.00085449
0.0014038
-0.0084229
0.0022888
-0.0093689
-0.0022278
-0.0028687
-0.0086975
0.0049438
-0.0078125
-0.0013123
0.0029907
-0.053619
0.03186
-0.0018921
-0.068817
0.10831
-0.0037231
-0.018951
0.071442
0.0052185
-0.03775
-0.036041
0.032715
-0.0076294
-0.0026245
-0.0079041
-0.0014038
0.057281
-0.017639
0.013458
0.0097961
-0.079102
0.0023804
0.023193
-0.053009
0.0095825
-0.0068665
-0.019348
0.0093994
0.030243
0.011749
0.0021973
0.010468
0.0041809
0.019104
0.0050049
-0.012146
-0.014557
-0.044739
-0.0027466
0.014709
3.0518e-05
0.013733
0.034088
0.0093994
-0.01062
0.004425
0.0098572
-0.017059
0.0045166
-0.00354
0.0065002
0.021667
0.0058594
-0.0028381
-0.0094299
-0.013214
-0.015686
-0.0061951
-0.011475
-0.0073242
-0.015289
-0.047394
0.0016479
-0.009491
-0.0015564
0.022858
0.015137
0.0055847
0.014923
0.02771
0.022186
0.019348
0.010986
0.0055542
0.011505
-0.00024414
-0.0054321
-0.005127
-0.025848
-0.026794
-0.016998
-0.011169
-0.0080872
-0.0040588
-0.0021057
0.0028992
0.0063477
0.0076904
0.016235
0.014374
0.0093079
0.009613
0.015137
0.015259
0.012451
0.0040894
-0.0058899
-0.0091248
-0.01239
-0.0034485
-0.0070801
-0.0067444
-0.014069
-0.013489
-0.012939
-0.0066223
-0.0091553
-0.0052795
-0.0075378
-0.0047302
-0.0030212
-0.0012817
0.0075073
-0.011505
-0.03714
-0.046906
-0.064819
-0.060272
-0.029663
-0.017578
-0.015289
0.0082092
0.031097
0.055756
0.098785
0.11377
0.10947
0.11307
0.092804
0.073181
0.067535
0.042328
0.0029297
-0.03006
-0.061768
-0.087677
-0.087341
-0.086975
-0.08963
-0.075653
-0.075592
-0.055695
-0.026245
-0.0030823
0.018921
0.033142
0.036224
0.037537
0.044586
0.036499
0.02832
0.018036
-0.0026245
-0.017883
-0.02301
-0.026276
-0.024933
-0.017059
-0.014404
-0.0089417
9.1553e-05
0.0112
0.022552
0.031799
0.03064
0.029877
0.025787
0.017822
0.013306
0.0094299
0.002533
-0.0010071
-0.004303
-0.010468
-0.017487
-0.020935
-0.022736
-0.023682
-0.020721
-0.018219
-0.020081
-0.01416
-0.018829
-0.0071716
-0.018005
-0.12784
-0.14053
-0.15723
-0.16629
-0.083374
-0.009552
0.02179
0.065094
0.15118
0.15915
0.24426
0.28864
0.2312
0.21469
0.151
0.06778
0.022095
-0.015717
-0.095978
-0.13635
-0.14859
-0.19302
-0.16339
-0.11331
-0.089386
-0.035522
0.007019
0.026337
0.05481
0.089783
0.086151
0.079865
0.057098
0.0072937
-0.029022
-0.048676
-0.068542
-0.084259
-0.07724
-0.089447
-0.084167
-0.048584
-0.019836
0.01178
0.045349
0.057281
0.049652
0.054718
0.041443
0.021545
0.017883
-0.0027161
-0.020447
-0.026917
-0.032654
-0.026855
-0.0029907
0.018127
0.024994
0.043854
0.048737
0.047791
0.056488
0.053619
0.050323
0.038483
0.02002
-0.0036621
-0.018951
-0.02597
-0.037659
-0.041199
-0.048981
-0.063538
-0.058868
-0.047363
-0.036377
-0.023132
-0.014465
-0.013428
-0.006012
-0.0023193
-0.0046692
-0.028961
-0.14041
-0.17303
-0.17651
-0.1817
-0.063293
0.027527
0.069946
0.13031
0.20422
0.22681
0.28021
0.32587
0.25128
0.20053
0.11826
0.0054016
-0.052521
-0.093323
-0.14346
-0.17624
-0.16064
-0.16931
-0.13666
-0.058594
-0.019104
0.034851
0.070312
0.073273
0.067444
0.063599
0.042969
0.0054321
-0.017517
-0.06366
-0.10303
-0.11835
-0.11298
-0.094147
-0.06134
-0.02359
-0.00036621
0.03363
0.060516
0.077759
0.093231
0.092346
0.068878
0.033356
0.0036926
-0.031586
-0.052673
-0.075775
-0.082977
-0.089478
-0.082001
-0.044159
-0.014008
0.031586
0.074829
0.10297
0.1153
0.116
0.10336
0.072845
0.053925
0.015259
-0.022888
-0.041107
-0.067352
-0.074982
-0.060333
-0.042084
-0.026978
-0.0096436
-0.00027466
-0.00024414
0.0082703
0.0033569
0.00012207
-0.0025635
-0.019501
-0.029846
-0.031158
-0.028931
-0.039795
-0.057495
-0.15482
-0.23233
-0.21872
-0.2113
-0.083862
0.066193
0.1489
0.21472
0.27774
0.30316
0.30499
0.34372
0.27557
0.17761
0.083923
-0.060608
-0.15262
-0.18713
-0.20609
-0.2153
-0.17587
-0.14618
-0.11823
-0.031158
0.031189
0.082916
0.12659
0.12466
0.083801
0.042725
0.010712
-0.040466
-0.05777
-0.090546
-0.12595
-0.13312
-0.12213
-0.086578
-0.036987
0.029816
0.062317
0.085083
0.098846
0.088531
0.085846
0.070465
0.040955
0.0025024
-0.032593
-0.069092
-0.091003
-0.088348
-0.087372
-0.081451
-0.056854
-0.037811
-0.0065308
0.038025
0.076233
0.10587
0.12161
0.11719
0.092194
0.069824
0.03656
0.0028992
-0.020538
-0.048157
-0.068085
-0.066803
-0.053802
-0.035797
-0.0047607
0.017975
0.03006
0.041931
0.03537
0.014313
0.0086365
-0.0029602
-0.028473
-0.038971
-0.046844
-0.047546
-0.036682
-0.021271
-0.019043
-0.071716
-0.18799
-0.2229
-0.2388
-0.20145
-0.034973
0.087524
0.16461
0.22833
0.26776
0.26285
0.29175
0.29816
0.21487
0.1514
0.03537
-0.090546
-0.14731
-0.17517
-0.17874
-0.1546
-0.11197
-0.094391
-0.048615
0.008667
0.035034
0.07959
0.089722
0.071075
0.041229
0.010651
-0.02829
-0.061676
-0.073792
-0.098602
-0.09903
-0.087646
-0.071045
-0.028748
0.0016785
0.03894
0.062347
0.074463
0.07666
0.064362
0.049194
0.019714
-0.0021362
-0.034943
-0.058258
-0.068878
-0.083801
-0.086548
-0.071655
-0.048492
-0.026398
0.014801
0.047913
0.074799
0.1015
0.11252
0.10492
0.083588
0.058807
0.020935
-0.00045776
-0.014954
-0.033539
-0.041077
-0.041809
-0.037872
-0.027557
-0.0059204
0.0046997
0.016479
0.026154
0.01825
0.012146
-0.0073547
-0.0224
-0.032013
-0.039368
-0.037964
-0.032928
-0.020874
-0.018463
0.0036316
-0.018951
-0.15353
-0.18408
-0.23065
-0.2496
-0.10571
0.017334
0.10623
0.19196
0.25793
0.23566
0.26956
0.28979
0.21091
0.18622
0.10413
-0.018433
-0.081177
-0.12079
-0.15042
-0.13321
-0.078949
-0.075439
-0.042816
-0.013062
-0.020569
0.00073242
0.013306
0.013824
0.0085144
0.012726
-0.026764
-0.052399
-0.049164
-0.068817
-0.053009
-0.034668
-0.028076
-0.026215
-0.01059
-0.0012817
0.0074768
0.045227
0.048431
0.05835
0.05304
0.023102
0.0038147
-0.020203
-0.038879
-0.055786
-0.056122
-0.056793
-0.047272
-0.022339
-0.0046387
0.02356
0.04483
0.062164
0.069916
0.073914
0.072113
0.057159
0.041687
0.01886
0.0014648
-0.0054932
-0.011566
-0.019653
-0.025696
-0.032867
-0.045776
-0.03244
-0.020782
-0.012482
-0.0022278
-0.0018921
-0.013275
-0.025635
-0.025513
-0.026703
-0.017975
-0.012726
-0.0093384
-0.0018921
0.0099792
0.024261
0.0022583
-0.041229
-0.088623
-0.14444
-0.15585
-0.10715
-0.046112
0.022919
0.096558
0.13113
0.15195
0.18115
0.18661
0.18277
0.17639
0.13229
0.075409
0.030731
-0.024048
-0.059937
-0.065674
-0.074097
-0.076477
-0.067657
-0.069702
-0.076447
-0.071625
-0.069153
-0.058655
-0.036987
-0.018555
-0.0036011
0.0093994
0.011444
0.008606
0.01004
0.010223
0.0086365
0.0041199
-0.0036621
-0.014343
-0.022614
-0.022095
-0.019012
-0.0053711
0.005249
0.010162
0.014252
0.0071716
0.0031128
-0.0032959
-0.0041504
-0.0023804
0.0046082
0.0090637
0.0074463
0.0065308
-0.00030518
0.0048828
0.016815
0.025665
0.031006
0.027374
0.013153
-0.0005188
-0.0066223
-0.0083313
-0.0057068
-0.0024109
-0.0026855
-0.0062866
-0.014008
-0.019958
-0.018127
-0.020905
-0.019379
-0.016571
-0.023834
-0.02948
-0.028198
-0.022278
-0.012146
0.0061646
0.017456
0.029816
0.039398
0.039215
0.03952
0.033875
0.026733
0.01712
0.0097961
-0.0029297
-0.016479
-0.023254
-0.025452
-0.020569
-0.013336
0.00064087
0.0088501
0.0097351
0.015015
0.013153
0.011414
0.017395
0.019196
0.018799
0.017853
0.015198
0.010986
0.010742
0.0097656
0.00018311
-0.0091858
-0.023346
-0.032318
-0.031403
-0.027252
-0.017761
-0.0082092
-9.1553e-05
0.0090332
0.014618
0.015076
0.016357
0.0083313
-0.00012207
-0.0089417
-0.016693
