0.00057983
0
3.0518e-05
9.1553e-05
0.0007019
0.0007019
0.00027466
-0.00048828
9.1553e-05
0.00027466
0.00030518
-0.00012207
3.0518e-05
0.00012207
-3.0518e-05
-0.00045776
-0.00082397
6.1035e-05
0.00030518
0.00097656
0.00015259
9.1553e-05
-0.00036621
-3.0518e-05
-0.00030518
-0.00021362
0.00012207
0.00045776
0.00036621
-0.00018311
-0.00042725
-0.00033569
0.00033569
0.00027466
6.1035e-05
6.1035e-05
-0.00015259
-3.0518e-05
0.00054932
0.00018311
0
-0.00039673
-0.00036621
-0.00088501
-0.00088501
-0.00073242
-0.00012207
-9.1553e-05
-6.1035e-05
-6.1035e-05
0
0.00021362
-3.0518e-05
-9.1553e-05
-6.1035e-05
0.00018311
0
0
-9.1553e-05
0.00015259
-0.00018311
0.00045776
0.00097656
0.00048828
0.00024414
-0.00039673
-0.00033569
-0.00027466
-6.1035e-05
-9.1553e-05
0.00036621
-0.00064087
0.00015259
0.00036621
-0.00033569
0.00030518
0.00030518
6.1035e-05
0.0010376
0.00042725
-0.0011597
0.00039673
0.00012207
0.00030518
0.0007019
0.0014648
0.0021057
0.00048828
0.00054932
0.00091553
-0.0010071
-0.0011597
-0.0010986
-0.0027466
-0.0019226
0.00064087
0.0040283
-0.0045776
-0.00015259
-0.012299
-0.048859
0.020172
0.012085
-0.0039062
0.045349
-0.019806
-0.013367
0.03476
-0.015228
0.022858
0.024597
0.0055542
0.013702
0.021667
0.0058594
-0.015656
-0.01297
-0.033051
-0.018097
-0.018707
-0.029144
-0.016449
-0.022003
-0.018555
0.00082397
-0.032715
-0.02533
0.0042725
-0.0014954
0.03653
0.057587
0.058197
0.060638
0.071808
0.044678
0.025726
0.015503
-0.025452
-0.033905
-0.045807
-0.05127
-0.055695
-0.053162
-0.049957
-0.040649
-0.027344
-0.015076
-0.0027161
0.0075684
0.013733
0.018066
0.022644
0.026337
0.029388
0.028137
0.028473
0.025085
0.026001
0.020081
0.014587
0.0070496
0.0036621
-0.0018921
-0.0054626
-0.010895
-0.014313
-0.012726
-0.013733
-0.0082092
-0.0019531
0.0010071
0.0040588
0.0053711
0.0065308
0.0053101
0.0064392
0.00079346
-0.0024109
-0.0023193
-0.0065002
-0.0057678
-0.0099792
-0.0081787
-0.006012
-0.0010681
-0.00045776
0.00082397
0.00082397
-0.00015259
0.0016174
-0.0025024
-0.0027161
-0.007843
-0.013794
-0.01001
-0.013
-0.014893
-0.015076
-0.012573
-0.0044556
0.0012817
0.014862
-0.0063171
-0.05365
-0.056091
-0.080048
-0.077576
-0.032654
-0.018738
-0.014526
0.023407
0.051697
0.073395
0.13013
0.13922
0.12256
0.12921
0.10687
0.079437
0.076233
0.040314
-0.010956
-0.038605
-0.073547
-0.10175
-0.09317
-0.096161
-0.10571
-0.087036
-0.077148
-0.05838
-0.016418
0.014771
0.025787
0.044342
0.047333
0.038086
0.045227
0.040558
0.023224
0.0031128
-0.017853
-0.037292
-0.047699
-0.047791
-0.045197
-0.039825
-0.030731
-0.014435
9.1553e-05
0.019135
0.035614
0.038879
0.042358
0.043945
0.034576
0.027191
0.021973
0.0076599
-0.0033875
-0.0086975
-0.016663
-0.01886
-0.017792
-0.0177
-0.010101
0.00079346
0.0070801
0.017578
0.024292
0.023376
0.025818
0.0242
0.022003
0.011871
-0.0018616
-0.010864
-0.031799
-0.033112
-0.035248
-0.047333
-0.049469
-0.045013
-0.035431
-0.021454
0.0067139
0.0036316
-0.089386
-0.10373
-0.11423
-0.13641
-0.040924
0.026337
0.029602
0.075256
0.13046
0.13919
0.19873
0.24844
0.19348
0.15982
0.11801
0.038757
0.0071716
-0.016205
-0.072693
-0.11823
-0.13211
-0.15979
-0.1456
-0.093109
-0.068665
-0.039001
-0.0024414
0.0098267
0.025879
0.061523
0.068329
0.053955
0.043976
0.0032043
-0.029572
-0.038177
-0.050201
-0.055145
-0.051971
-0.055969
-0.062225
-0.041321
-0.01059
0.017548
0.051147
0.063354
0.053284
0.046509
0.036133
0.025116
0.018188
0.0064087
-0.016174
-0.032257
-0.034851
-0.028717
-0.014954
0.0015869
0.0098877
0.014313
0.017548
0.022491
0.032349
0.040344
0.038666
0.032501
0.020538
0.0046692
-0.0074768
-0.016388
-0.025055
-0.033905
-0.038025
-0.044189
-0.044922
-0.033203
-0.02359
-0.020477
-0.013702
-0.013428
-0.0067139
0.007019
0.014984
0.028503
-0.050507
-0.13739
-0.1355
-0.18277
-0.13443
-0.0077515
0.034821
0.068115
0.14417
0.17657
0.19473
0.2775
0.26797
0.20505
0.17096
0.079834
-0.0078125
-0.041931
-0.084229
-0.14114
-0.1553
-0.16534
-0.18515
-0.13892
-0.083954
-0.047058
0.012573
0.045441
0.050903
0.064056
0.076324
0.05896
0.04129
0.019287
-0.031769
-0.065918
-0.073669
-0.084351
-0.079315
-0.056671
-0.049377
-0.034576
0.0040894
0.0336
0.05722
0.079956
0.073669
0.053223
0.04306
0.023132
0.0025024
-0.0044861
-0.02002
-0.038422
-0.041809
-0.0401
-0.036469
-0.010864
0.0097351
0.019928
0.036224
0.036743
0.035217
0.041107
0.040039
0.033447
0.02655
0.012177
-0.010559
-0.025055
-0.037689
-0.039917
-0.0401
-0.040405
-0.03656
-0.035553
-0.028992
-0.019287
-0.011444
-0.0014038
0.0059814
0.006134
0.019867
0.0091858
-0.099579
-0.13284
-0.14722
-0.18845
-0.089233
0.0091553
0.040253
0.10425
0.17578
0.1828
0.22034
0.28186
0.23618
0.19946
0.15494
0.043915
-0.027802
-0.065308
-0.11707
-0.1514
-0.14487
-0.15652
-0.1608
-0.11224
-0.081787
-0.040314
0.019531
0.048767
0.059662
0.067566
0.061707
0.035736
0.023071
0.0036316
-0.029633
-0.049438
-0.067017
-0.086273
-0.084259
-0.060577
-0.03479
-0.0014648
0.031189
0.04361
0.050385
0.054291
0.048584
0.042847
0.035034
0.016876
-0.0029907
-0.015839
-0.02533
-0.02951
-0.027008
-0.020294
-0.017456
-0.0082703
0.0046082
0.015594
0.026917
0.032623
0.035095
0.031433
0.031982
0.031342
0.026245
0.013245
-0.0093994
-0.022949
-0.034912
-0.042755
-0.042908
-0.043579
-0.039307
-0.032776
-0.026215
-0.016785
-0.0028076
0.010437
0.018097
0.039185
0.023254
-0.079803
-0.10977
-0.14587
-0.18695
-0.093719
-0.013245
0.021667
0.088379
0.14423
0.14536
0.1788
0.23526
0.20816
0.20352
0.18399
0.095154
0.029999
-0.019806
-0.075836
-0.11639
-0.11462
-0.12564
-0.14597
-0.12674
-0.12506
-0.10767
-0.060516
-0.018463
0.015533
0.045074
0.058197
0.036835
0.031067
0.025848
0.0053406
0.0010376
-0.0060425
-0.023224
-0.037689
-0.040863
-0.038361
-0.027802
-0.0033569
0.007782
0.014008
0.017731
0.012054
0.0077209
0.011078
0.020142
0.022552
0.023193
0.023468
0.013763
0.0044556
-0.00091553
-0.004425
-0.007782
-0.0056458
-0.003479
-0.0062561
-0.0073853
-0.0061035
-0.00018311
0.013214
0.023743
0.026978
0.019867
0.0057678
-0.0080261
-0.015198
-0.016296
-0.017242
-0.019318
-0.022614
-0.022583
-0.023834
-0.023102
-0.012787
0.0020447
0.011475
0.031219
0.028076
-0.037018
-0.064514
-0.10049
-0.13986
-0.094025
-0.048065
-0.016815
0.032135
0.074829
0.079071
0.097412
0.14154
0.14288
0.16354
0.17801
0.1467
0.11554
0.07605
0.027405
-0.016754
-0.038422
-0.064331
-0.093506
-0.10046
-0.12262
-0.13568
-0.1337
-0.1225
-0.098602
-0.065765
-0.028259
-0.0080261
0.0092163
0.022583
0.022888
0.030975
0.043213
0.046906
0.048584
0.046783
0.030243
0.010132
0.0028992
-0.0042725
-0.0082397
-0.0021057
-0.0054626
-0.013306
-0.017609
-0.022064
-0.017914
-0.0050049
0.0091553
0.018829
0.017853
0.011658
0.0025024
-0.0030518
-0.0035706
-6.1035e-05
0.0045471
0.0023499
-0.0015564
-0.005188
-0.0050049
-9.1553e-05
0.006958
0.011322
0.008728
0.00021362
-0.0078125
-0.0092468
-0.0091553
-0.006012
-0.00064087
-0.0025024
-0.0058594
-0.0079041
-0.010071
-0.0080872
-0.0028076
0.0021667
0.0076599
0.013397
0.015015
0.019623
0.026642
0.02124
0.010864
-0.0012512
-0.015747
-0.022064
-0.022491
-0.02002
-0.017731
-0.016113
-0.013275
-0.011963
-0.0096741
-0.0043335
0.0018005
0.010193
0.022858
0.033936
0.036743
0.038177
0.036591
0.02832
0.025635
0.025085
0.020721
0.01767
0.012756
0.0018921
-0.006897
-0.01474
-0.025024
-0.025024
-0.022888
-0.026276
-0.025635
-0.027435
-0.03009
-0.022797
-0.01712
-0.014954
-0.0095825
-0.0095215
-0.008667
-0.0034485
-0.0011902
-0.0015259
0.0023499
0.0048828
0.0044861
0.012817
0.019836
0.020386
0.018219
0.011292
