0.00061035
0.0007019
0.00033569
-0.00018311
0
-0.00033569
-3.0518e-05
-0.00048828
-9.1553e-05
3.0518e-05
0.00015259
3.0518e-05
-0.00018311
0.00027466
0.00015259
0.00048828
-0.00036621
-0.00045776
-0.00018311
9.1553e-05
-0.00030518
-0.00033569
-6.1035e-05
0.00030518
0.0005188
-3.0518e-05
-0.00012207
0.00012207
0.00018311
0.00012207
-0.00045776
-0.00030518
-0.00030518
-0.00039673
-0.00067139
9.1553e-05
-3.0518e-05
0.00045776
0.00045776
0.00015259
-0.00045776
-0.00027466
0.00018311
-6.1035e-05
-6.1035e-05
0.0005188
0.00097656
-0.00012207
-9.1553e-05
0.00021362
0.00073242
0.00048828
9.1553e-05
-0.00030518
-0.00030518
-0.00018311
-0.00021362
0.00018311
3.0518e-05
0.00033569
-0.00048828
-0.00036621
-9.1553e-05
-0.00027466
9.1553e-05
0
0.00027466
-0.00057983
-0.00018311
6.1035e-05
-0.00067139
-0.00048828
-0.00024414
3.0518e-05
-0.00082397
0.00057983
0.00079346
-0.00064087
-0.00097656
-0.00024414
0.00027466
0.00054932
0.0010071
0.001709
0.0016174
0.0007019
-0.0014648
-0.0031738
0.0067139
-0.021088
-0.0054932
0.020508
-0.011505
0.011169
0.014282
-0.00054932
0.002533
-0.0081177
-0.027985
0.042908
-0.047363
-0.0578
0.087463
-0.013275
-0.0042725
0.064575
0.010345
-0.0019226
0.012848
0.0013428
-0.018463
-0.069336
-0.048889
0.013611
0.011292
-0.03891
0.026764
0.057587
-0.0093994
0.042328
-0.0043945
-0.040863
0.022095
-0.041046
-0.0061951
0.027069
-0.013
-0.0041504
0.023071
0.010773
0.00091553
0.0084839
-0.0040283
-0.0048828
0.0090332
-0.01358
-0.0097046
-0.0064087
-0.01413
-0.0027161
-0.0044556
-0.0081177
0.0018921
0.011047
-0.01178
-0.039185
0.014893
0.0018311
0.022827
0.031494
0.020996
0.024506
0.02536
0.0242
0.019165
0.0048218
-0.018524
-0.011719
-0.016663
-0.019012
-0.010315
-0.02243
-0.028198
-0.0097961
-0.011353
-0.011383
-0.0024719
-0.0099487
-0.0077209
-0.0014038
0.0018005
0.0018311
0.012756
0.0063171
0.0027161
0.0068054
0.0062256
0.00067139
0.0059814
0.002594
0.0063171
0.0075378
0.0090027
0.022949
0.020538
0.016052
0.010162
0.0077209
0.00027466
0.0038452
0.0060425
-0.0021667
-0.0085449
-0.019287
-0.012451
-0.013763
-0.017212
-0.020538
-0.019531
-0.022034
-0.013123
-0.0043335
0.0056763
0.0052795
0.0053711
-0.0112
-0.036926
-0.044708
-0.064636
-0.053223
-0.035004
-0.024353
-0.012512
0.014526
0.041046
0.067505
0.10239
0.10434
0.10434
0.1011
0.088043
0.065796
0.052338
0.022186
-0.010986
-0.037415
-0.068481
-0.071625
-0.069489
-0.075134
-0.073975
-0.071747
-0.063354
-0.044678
-0.013916
0.0095215
0.021545
0.023743
0.023071
0.032715
0.03598
0.034576
0.025421
0.010559
-0.0038452
-0.010406
-0.011475
-0.0062561
-0.0073242
-0.011444
-0.010162
-0.0059509
0.0025635
0.014587
0.019653
0.022552
0.022217
0.021698
0.014893
0.014557
0.0083923
-0.0061646
-0.012909
-0.030579
-0.039276
-0.036407
-0.037628
-0.03302
-0.027863
-0.013428
-0.041138
-0.14227
-0.13147
-0.1564
-0.15347
-0.041992
-0.00012207
0.026245
0.083618
0.1499
0.1705
0.26108
0.27377
0.21365
0.19745
0.12439
0.048462
0.023773
-0.020203
-0.10315
-0.12387
-0.15646
-0.18518
-0.13409
-0.098816
-0.068512
-0.021149
-0.015137
0.011017
0.056885
0.078766
0.076111
0.08316
0.045227
-0.013245
-0.024872
-0.047546
-0.071899
-0.057983
-0.074127
-0.088806
-0.06012
-0.038055
-0.0066833
0.038544
0.048615
0.036652
0.043671
0.036011
0.025177
0.034119
0.016418
-0.010925
-0.014313
-0.022888
-0.028046
-0.0056152
-0.0040894
0.0013123
0.019531
0.02417
0.027222
0.047974
0.056763
0.054657
0.059784
0.043365
0.024384
0.0065308
-0.024445
-0.045319
-0.054443
-0.062042
-0.063171
-0.061798
-0.056702
-0.046509
-0.038635
-0.036987
-0.017578
-0.060516
-0.16595
-0.14737
-0.17993
-0.14413
-0.0057678
0.054413
0.10358
0.16464
0.20786
0.21085
0.29099
0.27991
0.20956
0.1748
0.069031
-0.020844
-0.050385
-0.081696
-0.13327
-0.13019
-0.14508
-0.16528
-0.10721
-0.061676
-0.019745
0.035217
0.048248
0.033417
0.051117
0.058044
0.028778
0.033112
-0.0082397
-0.064117
-0.079529
-0.099487
-0.087219
-0.059052
-0.032349
-0.02359
-0.0036621
0.011475
0.020874
0.053162
0.05484
0.04184
0.026276
0.0024109
-0.017975
-0.011475
-0.0055847
-0.0068359
0.0024414
-0.0057983
-0.0057983
0.0069885
0.02301
0.036987
0.050476
0.055054
0.046326
0.049072
0.040771
0.033295
0.031586
0.0098877
-0.018463
-0.043762
-0.068726
-0.078339
-0.078583
-0.075836
-0.061432
-0.049408
-0.034454
-0.019745
-0.00061035
0.0010681
-0.12436
-0.17191
-0.18701
-0.22775
-0.10257
0.010895
0.065887
0.1351
0.21677
0.22449
0.27362
0.33615
0.26968
0.2403
0.16339
0.039001
-0.021423
-0.057861
-0.1153
-0.13214
-0.11389
-0.1503
-0.13287
-0.084869
-0.064606
-0.012299
0.028625
0.03479
0.032288
0.036896
0.0090942
-0.0072327
-0.011139
-0.05545
-0.078033
-0.093201
-0.10571
-0.089722
-0.050568
-0.021454
-0.0010071
0.023132
0.020721
0.029572
0.044617
0.041504
0.039337
0.031921
0.012085
-0.0028992
-0.0012512
-0.0021973
0.0091248
0.019897
0.01593
0.018127
0.018524
0.026337
0.043732
0.054962
0.055603
0.04715
0.038452
0.024994
0.0096741
0.0014648
-0.011078
-0.033051
-0.053314
-0.073151
-0.085327
-0.082153
-0.07251
-0.054596
-0.039276
-0.020233
-0.011261
0.0036621
-0.023468
-0.15158
-0.17496
-0.2066
-0.22131
-0.082184
0.018707
0.095886
0.1796
0.24911
0.24911
0.29929
0.32419
0.25836
0.23456
0.14337
0.02597
-0.034668
-0.081299
-0.12851
-0.12936
-0.11569
-0.14471
-0.12057
-0.090149
-0.073395
-0.0159
0.018768
0.031403
0.037354
0.027557
-0.0089722
-0.019897
-0.033691
-0.073212
-0.06601
-0.071625
-0.083771
-0.061829
-0.039612
-0.01767
0.013824
0.039276
0.036499
0.046967
0.041504
0.024689
0.03186
0.019562
0.0052185
-0.0071411
-0.019135
-0.024597
-0.011932
0.0033569
0.0092163
0.025452
0.02829
0.035461
0.052917
0.060089
0.063141
0.057037
0.044617
0.023621
0.0051575
-0.012177
-0.029205
-0.033051
-0.04422
-0.058136
-0.064178
-0.066101
-0.065155
-0.060608
-0.049377
-0.035492
-0.016022
-0.010071
0.0083618
0.022797
-0.096191
-0.15338
-0.17508
-0.23746
-0.13394
-0.010376
0.069916
0.14157
0.21857
0.2225
0.25208
0.3165
0.26608
0.25943
0.21429
0.096191
0.026215
-0.032623
-0.10779
-0.13962
-0.12262
-0.15271
-0.14502
-0.11569
-0.12521
-0.084747
-0.043427
-0.022034
0.0067139
0.028412
0.0068359
-0.0097961
-0.012848
-0.043304
-0.039032
-0.030273
-0.034485
-0.031677
-0.027649
-0.032349
-0.027863
-0.0012207
0.0072632
0.026367
0.047913
0.040344
0.038544
0.035156
0.02124
0.017151
0.025787
0.01416
0.0039673
0.00021362
-0.0076904
-0.0011292
0.013336
0.014496
0.024078
0.039612
0.031403
0.028381
0.026733
0.0097046
0.0052185
0.0040894
-0.006012
-0.010071
-0.019409
-0.041168
-0.056793
-0.062042
-0.0672
-0.05719
-0.043396
-0.036133
-0.022156
-0.0087891
0.0067444
0.033081
-0.01297
-0.075684
-0.10916
-0.17206
-0.1507
-0.070038
0.0020447
0.070679
0.13965
0.16461
0.17432
0.21286
0.2038
0.21609
0.22827
0.1731
0.12112
0.062347
-0.014771
-0.070862
-0.089539
-0.11313
-0.12405
-0.11746
-0.14453
-0.14624
-0.13626
-0.12531
-0.085236
-0.040222
-0.011047
0.0067139
0.024384
0.018524
0.018921
0.026733
0.026093
0.03125
0.026978
0.0090332
-0.010925
-0.019135
-0.025665
-0.019318
-0.00030518
0.0051575
0.011139
0.013397
0.0073853
0.0066223
0.013672
0.019806
0.020172
0.02533
0.013794
0.0079956
0.0038147
-0.009491
-0.004303
0.0039368
0.0067139
0.0061951
0.008728
6.1035e-05
-0.0018921
0.0062256
0.005127
0.015076
0.014313
-0.0039368
-0.016785
-0.026276
-0.03833
-0.043213
-0.031586
-0.027069
-0.0224
-0.016144
-0.015533
-0.0065002
0.0023499
0.019226
0.026093
0.021057
-0.0005188
-0.027466
-0.037933
-0.043549
-0.029175
-0.0074768
0.014954
0.033813
0.050995
0.065796
0.074768
0.088013
0.09137
0.093506
0.086639
0.070129
0.045746
0.013855
-0.0085449
-0.030823
-0.04248
-0.050354
-0.055939
-0.05954
-0.065308
-0.066284
-0.064392
-0.053314
-0.041626
-0.028656
-0.014618
-0.010529
-0.0076599
-0.0083008
-0.0052795
0.0033264
0.0080566
0.01358
0.015869
0.015167
0.01474
0.021423
0.022522
0.021973
0.022766
0.013489
0.0055237
-0.0053406
-0.016663
-0.020294
-0.019379
-0.019226
-0.019684
-0.018982
-0.017731
-0.012238
-0.0065918
-0.0013733
0.0059509
0.010651
0.013733
0.015594
0.01767
0.020782
0.017975
0.016785
0.011261
0.0031433
-0.0018005
-0.0039673
-0.0044556
-0.0064697
-0.0049438
-0.0043335
-0.006073
-0.010406
-0.010162
-0.0087585
-0.0072632
-0.0028381
-0.0027466
0.00067139
0.0054016
0.011139
0.01889
0.027374
0.031586
0.032837
0.033264
0.029419
0.026733
0.019958
0.010529
0.00097656
-0.010193
-0.020935
-0.028564
-0.032288
-0.039581
-0.04422
-0.045013
-0.044006
-0.038849
-0.029358
-0.020233
-0.012299
-0.00354
0.0076599
0.019043
0.025299
0.029999
0.031067
0.029327
0.031708
0.030731
0.031708
0.0271
0.019531
0.012451
0.0090027
0.0090332
0.0041809
0.004425
-0.0038452
-0.016998
-0.021057
-0.026031
-0.027496
-0.024231
-0.020935
-0.021851
-0.021698
-0.022614
-0.023285
-0.015015
-0.009552
-0.0048523
0.0016479
0.0045166
0.0018311
0.010071
0.015656
0.014587
0.017151
0.01181
0.0075989
0.0016174
0.0010986
-0.00033569
0.0018005
0.0083313
0.0028381
0.0069885
0.0038452
-0.0010376
-0.00076294
-0.00091553
-0.00094604
9.1553e-05
0.0065002
0.0091248
0.0093994
0.0091553
0.0058289
0.0076294
0.0094604
0.010834
0.016693
0.014862
0.0091858
0.006897
0.00033569
-0.0045471
-0.0077515
-0.01181
-0.015472
-0.01889
-0.025146
-0.031586
-0.027435
-0.025482
-0.019073
-0.010803
-0.0098877
-0.0094604
-0.0037842
0.0027161
0.011078
0.021393
0.021271
0.017914
0.016968
0.012207
0.01123
0.016998
0.017242
0.011719
0.010559
0.0043335
-0.00085449
0.0024414
