0.035492
-0.0091248
0.023376
0.035797
0.0079041
0.0075684
0.01001
0.010864
-0.0043335
-0.0032043
-0.020569
-0.01532
-0.010803
-0.0077209
-0.0045166
0.0015259
-0.0079346
-0.022888
-0.0015869
-0.0084534
0.0046082
0.016266
0.015198
0.0072327
0.026062
0.0079651
0.015289
0.018311
-0.0090942
-0.0093994
-0.010376
-0.010284
-0.014496
-0.0036011
-0.015686
-0.013397
-0.0081482
-0.0035095
-0.00012207
0.0044861
0.0030212
-0.0018311
0.0011597
0.0040894
0.002655
0.0075378
0.0066833
0.0038147
0.0018921
0.005249
0.005249
0.00079346
0.0058899
0.0066528
-0.00036621
0.0067444
-6.1035e-05
-0.0032043
0.0015869
-0.0068054
-0.0032959
-0.0043335
-0.011414
-0.0032043
-0.0032959
-0.0012817
0.0021973
0.0097351
0.0057678
0.010895
0.01297
0.0092468
0.0052185
0.0027466
0.00039673
-0.0027771
-0.0064392
-0.0096436
-0.0083618
-0.011993
-0.0096436
-0.0086975
-0.010498
-0.008667
-0.007843
-0.001709
-0.0018921
0.0019836
0.0037231
0.0078735
0.011993
0.0080872
0.010864
0.005127
-0.00097656
-0.0055847
-0.012177
-0.021027
-0.037567
-0.044434
-0.04715
-0.040497
-0.031616
-0.015594
-0.004425
0.011353
0.029968
0.050568
0.066803
0.077271
0.079041
0.071838
0.065643
0.049866
0.033203
0.016327
-0.0060425
-0.02771
-0.038818
-0.049927
-0.055878
-0.052155
-0.046539
-0.040344
-0.029663
-0.013733
0.00024414
0.012268
0.022034
0.02243
0.021912
0.020325
0.015869
0.0088196
-0.00021362
-0.011444
-0.025543
-0.026886
-0.026947
-0.027069
-0.022308
-0.022003
-0.022339
-0.015045
-0.0042725
0.0068359
0.015533
0.023773
0.023651
0.028412
0.031403
0.029358
0.027985
0.019989
0.0099487
0.0044556
0.0014954
-0.00039673
-0.00018311
0.0012817
0.0011292
0.0032349
0.010132
0.011749
0.013245
0.012543
0.0041504
-0.0011292
-0.0064392
-0.011139
-0.018402
-0.026398
-0.037689
-0.040955
-0.052002
-0.070587
-0.077789
-0.12195
-0.1662
-0.14908
-0.13123
-0.078369
0.01062
0.076172
0.11154
0.1662
0.21378
0.22238
0.24686
0.23337
0.16968
0.10501
0.046356
-0.018951
-0.071747
-0.096558
-0.13181
-0.1571
-0.14651
-0.12613
-0.092529
-0.037354
0.012268
0.035767
0.056244
0.073151
0.070007
0.064301
0.053314
0.018188
-0.024841
-0.057159
-0.083252
-0.099884
-0.090485
-0.078094
-0.065948
-0.039703
-0.011597
0.015717
0.04834
0.074921
0.083038
0.080109
0.067993
0.043335
0.019501
-0.0018921
-0.026764
-0.045624
-0.060059
-0.078674
-0.07959
-0.070801
-0.046173
-0.0085754
0.029236
0.057831
0.075134
0.088715
0.091553
0.087189
0.071198
0.039642
0.0054626
-0.027527
-0.04599
-0.054199
-0.051514
-0.044159
-0.035919
-0.024353
-0.008667
0.01062
0.022827
0.032227
0.031982
0.022034
0.016754
0.0080261
-0.010834
-0.028076
-0.042297
-0.054504
-0.065094
-0.082855
-0.10464
-0.16672
-0.19571
-0.16568
-0.12262
-0.027191
0.082336
0.14749
0.18893
0.23355
0.26181
0.2598
0.26086
0.21335
0.12415
0.042267
-0.037476
-0.10385
-0.14667
-0.15558
-0.16458
-0.15701
-0.12344
-0.084198
-0.032349
0.022278
0.065521
0.081787
0.083984
0.076263
0.050201
0.026825
-0.0032349
-0.040466
-0.076111
-0.10135
-0.11407
-0.11026
-0.079651
-0.044952
-0.0074463
0.029938
0.054779
0.070557
0.080505
0.085999
0.075623
0.056244
0.02652
-0.015656
-0.046326
-0.06015
-0.071228
-0.073517
-0.069275
-0.076538
-0.062225
-0.028412
0.0070496
0.054382
0.089539
0.099152
0.090088
0.084503
0.066742
0.045807
0.027771
-0.002533
-0.034943
-0.053864
-0.055237
-0.049194
-0.034149
-0.014862
-0.0032043
0.0093079
0.017456
0.026001
0.029297
0.026947
0.023285
0.016266
0.0055847
-0.010162
-0.021332
-0.031494
-0.037689
-0.05957
-0.083862
-0.1235
-0.20059
-0.20682
-0.17841
-0.11819
-0.0038452
0.099243
0.16165
0.20078
0.24469
0.24948
0.24951
0.24304
0.18124
0.10321
0.021667
-0.05661
-0.11798
-0.14703
-0.15204
-0.15085
-0.12814
-0.095612
-0.062958
-0.016602
0.027496
0.060944
0.075684
0.080261
0.066345
0.037476
0.010834
-0.021881
-0.050934
-0.073242
-0.0867
-0.095398
-0.085602
-0.062622
-0.036407
-0.0028381
0.027039
0.048584
0.061554
0.065704
0.061737
0.048584
0.030548
0.011627
-0.0092468
-0.035645
-0.054901
-0.069031
-0.083252
-0.072754
-0.049347
-0.021973
0.018005
0.054443
0.076874
0.089691
0.093262
0.083221
0.070404
0.051727
0.023499
-0.0011597
-0.020813
-0.036713
-0.042816
-0.039948
-0.035461
-0.029144
-0.017059
-0.010101
-0.00085449
0.0084534
0.012756
0.012146
0.0094604
0.0033569
-0.0053101
-0.015228
-0.023193
-0.024719
-0.019928
-0.032837
-0.046326
-0.10031
-0.18335
-0.20099
-0.19495
-0.13748
-0.022919
0.083832
0.1539
0.19592
0.23663
0.23502
0.23944
0.2363
0.19446
0.138
0.060608
-0.015717
-0.088165
-0.13394
-0.15039
-0.15009
-0.12872
-0.10635
-0.081024
-0.055359
-0.028381
0.0070496
0.036407
0.064789
0.075348
0.066284
0.041351
0.006958
-0.022522
-0.047241
-0.06076
-0.063995
-0.062195
-0.058075
-0.049255
-0.0354
-0.015076
0.011169
0.0354
0.051392
0.053558
0.039429
0.022034
0.0080261
9.1553e-05
-0.0090027
-0.020386
-0.028351
-0.039276
-0.039856
-0.026276
-0.0084534
0.011047
0.03009
0.044128
0.051453
0.054413
0.052643
0.049591
0.045837
0.038727
0.026917
0.0093994
-0.012238
-0.030731
-0.042847
-0.045166
-0.043427
-0.040253
-0.032959
-0.028778
-0.026093
-0.019775
-0.015106
-0.010925
-0.0064697
-0.0018616
0.0079041
0.022736
0.025513
0.033112
0.013031
-0.065552
-0.11774
-0.16696
-0.19485
-0.14624
-0.063599
0.010345
0.07666
0.14331
0.17026
0.185
0.20514
0.20135
0.18814
0.1636
0.12784
0.071075
0.0078125
-0.048096
-0.092255
-0.11609
-0.12515
-0.11826
-0.11035
-0.10519
-0.093903
-0.082153
-0.062256
-0.030518
0.0076294
0.038269
0.058899
0.064575
0.054443
0.033508
0.014587
0.00091553
-0.0085449
-0.014435
-0.015961
-0.022339
-0.029877
-0.031891
-0.028534
-0.017975
-0.0043945
0.0068359
0.012329
0.0094604
0.0060425
0.0029907
0.0032959
0.0057068
0.0084534
0.0076904
0.0029297
-0.0046997
-0.011078
-0.010193
-0.0041809
0.0046387
0.01358
0.01886
0.01889
0.018188
0.017914
0.016663
0.014465
0.0079346
-0.0028992
-0.012085
-0.019989
-0.023193
-0.02356
-0.02536
-0.025879
-0.025543
-0.023621
-0.017365
-0.010559
-0.0014038
0.0083313
0.019501
0.031647
0.043762
0.043518
0.031494
0.014984
-0.010376
-0.030975
-0.038788
-0.03656
-0.029694
-0.018738
-0.007843
-0.0036926
0.0024109
0.0088806
0.020416
0.036255
0.048492
0.055054
0.052673
0.044739
0.03595
0.02713
0.01944
0.013031
0.0072327
-0.0022278
-0.012665
-0.022125
-0.03183
-0.037537
-0.039215
-0.035767
-0.03006
-0.021027
-0.0097351
-0.0010681
0.0039978
0.0032959
-0.00036621
-0.0059509
-0.010864
-0.013885
-0.015533
-0.014282
-0.013062
-0.010254
-0.0066833
-0.0026855
0.00177
0.0063782
0.010254
0.010651
0.011047
0.0092773
0.0066223
0.0061035
0.0059204
0.0071716
0.0078735
0.0031128
-0.0028687
-0.011139
-0.018341
-0.017822
-0.012573
-0.0067444
-0.0036316
-0.0021667
-0.0018311
-3.0518e-05
0.0063171
0.01416
0.019623
0.0224
0.019196
0.013702
0.0070801
-0.00057983
-0.0040283
-0.0060425
-0.0075378
-0.008606
-0.0079041
-0.0053711
-0.00177
0.004303
0.010223
0.013306
0.013916
0.014435
0.013702
0.014404
0.013824
0.0088806
0.00082397
-0.0087585
-0.01889
-0.025848
-0.0271
-0.023743
-0.019012
-0.01413
-0.0081177
-0.0029907
0.00027466
0.0019836
0.0042419
0.0060425
0.0045776
0.0057068
0.0043945
0.0050049
0.0071716
0.0072632
0.0068665
0.003479
-0.0013428
-0.0050659
-0.006073
-0.0033569
