0.00048828
-6.1035e-05
0.0007019
0.00021362
9.1553e-05
-0.00024414
0.00064087
0.00027466
0.00082397
0.00073242
0.0010986
0.00048828
-0.00012207
9.1553e-05
0.00039673
0.00018311
-0.00042725
0.0007019
0.00085449
0.00042725
-3.0518e-05
6.1035e-05
9.1553e-05
-0.0010681
-0.00073242
-0.0010681
0.00033569
-0.00091553
-9.1553e-05
-0.0007019
3.0518e-05
-0.0005188
-0.00082397
-0.00064087
-0.0011292
-0.00057983
-0.00085449
-0.00042725
-0.00018311
0.00027466
0.00018311
0.00039673
-6.1035e-05
0.00045776
0.00024414
0.00057983
6.1035e-05
0.00076294
0.00076294
0.00036621
0.00054932
0.00027466
0.00079346
-0.00057983
0.00036621
0.00021362
0.00057983
-0.00024414
-0.00012207
0.00061035
-0.00024414
-0.00039673
-0.00036621
0.00027466
-0.00054932
9.1553e-05
-3.0518e-05
-9.1553e-05
-9.1553e-05
-0.00030518
0
0.00027466
9.1553e-05
-3.0518e-05
-0.00033569
-0.00045776
0.00012207
0.00039673
-0.00030518
-0.00097656
-0.00057983
0
-0.00021362
0.0014954
9.1553e-05
-0.00061035
0.00015259
0.0012817
0.0015869
0.00033569
-0.0011902
-0.0013123
-0.00061035
-0.0012207
-0.00033569
-0.00064087
0.012146
-0.043457
0.011871
0.038269
-0.044769
0.039459
0.0053101
-0.013458
0.0067444
0.0056458
0.0035706
-0.010498
0.0055542
-0.0080872
-0.0039978
0.0028076
-0.0091248
-0.00061035
-0.0055542
-0.0050354
0.006897
-0.0056458
0.0032959
-0.0014343
0.0036621
0.0012512
0.0010071
0.0057373
-0.0016174
0.0049744
-0.0037231
0.00012207
0.002533
-0.00048828
0.0030212
0.00036621
0.00054932
-0.0012817
-0.00030518
-0.00048828
-0.00021362
-0.0014343
-0.003418
0.0012207
0.00027466
-0.0010681
-0.002594
6.1035e-05
0.005188
-0.046814
-0.023926
0.051819
-0.00042725
-0.0068054
0.044312
0.0046692
-0.0033875
-0.004303
-0.0090637
0.0074158
0.017731
0.0090332
0.0013123
0.0062561
-0.025604
0.0012817
-0.0088196
-0.02243
0.006134
-0.0090332
0.0038452
0.0055237
0.009552
-0.012238
-0.0025635
-0.026855
-0.048889
0.026855
-0.018646
-0.0025024
0.026337
0.010559
0.019928
0.02655
0.02594
0.01593
0.016785
-0.0088806
-0.0011902
-9.1553e-05
-0.0085449
-0.016479
-0.0099792
-0.02536
-0.019501
-0.0072632
-0.010651
-0.0038147
-9.1553e-05
-0.00082397
0.0061035
0.0093384
-0.012268
0.006012
0.0025024
-0.0083618
0.010864
0.0060425
0.010498
0.012085
0.021393
0.013367
0.018768
0.012543
0.0040283
0.010559
0.0015259
-0.0022278
-0.0093079
-0.012634
-0.01059
-0.014496
-0.022675
-0.015747
-0.011963
-0.0094604
-0.0041504
0.0059204
0.012451
0.018616
0.015076
0.020569
0.020172
0.01416
0.0033569
-0.0054321
-0.0083618
-0.017151
-0.01532
-0.026093
-0.018158
-0.021179
-0.0177
-0.0064392
-0.008728
-0.0054626
0.004364
0.011322
0.01239
0.016388
-0.038116
-0.067291
-0.070282
-0.088837
-0.06012
-0.024323
-0.026215
-0.0036011
0.042847
0.072174
0.11295
0.15738
0.14615
0.1272
0.12091
0.090942
0.072968
0.050842
-0.0056152
-0.056305
-0.085022
-0.11194
-0.11511
-0.097778
-0.093811
-0.091583
-0.0672
-0.04187
-0.011505
0.027618
0.047241
0.051025
0.052887
0.04657
0.034027
0.032013
0.015106
-0.012207
-0.033417
-0.05603
-0.068909
-0.05896
-0.050995
-0.043091
-0.03183
-0.019592
0.0037842
0.032745
0.056854
0.069061
0.069183
0.062256
0.051941
0.044006
0.027588
0.013092
-0.0084534
-0.025452
-0.028442
-0.025208
-0.013733
-0.0077515
0.0030518
0.0063782
0.019775
0.023712
0.017487
0.018555
0.0030212
-0.009613
-0.015289
-0.030548
-0.044189
-0.054474
-0.055206
-0.054596
-0.061676
-0.066986
-0.14084
-0.19223
-0.16437
-0.14346
-0.062317
0.048584
0.10596
0.13751
0.1994
0.2449
0.26041
0.29428
0.25345
0.16315
0.094849
0.016815
-0.054626
-0.099457
-0.13141
-0.17673
-0.18622
-0.15964
-0.12936
-0.062439
0.0040588
0.043945
0.067688
0.085327
0.083496
0.073914
0.068512
0.03244
-0.017731
-0.067383
-0.11011
-0.13324
-0.12766
-0.10654
-0.082458
-0.049133
-0.012054
0.01886
0.059998
0.09668
0.10828
0.10294
0.078583
0.04129
0.0029907
-0.027679
-0.056519
-0.073547
-0.083069
-0.088409
-0.068359
-0.034088
0.011078
0.053345
0.084747
0.095612
0.09671
0.092224
0.076324
0.05957
0.040527
0.0090637
-0.022186
-0.041626
-0.05307
-0.056793
-0.046814
-0.039856
-0.035004
-0.026398
-0.01178
-0.00354
0.0063171
0.0097961
-0.0032959
-0.012665
-0.016876
-0.019104
-0.03299
-0.053314
-0.10718
-0.21579
-0.23331
-0.20819
-0.16272
-0.031158
0.088867
0.15021
0.20935
0.27908
0.30627
0.32297
0.3335
0.25726
0.15237
0.057526
-0.054321
-0.13708
-0.17648
-0.19778
-0.2106
-0.18918
-0.14798
-0.09848
-0.019836
0.054474
0.09964
0.11902
0.11325
0.082703
0.040314
0.004364
-0.041046
-0.088593
-0.12054
-0.14786
-0.15479
-0.12726
-0.077698
-0.027222
0.027802
0.074677
0.098389
0.11432
0.11768
0.10706
0.084229
0.048065
-0.0030212
-0.057098
-0.094543
-0.11462
-0.1153
-0.09549
-0.069702
-0.039734
-0.0018616
0.038727
0.080322
0.11508
0.13101
0.12149
0.091217
0.059387
0.028931
0.0035706
-0.019653
-0.040619
-0.061249
-0.071442
-0.065216
-0.044373
-0.016815
0.0026855
0.015442
0.018433
0.01532
0.013733
0.015045
0.0039978
-0.016479
-0.037933
-0.047943
-0.04834
-0.064056
-0.072296
-0.11304
-0.20306
-0.21219
-0.18256
-0.12024
0.020386
0.14655
0.20572
0.25482
0.29535
0.28394
0.2771
0.26794
0.19098
0.091583
-0.0016174
-0.10989
-0.18973
-0.21384
-0.20651
-0.18976
-0.14233
-0.087097
-0.040466
0.021027
0.077545
0.11786
0.13538
0.12128
0.075531
0.018127
-0.029877
-0.075348
-0.11096
-0.12677
-0.13434
-0.1301
-0.10294
-0.058533
-0.0084229
0.045288
0.091858
0.11249
0.11472
0.10538
0.080139
0.0466
0.013397
-0.024902
-0.062256
-0.089294
-0.10648
-0.11511
-0.097351
-0.060333
-0.026154
0.015747
0.052734
0.074799
0.092804
0.10657
0.10162
0.091248
0.068634
0.033813
0.0040283
-0.021606
-0.036987
-0.047668
-0.046143
-0.041931
-0.031311
-0.016754
-0.005127
0.010315
0.020386
0.022949
0.017487
0.0046082
-0.0048218
-0.020905
-0.031616
-0.034454
-0.03653
-0.02652
-0.028961
-0.040802
-0.081268
-0.16599
-0.19318
-0.18616
-0.14374
-0.027588
0.08371
0.15469
0.20218
0.2355
0.23605
0.22839
0.23489
0.19858
0.14352
0.077057
-0.015167
-0.09967
-0.1564
-0.17639
-0.1803
-0.15018
-0.10706
-0.072418
-0.037262
-0.0054626
0.026306
0.053009
0.077728
0.088409
0.074402
0.050568
0.012726
-0.028778
-0.059814
-0.075958
-0.079712
-0.075928
-0.062164
-0.054199
-0.044739
-0.027191
-0.0076294
0.02063
0.046722
0.064453
0.069458
0.057678
0.036499
0.013916
-0.0025635
-0.016907
-0.0271
-0.029816
-0.035339
-0.033752
-0.026611
-0.014252
0.0036011
0.024994
0.044159
0.051819
0.054443
0.048523
0.039276
0.033173
0.021637
0.0080566
-0.0072327
-0.023956
-0.034546
-0.041626
-0.038422
-0.030884
-0.01944
-0.013
-0.008606
-0.0031128
-0.0056458
-0.0050964
-0.0030823
-0.00088501
0.0062561
0.017578
0.017609
0.015594
-0.011353
-0.079926
-0.12408
-0.1572
-0.17935
-0.13571
-0.060394
-0.0011292
0.062225
0.1225
0.15079
0.16614
0.19067
0.1955
0.19388
0.18896
0.1579
0.1059
0.045532
-0.014435
-0.070221
-0.10794
-0.12241
-0.13242
-0.13156
-0.1264
-0.12579
-0.11981
-0.10486
-0.070953
-0.035522
0.0097351
0.044159
0.060211
0.069031
0.059845
0.051483
0.041656
0.030365
0.022461
0.012238
-0.0007019
-0.013245
-0.020905
-0.024078
-0.026367
-0.021423
-0.017822
-0.014801
-0.008606
-0.010406
-0.0098572
-0.0095825
-0.0078735
6.1035e-05
0.0060425
0.012512
0.01651
0.013489
0.0067749
0.0075073
0.0080872
0.010498
0.018158
0.019135
0.014679
0.0057983
-0.0018311
-0.0051575
-0.0050049
-0.0031433
-0.0019836
-0.0029602
-0.0022583
-0.00079346
0.0044556
0.0045166
0.0021973
-0.0052185
-0.014435
-0.019562
-0.021515
-0.01651
-0.010742
-0.0042725
0.00091553
0.0084839
0.01535
0.024048
0.025909
0.021729
0.015411
0.0024109
-0.0082703
-0.014435
-0.022003
-0.031281
-0.036041
-0.039917
-0.040314
-0.031281
-0.018646
-0.0057983
0.012695
0.025696
0.036682
0.051117
0.054993
0.057831
0.059113
0.054535
0.044586
0.032928
0.021698
0.0081482
-0.0048828
-0.01709
-0.023712
-0.028961
-0.029633
-0.024628
-0.018463
-0.011963
-0.0071411
-0.0077209
-0.010559
-0.012756
-0.01712
-0.018311
-0.018311
-0.018799
-0.019073
-0.020538
-0.022491
-0.024902
-0.025696
-0.023895
-0.020111
-0.014893
-0.0057068
0.0025635
0.011261
0.020447
0.027313
0.030304
0.031036
0.03183
0.029724
0.02655
0.02475
0.017365
0.0089417
0.00027466
-0.01001
-0.014557
-0.014587
-0.013153
-0.0069885
0.00018311
0.0069885
0.0082092
0.0057678
0.0032959
-0.0050049
-0.012115
-0.016022
-0.017944
-0.017456
-0.015717
-0.011658
-0.0094299
-0.0037231
0.0013428
0.0080566
0.016541
0.023041
0.029083
0.032684
0.032043
0.02655
0.019592
0.0063782
-0.0086365
-0.019867
-0.026764
-0.029388
-0.027527
-0.02066
-0.017181
-0.016968
-0.015594
-0.016205
-0.012756
-0.0058594
-0.0010681
0.00097656
0.002533
0.0032043
0.0036316
0.0072021
0.01004
0.0096436
0.0076599
0.0048828
0.002594
0.0038452
0.0086365
0.015289
0.022705
0.027771
0.030243
