0.00076294
0.0007019
0.00067139
0.00012207
0.00024414
9.1553e-05
0.00033569
0.00030518
0.00048828
0.00030518
-0.00042725
3.0518e-05
0.00012207
0.00030518
-0.00021362
6.1035e-05
3.0518e-05
-0.00061035
6.1035e-05
9.1553e-05
-6.1035e-05
-0.00033569
0.00012207
-0.00018311
0.00045776
-0.00067139
-0.00033569
0.00036621
-0.00015259
0.00012207
0.00018311
0.00033569
-0.00012207
0.00057983
0.00045776
-0.00021362
0.00030518
0.00021362
-0.00091553
-0.00091553
0.00045776
0.00057983
0.0005188
0.00018311
0.0023499
0.0013428
-0.0011292
0.00012207
0.0014038
-0.00085449
-0.0042114
-0.004364
0.010834
-0.02243
-0.008667
0.036163
-0.028595
0.01004
0.022858
-0.013763
0.0066223
0.0048218
0.0024414
-0.006012
-0.00088501
-0.0023804
-0.0074463
0.0021057
-0.0075378
-0.0018005
-0.00024414
-0.0051575
0.0057068
-0.0018921
0.00079346
0.002594
-0.0010071
0.00177
0.002533
0.0029907
-0.0011597
0.0053101
-0.00027466
0.00027466
0.0059509
0.00018311
0.0020447
-0.002533
-0.0031738
0.0015259
0.0010986
-0.0041809
-0.0039368
-0.0024414
-0.0014954
-0.00018311
-0.0072937
0.0084839
-0.0177
-0.02536
0.04837
-0.018341
0.017029
0.012573
-0.033783
0.037079
-0.0032349
-0.010498
0.027527
-0.015808
-0.0011292
-0.0015259
0.0055847
-0.021698
-0.020813
-0.0093079
-0.0029297
0.026123
0.0099792
0.019836
0.015472
-0.0010986
0.011414
-0.0028381
-0.011658
-0.012024
-0.014282
-0.015076
-0.01059
-0.0047913
-0.012238
-0.0031433
0.0048218
-0.0071411
-0.0074768
0.0053711
-0.0072327
-0.0018005
0.0093384
-0.00015259
0.016266
0.017609
0.014618
0.019196
0.01059
0.00091553
0.0016174
-0.0039368
-0.01178
-0.0079041
-0.01355
-0.015656
-0.00082397
-0.00082397
0.0051575
0.013306
0.010895
0.014893
0.016449
0.012299
0.012054
0.0076904
0.00085449
-0.0011597
-0.0025024
-0.0079346
-0.0057678
-0.0091248
-0.0098877
-0.0088806
-0.0038452
-0.0066223
-6.1035e-05
0.0033264
0.0021973
0.0045471
0.0042725
0.00354
0.003418
-0.00094604
-0.011444
-0.007782
-0.010437
-0.0072327
-0.013275
-0.014587
-0.016113
-0.0075073
-0.0057678
0.0112
-0.0056152
-0.070953
-0.066711
-0.10095
-0.10211
-0.04776
-0.028748
-0.028015
0.016541
0.04187
0.075073
0.14548
0.15918
0.147
0.14557
0.12155
0.093811
0.10184
0.05484
0.0014343
-0.033112
-0.08139
-0.1051
-0.095551
-0.10275
-0.11111
-0.094055
-0.094269
-0.065674
-0.017792
0.011902
0.032043
0.051208
0.046478
0.041382
0.051208
0.040405
0.028564
0.011871
-0.021515
-0.040253
-0.043762
-0.055298
-0.051605
-0.04425
-0.042145
-0.023804
-0.0020752
0.0095825
0.025391
0.037659
0.036194
0.044525
0.044983
0.032501
0.028351
0.015747
0.0011292
-0.0037842
-0.0094604
-0.01651
-0.015656
-0.013763
-0.0091553
0.0053101
0.014465
0.018036
0.024841
0.020844
0.021851
0.02179
0.016846
0.0050659
-0.0069885
-0.021881
-0.032806
-0.03891
-0.04306
-0.04892
-0.043762
-0.033447
-0.027679
-0.0086365
-0.10733
-0.14029
-0.14282
-0.1727
-0.070923
0.019989
0.042358
0.080139
0.14368
0.15921
0.22736
0.28751
0.23138
0.18927
0.13354
0.043762
0.0082397
-0.01297
-0.087036
-0.12732
-0.15094
-0.17957
-0.15021
-0.087799
-0.061646
-0.023041
0.017029
0.011688
0.04184
0.076935
0.073547
0.061249
0.039612
-0.01825
-0.051758
-0.056091
-0.07547
-0.073883
-0.068939
-0.075226
-0.065887
-0.027252
0.0050049
0.040466
0.074585
0.065125
0.056793
0.050873
0.033478
0.020416
-0.002533
-0.029388
-0.052124
-0.059326
-0.049377
-0.028961
-0.0061951
0.013306
0.028473
0.044922
0.056458
0.060425
0.06192
0.055298
0.042389
0.032349
0.017883
0.0005188
-0.014099
-0.03125
-0.040497
-0.040741
-0.037354
-0.035583
-0.032471
-0.022491
-0.016266
-0.0070801
0.0014648
0.0019226
-0.0066833
-0.0093994
-0.013031
-0.023346
-0.016632
-0.084839
-0.18405
-0.17673
-0.21515
-0.1665
-0.020264
0.052063
0.10458
0.18848
0.23254
0.24844
0.32648
0.30667
0.23035
0.17773
0.063416
-0.037109
-0.071198
-0.12515
-0.17545
-0.17636
-0.1886
-0.18948
-0.12497
-0.060242
-0.014832
0.054626
0.073059
0.064728
0.08078
0.073517
0.047577
0.035248
-0.006012
-0.069977
-0.095306
-0.10947
-0.1134
-0.08194
-0.055878
-0.035583
-0.0014648
0.029663
0.05484
0.08783
0.09964
0.084076
0.064056
0.030975
-0.0053711
-0.032928
-0.054596
-0.071014
-0.076233
-0.068542
-0.048431
-0.01712
0.016602
0.046417
0.071503
0.081055
0.078979
0.072845
0.056305
0.042419
0.024597
0.0056763
-0.0095825
-0.032837
-0.044739
-0.049896
-0.045135
-0.037476
-0.028198
-0.017365
-0.014191
-0.003479
0.0023193
0.0068665
0.0089111
0.0030212
-0.0016174
-0.0046082
-0.0092773
-0.013092
-0.031067
-0.14597
-0.19095
-0.2131
-0.23453
-0.10229
0.016876
0.081512
0.15747
0.2261
0.23526
0.27765
0.32004
0.25143
0.19965
0.11765
-0.0093079
-0.07605
-0.11942
-0.1683
-0.17358
-0.15729
-0.16464
-0.13483
-0.069336
-0.028961
0.038208
0.092407
0.091827
0.086121
0.071045
0.036316
0.012848
-0.0021973
-0.045929
-0.085663
-0.10196
-0.11987
-0.10391
-0.060486
-0.027344
0.0054626
0.039581
0.053436
0.063873
0.084656
0.082092
0.063049
0.039825
0.0036621
-0.045227
-0.065674
-0.071442
-0.081787
-0.057312
-0.038055
-0.027466
0.008606
0.035828
0.053009
0.078369
0.083893
0.064728
0.06076
0.047699
0.025726
0.018433
0.00057983
-0.027649
-0.036133
-0.045624
-0.051178
-0.038391
-0.024048
-0.018372
-0.011688
0.0029907
0.0054016
0.0079956
0.010773
0.0016479
-0.005188
-0.0047913
-0.006897
-0.0047607
0.0032654
-0.10898
-0.17627
-0.19244
-0.25354
-0.1608
-0.027344
0.040253
0.12103
0.20255
0.2131
0.23514
0.29532
0.25162
0.2175
0.17868
0.057526
-0.021149
-0.07196
-0.13437
-0.15366
-0.13449
-0.14154
-0.14084
-0.092957
-0.076385
-0.034271
0.03183
0.051086
0.063385
0.06665
0.03772
0.0097961
0.0055847
-0.015228
-0.039337
-0.041992
-0.061554
-0.07486
-0.057709
-0.040558
-0.020142
0.0074768
0.021912
0.025635
0.033691
0.039276
0.038055
0.037506
0.021271
-0.0040588
-0.016815
-0.029724
-0.03653
-0.0289
-0.026428
-0.019348
-0.0030518
0.0092773
0.022827
0.03714
0.041565
0.043884
0.048126
0.043396
0.039307
0.031738
0.01947
0.0046997
-0.011627
-0.025604
-0.03894
-0.044067
-0.043121
-0.030609
-0.01886
-0.0076904
0.00018311
0.0013733
0.0022278
0.0013733
-0.0020752
-0.0028076
0.0039978
0.005127
0.01123
0.03183
-0.045685
-0.10803
-0.14111
-0.22308
-0.18292
-0.088654
-0.027924
0.049805
0.12714
0.14377
0.15585
0.21548
0.20621
0.20685
0.21115
0.13882
0.083313
0.033539
-0.033936
-0.068695
-0.0737
-0.095093
-0.11182
-0.098389
-0.11942
-0.11789
-0.084259
-0.069183
-0.040802
-0.014526
-0.0005188
0.0077515
0.020813
0.023224
0.018799
0.028473
0.016388
0.0089722
0.0098267
-0.0041504
-0.016998
-0.021088
-0.019897
-0.02298
-0.011597
0.0028381
0.0027161
0.011169
0.017761
0.016052
0.022186
0.021454
0.0093689
0.0018921
-0.0024414
-0.010223
-0.0099792
-0.0040894
-0.0077515
-0.0046387
0.0013123
-0.00021362
0.0066223
0.01358
0.020233
0.028412
0.029541
0.020172
0.0055542
-0.0056458
-0.013672
-0.012268
-0.0078125
-0.011597
-0.01178
-0.01239
-0.013672
-0.010437
-0.012238
-0.016846
-0.018585
-0.01889
-0.016724
-0.0079956
0.0018921
0.01236
0.019409
0.026733
0.015167
0.0035095
-0.0048218
-0.022003
-0.025543
-0.021179
-0.014709
-0.0060425
0.0036621
0.0073547
0.0074768
0.014069
0.015167
0.022736
0.034607
0.037781
0.042389
0.042847
0.035736
0.027496
0.024841
0.021606
0.014648
0.011047
-0.0007019
-0.016052
-0.027985
-0.03775
-0.040283
-0.037292
-0.031494
-0.027466
-0.024872
-0.021484
-0.018616
-0.01062
0.00061035
0.0068054
0.010529
0.012878
