0.0005188
0.00057983
0.00027466
-0.00018311
9.1553e-05
0.00021362
0.00024414
0.00030518
0.0005188
0.00054932
-0.00021362
-0.00012207
6.1035e-05
0.00027466
-0.00061035
-0.00048828
-0.00018311
-0.00036621
0.0005188
-3.0518e-05
-0.00018311
-0.00073242
-0.00045776
-0.00048828
-9.1553e-05
-0.00039673
-0.00018311
0.00030518
-0.00061035
-0.00024414
-0.00094604
-0.00015259
-6.1035e-05
-0.00064087
0.00024414
-0.00030518
-0.00018311
-0.00064087
0.00042725
0.00097656
-3.0518e-05
0.00079346
0.00033569
0.0014954
-0.0005188
0.00033569
0.00097656
0.00036621
0.0012817
-0.0032654
0.0014648
0.00177
-0.0053101
0.00027466
0.0046997
-0.00057983
-0.00033569
0.003479
0.00177
0.00012207
-0.015778
0.018677
-0.0055542
-0.0092468
0.015198
-0.006897
-0.00079346
0.00033569
0.0030212
-0.0037537
-9.1553e-05
-0.00045776
-0.0023804
-0.00061035
9.1553e-05
-0.00024414
0.0010681
-0.0010071
-6.1035e-05
0.002533
-0.0016785
0.0013123
-0.0017395
0.0012512
0.00030518
0.0015564
-0.00073242
0.0024109
6.1035e-05
-0.0037842
-0.00067139
-0.0011902
-0.0011902
-0.0016174
0.0007019
0.0046997
0.0041199
-0.0033875
0.0061646
-0.011017
-0.045471
0.020447
-0.0095825
0.0090332
0.035736
0.02066
0.013885
0.019348
0.0083313
-0.033569
-0.022003
-0.030182
-0.017181
0.0049744
0.0084839
0.016235
0.011017
0.012787
0.009613
0.0021667
-0.0019836
-0.032684
-0.015076
-0.014709
-0.014923
-0.0039062
-0.0011597
0.0088196
0.0089111
0.025391
0.025269
0.020691
0.011475
0.0029297
-0.0038147
-0.013214
-0.015625
-0.022644
-0.025726
-0.021973
-0.018707
-0.011597
-0.0031433
0.0020447
0.011475
0.019989
0.027313
0.027985
0.029358
0.024048
0.020538
0.022339
0.011566
0.0055542
-0.00067139
-0.0082703
-0.0093384
-0.010925
-0.014496
-0.012482
-0.010864
-0.0071106
0.0041809
0.0056152
0.0039978
0.0017395
-0.0024414
-0.0067139
-0.0033875
-0.013275
-0.022705
-0.016907
-0.020355
-0.020691
-0.015839
-0.021149
-0.015778
-0.0062256
0.00024414
-0.0012207
-0.049438
-0.055939
-0.071533
-0.07309
-0.034058
-0.014435
-0.011292
0.014099
0.052032
0.074341
0.13464
0.14899
0.133
0.12677
0.10965
0.077057
0.072235
0.033051
-0.025024
-0.052612
-0.086578
-0.10352
-0.088654
-0.085388
-0.090271
-0.066803
-0.058533
-0.035187
0.009613
0.029175
0.035217
0.046478
0.035583
0.024841
0.033356
0.020233
0.0013733
-0.012787
-0.037933
-0.054443
-0.046539
-0.043274
-0.034973
-0.017944
-0.015808
-0.0050964
0.015289
0.02713
0.032684
0.036499
0.0159
0.0063782
0.0037231
-0.0057068
-0.0050659
-0.0068054
-0.014679
-0.013519
0.0036011
0.012207
0.02887
0.03772
0.032349
0.034241
0.034271
0.032043
0.030823
0.021027
0.0057373
-0.0042114
-0.012878
-0.018616
-0.018005
-0.022034
-0.022003
-0.020325
-0.029938
-0.027557
-0.019745
-0.016907
-0.0081787
-0.0079041
-0.020172
-0.011688
-0.025116
-0.032196
-0.049469
-0.14548
-0.15005
-0.16458
-0.14093
-0.045013
0.027618
0.068695
0.12473
0.19656
0.20923
0.27908
0.27957
0.21332
0.15778
0.079315
-0.0068359
-0.044525
-0.084442
-0.15079
-0.16815
-0.17972
-0.17145
-0.10803
-0.04245
-0.009552
0.037811
0.058777
0.061768
0.083588
0.086273
0.060333
0.03067
-0.013763
-0.069519
-0.088623
-0.094727
-0.095276
-0.077759
-0.062775
-0.052704
-0.020294
0.022095
0.050446
0.082397
0.091431
0.076843
0.060852
0.041626
0.016174
-0.0092773
-0.035126
-0.071533
-0.090454
-0.093048
-0.080933
-0.047455
-0.012878
0.020569
0.049896
0.082397
0.099426
0.10553
0.098785
0.071625
0.046448
0.016296
-0.010773
-0.032135
-0.047974
-0.056061
-0.055786
-0.042694
-0.029663
-0.015411
0.0038452
0.01181
0.010284
0.0091248
0.006958
0.0027466
0.0062256
-0.0026855
-0.016418
-0.015961
-0.044098
-0.067108
-0.080261
-0.18582
-0.19971
-0.18503
-0.1731
-0.051697
0.05365
0.11465
0.17822
0.25879
0.26031
0.29938
0.31049
0.22009
0.14948
0.060089
-0.052063
-0.11404
-0.13498
-0.18384
-0.18924
-0.16629
-0.15698
-0.094452
-0.013092
0.033051
0.078003
0.10077
0.084717
0.076691
0.071472
0.033997
-0.00027466
-0.039612
-0.092987
-0.12085
-0.12222
-0.11252
-0.082123
-0.041931
-0.018219
0.012451
0.050201
0.073181
0.093842
0.10336
0.082367
0.051697
0.023163
-0.012207
-0.04425
-0.060974
-0.082184
-0.096619
-0.088898
-0.072296
-0.044189
-0.00012207
0.043915
0.075439
0.10373
0.11191
0.103
0.091919
0.067688
0.03775
0.010101
-0.019073
-0.047516
-0.060516
-0.062347
-0.056915
-0.035217
-0.016846
-0.0072632
0.0067444
0.012878
0.013458
0.01416
0.0072021
-0.0014343
-0.013031
-0.022034
-0.026276
-0.022675
-0.022461
-0.026703
-0.042084
-0.15073
-0.19025
-0.19888
-0.20657
-0.081451
0.020477
0.083099
0.1496
0.21442
0.2269
0.27664
0.31277
0.24918
0.20282
0.11237
-0.0070801
-0.068695
-0.10648
-0.15161
-0.16092
-0.15204
-0.16632
-0.12964
-0.072083
-0.034882
0.023621
0.060455
0.063934
0.067474
0.069458
0.048737
0.032349
0.012665
-0.030853
-0.057037
-0.075623
-0.088379
-0.084381
-0.06839
-0.048004
-0.023071
0.0088806
0.026978
0.046082
0.059235
0.057678
0.052734
0.040588
0.018311
-0.0082703
-0.025635
-0.050629
-0.06076
-0.06308
-0.059204
-0.039368
-0.017365
0.011749
0.040558
0.069427
0.084747
0.089905
0.085846
0.067383
0.051483
0.033356
0.013336
-0.0062561
-0.0271
-0.041687
-0.049347
-0.046295
-0.036469
-0.026917
-0.018097
-0.017975
-0.023712
-0.024139
-0.018829
-0.016602
-0.013763
-0.0063477
-0.0020447
0.0040588
0.010895
0.019653
-0.054749
-0.12216
-0.14746
-0.20868
-0.16107
-0.070374
-0.007782
0.055511
0.12466
0.14972
0.17316
0.24277
0.24265
0.24072
0.22858
0.14456
0.07077
0.014648
-0.046417
-0.087189
-0.092926
-0.12198
-0.14624
-0.1329
-0.14221
-0.12381
-0.085449
-0.059296
-0.025482
0.012024
0.03064
0.03653
0.056519
0.050385
0.045593
0.047943
0.028992
0.014648
-0.0049744
-0.027405
-0.044006
-0.046143
-0.044891
-0.039032
-0.025787
-0.023834
-0.018524
-0.01297
-0.0065613
9.1553e-05
0.0076904
0.012054
0.009552
0.014618
0.013885
0.018097
0.022461
0.020233
0.020264
0.020172
0.021729
0.019196
0.021515
0.015564
0.012238
0.013733
0.011353
0.011414
0.0054932
0.00036621
-0.0062561
-0.011108
-0.012756
-0.013428
-0.013794
-0.017853
-0.023682
-0.030731
-0.03299
-0.03067
-0.025513
-0.017975
-0.010651
-0.0044556
0.005249
0.016235
0.028717
0.043243
0.024231
-0.005188
-0.024872
-0.064484
-0.074219
-0.056641
-0.045105
-0.028168
-0.0060425
0.0068054
0.016052
0.046417
0.064545
0.082703
0.10583
0.1041
0.10068
0.088074
0.066315
0.04422
0.027527
0.012115
-0.0075378
-0.018433
-0.037964
-0.058228
-0.074402
-0.086182
-0.08493
-0.074219
-0.056152
-0.038239
-0.024597
-0.012329
-0.0041199
0.0028687
0.011414
0.017151
0.01825
0.019684
0.014984
0.009491
0.0064087
0.0031128
0.0048218
0.0053406
0.0054626
-0.00061035
-0.0055237
-0.011749
-0.016968
-0.011261
-0.0048523
0.0029602
0.0085144
0.0080566
0.003418
0.0033569
0.0019531
0.0032349
0.010406
0.0085754
0.0028381
-0.0028381
-0.010315
-0.0085144
-0.002655
0.0040588
0.0093994
0.013306
0.012848
0.010956
0.010284
0.0062256
0.0024719
-9.1553e-05
-0.0063171
-0.012207
-0.014832
-0.017212
-0.015991
-0.010925
-0.0071716
-0.0019531
0.0043945
0.010742
0.01709
0.0242
0.030151
0.028809
0.021515
0.012421
-0.00054932
-0.012939
-0.018311
-0.024231
-0.027679
-0.025238
-0.024048
-0.022552
-0.013855
-0.0097351
-0.0076904
-0.00088501
-0.0011902
0.00064087
0.0033569
0.004303
0.0033569
0.0066528
0.0046387
0.00048828
0.0011597
-0.0037842
-0.0043945
-0.0030823
-0.0011292
0.0022888
0.010956
0.018677
0.027466
0.037933
0.038849
0.039642
0.0354
0.02533
0.015289
0.0083313
0.0013428
-0.0044556
-0.0065918
