0.00030518
0.00064087
-0.00039673
-0.00094604
0.0007019
-6.1035e-05
0.0010986
-0.00033569
0.00036621
-0.00045776
0.00073242
0.00033569
3.0518e-05
0.00033569
-0.00039673
0.0013733
-0.00091553
0.00021362
-0.00094604
0.00027466
0.00030518
-0.00085449
-0.00024414
-0.0005188
0.00045776
-0.00076294
-0.00067139
-0.00067139
-0.00012207
-0.00024414
-0.00067139
0.00012207
-0.00033569
-0.00015259
-0.00027466
-3.0518e-05
-0.00030518
0.00042725
0.00033569
0
-3.0518e-05
-0.00094604
0.00021362
0.00094604
-0.00015259
0.0014954
-0.00045776
0.00085449
0.00036621
-0.00054932
0.00018311
-0.00027466
0.00036621
0.00036621
0.00039673
-0.00012207
0.00045776
0.0013123
0.0020142
0.00027466
-0.00024414
-0.00045776
-0.0017395
-0.0054932
-0.00079346
0.0023499
-0.032257
0.017853
0.012695
-0.011383
0.019928
0.012024
-0.00079346
0.003418
0.0092163
-0.0010681
-0.0046387
-0.0038452
-0.0058899
-0.0037231
-0.0027466
-0.0069275
-0.0042419
-0.0077209
-0.0032043
0.00036621
-0.0028687
0.0040588
-0.00021362
0.0029297
0.00042725
0.0047607
-0.0027771
-6.1035e-05
0.0087585
0.0038147
0.011871
0.0058594
0.0095215
-0.0071716
-0.061707
-0.0053711
0.0042725
-0.0033264
0.036652
0.027557
0.0052795
0.012329
0.012878
-0.0071106
-0.012756
-0.024597
-0.022339
0.0028381
0.011444
0.015228
0.012665
-0.0033875
-0.0037231
0.0012207
-0.0072327
-0.0095825
-0.0078735
-0.015289
-0.012939
-0.008606
-0.0070496
-0.0029602
0.0014038
-0.0059204
0.0055847
-0.0096436
-0.019806
-0.00073242
-0.0046082
0.0020447
0.017456
0.023651
0.022003
0.037262
0.028351
-0.0036011
0.01178
0.0033264
-9.1553e-05
0.0080872
0.006134
0.0053406
0.0038147
0.0069885
0.0092163
-0.0031128
-0.01944
-0.017151
-0.015594
-0.014771
-0.013855
-0.011169
-0.021301
-0.0094604
0.0013733
0.0063477
0.017944
0.0112
0.0058289
0.0088501
0.015656
0.0046997
0.01236
0.0065918
-0.00076294
-0.0033264
-0.0070496
-0.010864
-0.010956
-0.016937
-0.021637
-0.018677
-0.023621
-0.01239
-0.0042725
-0.00018311
0.015228
0.019714
-0.054504
-0.064026
-0.092255
-0.11047
-0.068024
-0.030243
-0.030151
0.0030823
0.041962
0.06131
0.1387
0.16965
0.15765
0.14911
0.12997
0.087891
0.085754
0.056122
0
-0.034973
-0.079285
-0.11072
-0.10934
-0.095764
-0.10742
-0.085449
-0.079712
-0.063324
-0.01651
0.020447
0.040436
0.059631
0.055115
0.035583
0.036652
0.029053
0.016266
0.0031433
-0.02179
-0.050476
-0.053284
-0.053711
-0.044373
-0.025299
-0.022766
-0.025604
-0.026123
-0.012512
0.0040588
0.025452
0.042389
0.045929
0.039642
0.034943
0.036499
0.036865
0.034302
0.021118
0.0023193
-0.0088806
-0.013062
-0.0052185
0.006134
0.010406
0.014313
0.017578
0.022156
0.022858
0.022736
0.014252
0.00076294
-0.010284
-0.02594
-0.037079
-0.040741
-0.04776
-0.048218
-0.041229
-0.046753
-0.041962
-0.073212
-0.18283
-0.18054
-0.20001
-0.17273
-0.036469
0.053833
0.087128
0.15387
0.21442
0.22153
0.30396
0.30948
0.23776
0.18222
0.094757
-0.0048828
-0.040436
-0.074402
-0.14386
-0.1561
-0.17645
-0.18491
-0.13184
-0.063202
-0.02182
0.033752
0.056091
0.04953
0.072388
0.079712
0.067474
0.04364
0.0027161
-0.063141
-0.098419
-0.10907
-0.11172
-0.088684
-0.065796
-0.053101
-0.030701
0.010681
0.045135
0.080963
0.1033
0.088898
0.068146
0.04187
0.011963
-0.013306
-0.038696
-0.073669
-0.089478
-0.087402
-0.071655
-0.030487
0.0054016
0.035217
0.06543
0.087067
0.095581
0.10324
0.091614
0.066193
0.046204
0.016632
-0.0077515
-0.023804
-0.041534
-0.053101
-0.048035
-0.040741
-0.03186
-0.025085
-0.021973
-0.014893
-0.010071
-0.0088196
-0.0046997
0.0017395
0.0033569
-0.0065308
-0.016663
-0.077209
-0.2218
-0.24292
-0.26581
-0.24329
-0.084167
0.03006
0.088959
0.17957
0.26462
0.28217
0.36423
0.38403
0.29614
0.22845
0.12057
-0.010498
-0.074432
-0.11932
-0.18857
-0.20111
-0.19977
-0.20493
-0.14954
-0.071472
-0.020538
0.048309
0.090332
0.086151
0.088379
0.077423
0.048401
0.018524
-0.013824
-0.071136
-0.11023
-0.12488
-0.13214
-0.10818
-0.067169
-0.029053
0.002655
0.038147
0.06546
0.088806
0.10754
0.099365
0.073456
0.040039
0.0010681
-0.034882
-0.052551
-0.067352
-0.080536
-0.084991
-0.084076
-0.067322
-0.032684
0.02182
0.069336
0.10129
0.11063
0.10269
0.098358
0.08609
0.069885
0.037842
-0.0019836
-0.043182
-0.070404
-0.075256
-0.067749
-0.048523
-0.030762
-0.015778
-0.0012817
0.011261
0.015869
0.022461
0.0159
0.0011597
-0.0069885
-0.012604
-0.0089722
-0.016418
-0.019836
-0.084625
-0.22333
-0.24771
-0.28668
-0.24814
-0.073212
0.056
0.13501
0.22592
0.28525
0.27884
0.3465
0.35291
0.26895
0.20731
0.090698
-0.048584
-0.11792
-0.16333
-0.20676
-0.19308
-0.17361
-0.17603
-0.12625
-0.057983
-0.011597
0.066498
0.1098
0.10577
0.097473
0.071106
0.026367
-0.0014038
-0.02298
-0.064972
-0.091125
-0.11203
-0.12674
-0.10202
-0.060822
-0.018829
0.020355
0.054749
0.065735
0.075409
0.082825
0.071625
0.059692
0.037537
0.002533
-0.032593
-0.053131
-0.075012
-0.088715
-0.083496
-0.083984
-0.068726
-0.027649
0.0081482
0.043365
0.088928
0.10681
0.10736
0.11005
0.087555
0.063416
0.044159
0.010376
-0.025513
-0.044128
-0.057556
-0.058746
-0.042053
-0.033569
-0.023041
-0.0063171
0.0049438
0.0079041
0.012024
0.0088806
0.0010071
-0.0014343
-0.0057068
0.0042725
0.0098877
0.0078735
0.0091553
-0.10818
-0.20383
-0.2338
-0.29483
-0.20786
-0.060822
0.024017
0.10794
0.198
0.21207
0.22821
0.30252
0.28131
0.25397
0.22745
0.11316
0.017303
-0.045624
-0.11588
-0.14938
-0.14108
-0.14981
-0.15475
-0.11728
-0.10321
-0.072266
-0.014496
0.015137
0.04068
0.061279
0.060089
0.042816
0.034332
0.015503
-0.010315
-0.018494
-0.034973
-0.049103
-0.051697
-0.052277
-0.050995
-0.038208
-0.019501
-0.0083008
0.014984
0.026337
0.029175
0.036194
0.029785
0.025879
0.020721
0.006073
-0.013092
-0.026123
-0.037445
-0.036743
-0.023102
-0.016907
-0.0024719
0.014832
0.028168
0.039154
0.053467
0.053864
0.050262
0.053131
0.042084
0.029053
0.012726
-0.0078735
-0.025208
-0.032196
-0.036652
-0.035797
-0.022797
-0.019836
-0.017303
-0.014465
-0.015137
-0.012604
-0.0046082
0.00021362
0.00024414
0.0091248
0.011383
0.018402
0.033417
-0.026978
-0.07666
-0.116
-0.18887
-0.16907
-0.10995
-0.060944
0.0045471
0.069916
0.089355
0.103
0.15161
0.15677
0.18011
0.21048
0.18552
0.15448
0.10788
0.045166
-0.005188
-0.031311
-0.055206
-0.078461
-0.08783
-0.11285
-0.13092
-0.13422
-0.1358
-0.11853
-0.083008
-0.041382
-0.011292
0.016602
0.036438
0.035797
0.043518
0.046326
0.043243
0.041687
0.034668
0.015747
-0.0015564
-0.010834
-0.021149
-0.016449
-0.0064392
-0.0049133
-0.0041199
-0.0053406
-0.012695
-0.018341
-0.015717
-0.012848
-0.0060425
0.0032349
0.0077515
0.0078125
0.0054932
0.00048828
0.0036926
0.0097046
0.014099
0.022095
0.021881
0.018677
0.014832
0.010559
0.0066223
0.0079346
0.0083923
0.0061646
0.0012207
-0.0059509
-0.0095825
-0.011902
-0.011902
-0.011749
-0.017212
-0.026276
-0.03067
-0.0354
-0.029816
-0.019745
-0.0056152
0.0073547
0.014984
0.019775
0.022278
0.031738
0.036224
0.038757
0.036896
0.020508
0.0034485
-0.0077209
-0.019958
-0.026428
-0.028442
-0.031738
-0.028687
-0.024841
-0.022614
-0.015045
-0.0088806
-0.001709
0.0089111
0.018188
0.023926
0.030884
0.035034
0.034363
0.034821
0.029266
0.021088
0.013519
0.0031738
-0.0065613
-0.01297
-0.016235
-0.012482
-0.0066223
0.00036621
0.0080261
0.010437
0.0085449
0.0032959
-0.0021362
-0.0036926
-0.0046997
-0.0071716
-0.0093384
-0.014191
-0.018494
-0.026794
-0.030884
-0.03125
-0.029816
