-3.0518e-05
-0.00024414
0.00064087
0.00024414
0.00018311
-0.00067139
0.00039673
0.0007019
-0.00018311
-9.1553e-05
-0.00097656
-0.00024414
-0.0005188
0.0012817
-0.00024414
9.1553e-05
-0.0014343
-3.0518e-05
6.1035e-05
-0.00018311
0.00036621
-3.0518e-05
-0.00027466
-0.00061035
-9.1553e-05
9.1553e-05
0.00012207
-0.00042725
-0.00048828
-0.00091553
0.00024414
6.1035e-05
0.00061035
-6.1035e-05
-0.00085449
-0.00079346
-0.00015259
0.00027466
0.0007019
-3.0518e-05
0.00012207
0.00015259
-0.00039673
-0.0005188
-0.00082397
0.00027466
-0.0007019
0.0010986
3.0518e-05
0.0011902
-0.00054932
0.00042725
0.00018311
0.0011292
0.00073242
-0.00024414
0.00091553
-0.0011597
0.0013428
-0.00039673
0.0010681
-0.00067139
-0.00021362
0.00015259
-0.00027466
-0.00030518
0.0012817
0.0016174
-0.00076294
-0.00030518
0.00054932
0.0018616
0
0.0011292
0.0025024
0.0014343
-0.00085449
-0.0065308
0.0021057
-0.0031738
-0.031494
0.022919
0.0014343
-0.014587
0.032654
-0.0020752
0.0033264
0.0052185
0.00085449
0.0012817
-0.0085144
0.0022278
-0.0093689
-0.0022278
-0.0029602
-0.0087585
0.0049438
-0.007782
-0.0012512
0.0029907
-0.053711
0.03186
-0.0018921
-0.068878
0.10834
-0.003479
-0.018768
0.071503
0.0053406
-0.037567
-0.03595
0.032715
-0.0075378
-0.0025024
-0.007843
-0.0014648
0.05722
-0.01767
0.013458
0.0098877
-0.079071
0.0024109
0.023315
-0.052917
0.0096436
-0.006897
-0.019501
0.0091553
0.029999
0.011688
0.0021667
0.010193
0.0039673
0.019104
0.0050354
-0.012115
-0.014587
-0.04483
-0.0028687
0.014496
-0.00015259
0.013641
0.034058
0.0093689
-0.010773
0.0041504
0.0096436
-0.01712
0.0044861
-0.0036011
0.0064087
0.021637
0.0059204
-0.0028076
-0.0094604
-0.013123
-0.015442
-0.0060425
-0.011566
-0.0074158
-0.015228
-0.047363
0.0016785
-0.0094299
-0.0015564
0.022766
0.015015
0.0056458
0.015167
0.027954
0.022308
0.019409
0.010925
0.0054932
0.011475
-0.00036621
-0.0056152
-0.005249
-0.025848
-0.026733
-0.016968
-0.01123
-0.0081482
-0.0040894
-0.0020752
0.0029907
0.0064697
0.0077515
0.016296
0.014374
0.0093079
0.009613
0.015137
0.01532
0.012573
0.0041809
-0.0059509
-0.0092773
-0.01239
-0.0033264
-0.0069885
-0.0068054
-0.014252
-0.013702
-0.013184
-0.0068054
-0.0093079
-0.0053101
-0.0074158
-0.0046082
-0.0028687
-0.0010986
0.0075378
-0.011627
-0.037292
-0.047028
-0.064728
-0.060181
-0.029663
-0.017578
-0.01532
0.0081177
0.031006
0.055817
0.098877
0.11374
0.10938
0.11304
0.092804
0.073151
0.067627
0.04245
0.0028992
-0.030182
-0.061798
-0.087769
-0.087646
-0.08728
-0.089691
-0.07547
-0.0755
-0.055817
-0.026276
-0.0031128
0.018829
0.033142
0.036346
0.037537
0.044586
0.036499
0.02829
0.018005
-0.002655
-0.018036
-0.023193
-0.026306
-0.024963
-0.01709
-0.014374
-0.0089417
9.1553e-05
0.0112
0.022461
0.031647
0.030457
0.029877
0.025909
0.017853
0.013245
0.0093994
0.0024414
-0.0011902
-0.0044556
-0.010529
-0.017517
-0.020935
-0.022675
-0.023682
-0.020782
-0.018311
-0.020203
-0.014221
-0.01889
-0.0072327
-0.017975
-0.12775
-0.14035
-0.1571
-0.1662
-0.083221
-0.0093994
0.021912
0.065125
0.15106
0.159
0.24429
0.2887
0.23117
0.21466
0.15106
0.06778
0.022095
-0.015656
-0.095978
-0.13635
-0.1485
-0.19296
-0.16345
-0.1134
-0.089386
-0.035339
0.0072632
0.026428
0.054749
0.08963
0.085876
0.079651
0.057037
0.0072327
-0.029205
-0.04892
-0.068787
-0.08429
-0.077026
-0.089203
-0.084076
-0.048523
-0.019684
0.011841
0.045502
0.057465
0.049652
0.054657
0.041382
0.021484
0.017853
-0.0026855
-0.020538
-0.027008
-0.032593
-0.026825
-0.0029907
0.018188
0.025055
0.043915
0.048859
0.047882
0.056458
0.053619
0.050354
0.038422
0.019928
-0.0038147
-0.019073
-0.02597
-0.037506
-0.041107
-0.04892
-0.063538
-0.058929
-0.047455
-0.036591
-0.023285
-0.014465
-0.013306
-0.0058899
-0.0021667
-0.0045776
-0.028992
-0.14038
-0.173
-0.17661
-0.18195
-0.063416
0.027649
0.07016
0.13034
0.20404
0.22665
0.28018
0.32596
0.25134
0.20053
0.11838
0.0056763
-0.052216
-0.09314
-0.14322
-0.1759
-0.16028
-0.16919
-0.13672
-0.058716
-0.019257
0.034729
0.070282
0.073273
0.067596
0.063873
0.043213
0.0055847
-0.017548
-0.063782
-0.10312
-0.11844
-0.11307
-0.094208
-0.061218
-0.023407
-0.00030518
0.033661
0.060486
0.077698
0.09317
0.092346
0.06897
0.033539
0.0039062
-0.031494
-0.052673
-0.075775
-0.083038
-0.08963
-0.082092
-0.044128
-0.013824
0.031738
0.07486
0.103
0.11523
0.11584
0.10333
0.072876
0.053925
0.015289
-0.022827
-0.041107
-0.067322
-0.074768
-0.060089
-0.042053
-0.027008
-0.0095825
-0.00021362
-0.00018311
0.0083313
0.0033264
9.1553e-05
-0.0025024
-0.019562
-0.029999
-0.031158
-0.028748
-0.039581
-0.057251
-0.15469
-0.23233
-0.21878
-0.2113
-0.083832
0.066345
0.14917
0.215
0.27795
0.30322
0.30487
0.34354
0.27554
0.1777
0.083984
-0.060547
-0.15256
-0.18723
-0.20618
-0.2153
-0.17596
-0.14633
-0.11835
-0.031281
0.031097
0.082916
0.1265
0.12454
0.083862
0.042877
0.010773
-0.040466
-0.057678
-0.090515
-0.12576
-0.13287
-0.12204
-0.086548
-0.036835
0.029907
0.062317
0.085052
0.098785
0.08847
0.085785
0.070251
0.04071
0.0022278
-0.032867
-0.069244
-0.091125
-0.088348
-0.08725
-0.081268
-0.056671
-0.037781
-0.0066833
0.037872
0.076172
0.1058
0.12161
0.11719
0.092163
0.069824
0.03653
0.0027771
-0.02063
-0.048279
-0.068054
-0.066711
-0.053711
-0.035706
-0.0045776
0.018158
0.030151
0.041931
0.0354
0.014343
0.008606
-0.0028992
-0.028442
-0.039001
-0.046936
-0.047699
-0.036865
-0.021301
-0.019012
-0.071808
-0.1882
-0.22302
-0.23874
-0.20129
-0.034882
0.087494
0.16455
0.22833
0.26773
0.26276
0.29178
0.29822
0.21484
0.15115
0.035187
-0.090607
-0.14728
-0.17514
-0.17883
-0.15485
-0.11203
-0.094299
-0.048553
0.008667
0.034973
0.079559
0.089783
0.071106
0.041199
0.010651
-0.028259
-0.061676
-0.073914
-0.098724
-0.099152
-0.087708
-0.071075
-0.028748
0.0016174
0.038879
0.062439
0.074646
0.07666
0.064209
0.049072
0.019531
-0.0024109
-0.035065
-0.058319
-0.069061
-0.084045
-0.086639
-0.071686
-0.048676
-0.026672
0.014648
0.047974
0.074951
0.10156
0.11252
0.10498
0.08374
0.058899
0.020905
-0.00057983
-0.014893
-0.033295
-0.040924
-0.041779
-0.037781
-0.027374
-0.0057983
0.0047913
0.016602
0.026154
0.01825
0.012146
-0.0074158
-0.0224
-0.031921
-0.039459
-0.038208
-0.033112
-0.020935
-0.018433
0.0036621
-0.01889
-0.15347
-0.18408
-0.23062
-0.24951
-0.10559
0.017426
0.10638
0.19214
0.25809
0.23566
0.26938
0.28952
0.21075
0.18613
0.10413
-0.018372
-0.081177
-0.12079
-0.15036
-0.13315
-0.078918
-0.0755
-0.042908
-0.013153
-0.020721
0.00054932
0.013123
0.013672
0.0084229
0.012573
-0.027069
-0.052551
-0.049133
-0.068695
-0.052948
-0.034851
-0.028259
-0.026123
-0.010468
-0.0013733
0.0073242
0.045044
0.048218
0.058258
0.05304
0.023132
0.0038147
-0.020142
-0.038818
-0.055634
-0.055939
-0.056702
-0.04718
-0.022308
-0.0046997
0.023438
0.044678
0.062042
0.069794
0.073761
0.07196
0.05719
0.041687
0.018829
0.0014038
-0.0055847
-0.011627
-0.019653
-0.025726
-0.032928
-0.045929
-0.032532
-0.020569
-0.012268
-0.0022583
-0.0020447
-0.013397
-0.025665
-0.025482
-0.026733
-0.018066
-0.012787
-0.0093994
-0.0020142
0.0097961
0.024078
0.0021362
-0.041321
-0.088745
-0.1445
-0.15588
-0.10721
-0.046173
0.022858
0.096558
0.13113
0.15189
0.18118
0.18668
0.18292
0.17661
0.13229
0.075317
0.030884
-0.023834
-0.059845
-0.065735
-0.074249
-0.07663
-0.06781
-0.069855
-0.076447
-0.071503
-0.069122
-0.058838
-0.037079
-0.018494
-0.0034485
0.009491
0.011353
0.0083618
0.0098267
0.010101
0.0085449
0.0040283
-0.0038757
-0.014526
-0.022614
-0.022064
-0.019073
-0.0053406
0.0054016
0.010284
0.014252
0.0071106
0.0029907
-0.0033875
-0.0041199
-0.0022278
0.0046692
0.0090942
0.0072937
0.0062256
-0.00054932
0.0047913
0.016907
0.025879
0.031158
0.027466
0.013336
-0.00042725
-0.0066528
-0.0083313
-0.0057068
-0.0025024
-0.0027466
-0.0062256
-0.013916
-0.019775
-0.017944
-0.020935
-0.019562
-0.016663
-0.023865
-0.029694
-0.028381
-0.0224
-0.012299
0.006012
0.017456
0.029877
0.03949
0.039215
0.039398
0.033844
0.026794
0.017151
0.0097656
-0.0028687
-0.016327
-0.02301
-0.025238
-0.020416
-0.013245
0.00073242
0.0089111
0.0097656
0.014893
0.012878
0.01123
0.017273
0.019073
0.018707
0.017761
0.015167
0.011017
0.010925
0.01001
0.00030518
-0.0091248
-0.023468
-0.03241
-0.031281
-0.027069
-0.017639
-0.0081787
-3.0518e-05
0.0090332
0.014526
0.014984
0.016296
0.0083008
-0.00015259
-0.0090332
-0.016815
