-0.00018311
-0.00018311
-0.00067139
9.1553e-05
-0.00018311
-0.00042725
-3.0518e-05
0.00036621
0.0005188
-0.00039673
0.0005188
0.00012207
0.0010071
0.00015259
6.1035e-05
-0.00045776
-0.0014343
-0.00057983
-0.00015259
0.00085449
6.1035e-05
9.1553e-05
0.00015259
0.00018311
-0.00015259
-9.1553e-05
0.00018311
-0.00030518
-3.0518e-05
-0.00012207
0.00048828
0.00036621
0.00024414
0.00015259
6.1035e-05
0
-3.0518e-05
0.00012207
-0.00018311
-0.00027466
-0.00054932
-0.00039673
-0.00064087
-9.1553e-05
-0.00030518
-0.00064087
-0.00042725
-0.00048828
-0.00015259
-0.00033569
-0.00033569
-0.00015259
0.00024414
0.00018311
9.1553e-05
0.00061035
0.00054932
0.00054932
0.00036621
0.00094604
-3.0518e-05
-0.00042725
0.00030518
-0.00015259
-6.1035e-05
0.00024414
0.00054932
0.00061035
-0.00030518
-0.00064087
0.0010681
0.0007019
-0.00024414
-0.00048828
0.00033569
0.00030518
-0.0012207
-0.0054626
-0.0023804
0.0068665
-0.041901
0.0097351
0.032867
-0.026215
0.027557
0.02597
-0.0068359
0.0050964
0.013702
0
-0.0010681
-0.0047302
-0.010132
-0.0045776
-3.0518e-05
-0.012451
-0.0097046
-0.017303
-0.0025635
-0.035797
-0.054199
0.036407
-0.019592
-0.0067139
0.060913
0.04306
0.041229
0.038666
0.03479
0.015381
-0.0030212
-0.0075073
-0.01239
-0.025299
-0.029694
-0.05127
-0.058624
-0.034393
-0.025146
-0.0083618
0.017303
0.028442
0.029633
0.028137
0.010406
0.020691
0.0069275
-0.0036926
-0.00076294
-0.0050964
-0.0035706
-0.0046082
-0.0071411
-0.006012
0.0039978
0.0028381
0.0084534
0.0090942
0.0071716
0.0046082
-0.0039368
-0.0099182
-0.0059814
-0.0090332
-0.014618
-0.014465
-0.0090637
-0.0081177
-0.0066223
0.0022583
0.0069275
0.014954
0.017731
0.019714
0.02417
0.021667
0.016571
0.012268
0.012848
0.0074768
6.1035e-05
-0.002655
-0.0081177
-0.011963
-0.014893
-0.016083
-0.010773
-0.01181
-0.010986
-0.002594
0.0024109
0.0047302
0.0059509
0.0057678
0.0057983
0.0045776
-0.0021667
-0.0058289
-0.01178
-0.020172
-0.016754
-0.01593
-0.012451
-0.0084534
-0.0081787
-0.0053711
0.0054321
0.010437
-0.032013
-0.058746
-0.063751
-0.088684
-0.062927
-0.015472
-0.017334
0.00085449
0.038574
0.058289
0.10147
0.14801
0.13065
0.11536
0.11462
0.075806
0.06427
0.052216
-0.0016479
-0.038452
-0.061737
-0.091156
-0.09375
-0.076294
-0.084717
-0.082947
-0.058228
-0.045715
-0.012177
0.024384
0.034149
0.039551
0.041321
0.029633
0.023743
0.02597
0.0090027
-0.010864
-0.022491
-0.040985
-0.04541
-0.035461
-0.032135
-0.024353
-0.012207
-0.008606
0.00091553
0.020874
0.021851
0.017395
0.021332
0.0018616
-0.0072937
0.0042419
0.0019836
0.0016785
0.010162
0.0054626
0.0072327
0.021881
0.02356
0.023193
0.027252
0.017578
0.0097046
0.017456
0.017029
0.013336
0.01355
0.004425
-0.0042114
-0.0045776
-0.010986
-0.015381
-0.008606
-0.021057
-0.027008
-0.017273
-0.018036
-0.0177
-0.0081482
-0.013824
-0.022217
-0.01474
-0.025269
-0.01239
-0.042908
-0.14465
-0.14645
-0.1619
-0.15466
-0.034027
0.033966
0.050812
0.12152
0.16956
0.19363
0.25473
0.27179
0.19031
0.14328
0.082916
-0.008667
-0.028839
-0.063049
-0.12372
-0.14883
-0.15201
-0.1488
-0.098083
-0.028809
-0.0063477
0.022552
0.048309
0.038971
0.05545
0.072418
0.048523
0.012482
-0.021484
-0.068726
-0.091614
-0.079407
-0.074677
-0.068726
-0.0448
-0.038116
-0.016174
0.028992
0.060974
0.075348
0.078369
0.058868
0.028381
0.013977
-0.0089722
-0.033417
-0.03952
-0.052795
-0.060883
-0.039154
-0.016022
0.0061646
0.037537
0.049683
0.051849
0.061127
0.057251
0.046143
0.041016
0.024994
0.0060425
-0.0018005
-0.013763
-0.026123
-0.029083
-0.032745
-0.034241
-0.026703
-0.022034
-0.018158
-0.011444
-0.0056152
-0.0019836
0.0022583
6.1035e-05
-0.01059
-0.01886
-0.015594
-0.019897
-0.0072327
-0.014618
-0.13269
-0.17123
-0.17023
-0.1875
-0.070557
0.053314
0.073425
0.13126
0.20135
0.21317
0.25223
0.29639
0.22281
0.13474
0.080383
-0.026855
-0.082367
-0.089172
-0.13541
-0.16171
-0.14413
-0.13516
-0.10464
-0.020508
0.026886
0.045441
0.075531
0.062714
0.038513
0.039368
0.024506
-0.011566
-0.038055
-0.076294
-0.11197
-0.10345
-0.078796
-0.059204
-0.023407
0.0035706
0.007782
0.029694
0.063263
0.079468
0.084778
0.073975
0.032837
-0.0074463
-0.025574
-0.038849
-0.047333
-0.042664
-0.050262
-0.049316
-0.025391
0.0028687
0.031616
0.060303
0.067719
0.058746
0.053284
0.042969
0.033813
0.026642
0.0095825
-0.0097961
-0.020355
-0.029816
-0.033356
-0.026093
-0.021759
-0.022308
-0.02298
-0.015839
-0.013306
-0.0065002
0
-0.0091553
-0.017365
-0.017761
-0.020782
-0.00067139
-0.005127
-0.1427
-0.1871
-0.19034
-0.22638
-0.089203
0.049713
0.074341
0.14252
0.21292
0.21857
0.25952
0.31583
0.2359
0.15479
0.10229
-0.028076
-0.08252
-0.085724
-0.13348
-0.15155
-0.13174
-0.1264
-0.10361
-0.020386
0.018494
0.037598
0.073212
0.05127
0.028717
0.031219
0.0057068
-0.03186
-0.050171
-0.07785
-0.11111
-0.099121
-0.071777
-0.054047
-0.010559
0.016815
0.026581
0.049805
0.070312
0.067474
0.062897
0.055725
0.018494
-0.01181
-0.024475
-0.046082
-0.047607
-0.036346
-0.035034
-0.018951
-0.002655
0.0082092
0.025879
0.042236
0.051147
0.057312
0.053192
0.034943
0.020172
0.0076599
0.0028992
0.0027771
-0.0039062
-0.020752
-0.033966
-0.041992
-0.044861
-0.032532
-0.020294
-0.015472
-0.011749
-0.0075989
-0.0057678
-0.00027466
0.0081482
0.0084839
0.025208
-0.062225
-0.1825
-0.18378
-0.23297
-0.18863
-0.019928
0.050232
0.099976
0.17297
0.19922
0.21243
0.27817
0.27866
0.19678
0.16248
0.067596
-0.035919
-0.056213
-0.091949
-0.12558
-0.12219
-0.11429
-0.11948
-0.085602
-0.031097
-0.020233
0.015808
0.037323
0.022949
0.023346
0.020355
-0.00012207
-0.022583
-0.033264
-0.057739
-0.076294
-0.072052
-0.066437
-0.044922
-0.012299
0.0060425
0.020294
0.03894
0.049835
0.048859
0.055054
0.046997
0.0224
0.0039062
-0.014404
-0.029938
-0.029358
-0.023621
-0.016479
-0.0055847
0.0059509
0.0079041
0.015503
0.025665
0.026245
0.030121
0.031952
0.02533
0.016693
0.013184
0.0061951
-0.00061035
-0.0053101
-0.019165
-0.031219
-0.036438
-0.041962
-0.036499
-0.025085
-0.024261
-0.022766
-0.014496
-0.0046692
0.0058594
0.02182
0.032928
-0.026855
-0.090179
-0.11768
-0.16144
-0.13486
-0.052551
-0.0018616
0.052338
0.10052
0.11911
0.13559
0.17511
0.18817
0.17621
0.17883
0.13144
0.073242
0.040527
-0.0054932
-0.039001
-0.056641
-0.070435
-0.090088
-0.099304
-0.0979
-0.10712
-0.089661
-0.069977
-0.051941
-0.021423
-0.0058899
0.0018311
0.0020447
0.0046082
0.0064392
0.004364
0.0079041
0.0033569
-0.0064697
-0.014679
-0.022827
-0.026215
-0.02063
-0.0087585
-0.0012512
0.0050354
0.01358
0.013641
0.016663
0.023102
0.024567
0.024963
0.021667
0.014618
0.0064087
0.0038452
0.0058289
0.0085449
0.011566
0.012177
0.0070496
0.00064087
-0.0035706
-0.0074158
-0.0084839
-0.0070496
-0.0072327
-0.011932
-0.015961
-0.020874
-0.021362
-0.018799
-0.016663
-0.012177
-0.010651
-0.006012
-0.0018616
0.0021057
0.0091553
0.0080872
0.0055847
0.0089417
0.002594
-0.0014648
0.0019531
-0.0010071
-0.0015259
0.0055847
0.007782
0.012329
0.017151
0.014008
0.0090637
0.0096436
0.011383
0.012543
0.022125
0.026917
0.026764
0.027435
0.02359
0.019867
0.015381
0.013092
0.010864
0.0095825
0.008667
0.0021667
-0.0091858
-0.019226
-0.024414
-0.029419
-0.030365
-0.03009
-0.033722
-0.036316
-0.033203
-0.029144
-0.024689
-0.016663
-0.013458
-0.012604
-0.0073242
-0.0025635
0.0022583
0.007843
0.01123
0.013062
0.014038
