0.00024414
0.00057983
-0.00033569
-0.00076294
0.00079346
-3.0518e-05
0.0010986
-0.00033569
0.00036621
-0.00048828
0.00067139
0.00018311
-9.1553e-05
9.1553e-05
-0.0007019
0.0010681
-0.0010681
0.00018311
-0.0010986
0.00015259
0.00033569
-0.00088501
-0.00036621
-0.00067139
0.00036621
-0.00076294
-0.00064087
-0.00054932
3.0518e-05
-0.00015259
-0.00061035
6.1035e-05
-0.00042725
-0.00015259
-0.00021362
3.0518e-05
-0.00027466
0.00042725
0.00030518
-0.00012207
-0.00012207
-0.00079346
0.00042725
0.00097656
-0.00018311
0.0014343
-0.0005188
0.00076294
0.00030518
-0.00045776
0.00030518
-0.00030518
0.00024414
0.00027466
0.00033569
-3.0518e-05
0.00073242
0.0014954
0.0020142
0.00021362
-0.00033569
-0.00057983
-0.0016479
-0.0053101
-0.00067139
0.0024414
-0.032227
0.01767
0.01239
-0.011658
0.019806
0.012054
-0.00073242
0.003479
0.0092468
-0.0010071
-0.0045776
-0.0038452
-0.0059509
-0.0037537
-0.0028076
-0.0069275
-0.0042114
-0.0076904
-0.0031433
0.00042725
-0.0029602
0.0039062
-0.00024414
0.0029297
0.00036621
0.0046082
-0.0029297
-0.00012207
0.0087891
0.0039368
0.011902
0.0058594
0.0094604
-0.0072327
-0.061676
-0.0052795
0.0044556
-0.0031433
0.036774
0.027496
0.0051575
0.012268
0.012939
-0.0070801
-0.012695
-0.024414
-0.022003
0.0031433
0.011627
0.01535
0.012665
-0.003479
-0.0038147
0.0011292
-0.0072632
-0.0096741
-0.0080261
-0.015411
-0.013
-0.008667
-0.0071716
-0.0031738
0.0010986
-0.0061646
0.0053101
-0.0098877
-0.019989
-0.00082397
-0.0046997
0.0019226
0.017426
0.023651
0.022034
0.037445
0.028473
-0.00354
0.011841
0.0033875
-0.00024414
0.007843
0.006012
0.0054016
0.0039673
0.0072021
0.0093384
-0.0030212
-0.019379
-0.017059
-0.015503
-0.014648
-0.013733
-0.011078
-0.021301
-0.0095215
0.0013123
0.0062866
0.017975
0.011292
0.0058289
0.008667
0.015442
0.0046387
0.012421
0.0065308
-0.0010376
-0.0036011
-0.0071716
-0.010834
-0.010834
-0.016815
-0.021606
-0.018799
-0.023743
-0.012451
-0.0041504
0
0.01535
0.019836
-0.054443
-0.063995
-0.092194
-0.11041
-0.068085
-0.030365
-0.03009
0.0031738
0.041992
0.061401
0.13901
0.16992
0.15784
0.14926
0.1301
0.087982
0.085724
0.056122
6.1035e-05
-0.035004
-0.079437
-0.11078
-0.10928
-0.095673
-0.1073
-0.085327
-0.079651
-0.063354
-0.01651
0.020569
0.04068
0.059814
0.055145
0.035553
0.036469
0.028778
0.016205
0.0032959
-0.021606
-0.050293
-0.053192
-0.053833
-0.044525
-0.02533
-0.022858
-0.025787
-0.026276
-0.012634
0.0038452
0.025269
0.042236
0.045837
0.039703
0.035095
0.036713
0.036957
0.034271
0.021118
0.0023499
-0.0088196
-0.012939
-0.0050354
0.0063477
0.010559
0.014496
0.017761
0.022247
0.022858
0.022614
0.01416
0.00064087
-0.010345
-0.025909
-0.037109
-0.040741
-0.047638
-0.048248
-0.041351
-0.046783
-0.041901
-0.073181
-0.18295
-0.1806
-0.19992
-0.1727
-0.036621
0.05365
0.087067
0.15384
0.21442
0.22159
0.30402
0.30942
0.23773
0.18222
0.094696
-0.0048828
-0.040405
-0.07431
-0.1438
-0.15616
-0.17651
-0.18491
-0.13187
-0.063141
-0.02179
0.033813
0.056274
0.049591
0.072327
0.079803
0.067627
0.043793
0.0028992
-0.063049
-0.098389
-0.10898
-0.11169
-0.088837
-0.065918
-0.05307
-0.03064
0.010864
0.04538
0.081085
0.10339
0.08905
0.068207
0.041931
0.011932
-0.013336
-0.038574
-0.073639
-0.089661
-0.087585
-0.071716
-0.030426
0.0056152
0.035522
0.065704
0.087219
0.095642
0.10327
0.091644
0.066132
0.046204
0.016846
-0.0074768
-0.023712
-0.041626
-0.053223
-0.048065
-0.040619
-0.031738
-0.024933
-0.02179
-0.014648
-0.0098572
-0.0086975
-0.0045776
0.0019226
0.0034485
-0.0065002
-0.016663
-0.077179
-0.22177
-0.24289
-0.26587
-0.24338
-0.08429
0.030029
0.088989
0.1795
0.2645
0.28217
0.36414
0.38388
0.29626
0.22876
0.12079
-0.010437
-0.074432
-0.11935
-0.18854
-0.20111
-0.19989
-0.20523
-0.14984
-0.071655
-0.020752
0.048096
0.090118
0.085907
0.088196
0.077484
0.048584
0.018585
-0.013947
-0.071259
-0.11029
-0.12488
-0.13223
-0.1084
-0.067322
-0.029083
0.0026245
0.038239
0.065704
0.08902
0.10773
0.099579
0.073639
0.040192
0.0010376
-0.034912
-0.052429
-0.067078
-0.080475
-0.084961
-0.083984
-0.067261
-0.032715
0.02182
0.069366
0.10141
0.11084
0.10284
0.098358
0.085999
0.069763
0.037689
-0.0020752
-0.043182
-0.070404
-0.075195
-0.067749
-0.048645
-0.030792
-0.015747
-0.0012817
0.01123
0.015778
0.022369
0.015961
0.0013733
-0.0068665
-0.012665
-0.0091858
-0.016541
-0.019867
-0.084595
-0.22336
-0.24777
-0.28662
-0.24799
-0.07309
0.056
0.1348
0.22574
0.28528
0.2789
0.34653
0.35291
0.26901
0.2074
0.09079
-0.048553
-0.11792
-0.16327
-0.20679
-0.19324
-0.17371
-0.17596
-0.12616
-0.058014
-0.011719
0.066345
0.10965
0.1055
0.097321
0.071045
0.026245
-0.0015564
-0.023193
-0.065247
-0.091339
-0.11221
-0.12686
-0.10199
-0.060669
-0.018707
0.020508
0.054932
0.065918
0.075531
0.082916
0.071533
0.059601
0.037567
0.0024719
-0.032684
-0.05307
-0.074921
-0.088654
-0.083374
-0.083923
-0.068787
-0.027649
0.0081787
0.043427
0.088959
0.10684
0.10742
0.11011
0.087616
0.063416
0.044006
0.010254
-0.025513
-0.044189
-0.057709
-0.058868
-0.042206
-0.033661
-0.022949
-0.0061035
0.005188
0.0082092
0.012299
0.0089417
0.00091553
-0.0014648
-0.0056152
0.0043335
0.0099182
0.0079041
0.0092163
-0.10806
-0.2037
-0.23361
-0.29465
-0.20776
-0.060791
0.024139
0.10812
0.19809
0.2121
0.2283
0.30252
0.28113
0.25378
0.22739
0.11325
0.017365
-0.045624
-0.11594
-0.14948
-0.14127
-0.14993
-0.15488
-0.11737
-0.10321
-0.072205
-0.014404
0.015259
0.040741
0.061279
0.059998
0.042542
0.034119
0.015381
-0.010345
-0.018433
-0.034821
-0.048889
-0.051483
-0.052216
-0.050964
-0.038116
-0.019409
-0.0081482
0.015076
0.026428
0.029266
0.036194
0.029724
0.025818
0.020691
0.006073
-0.013153
-0.026245
-0.037567
-0.036865
-0.023163
-0.016754
-0.0021667
0.015167
0.028351
0.039124
0.053467
0.053925
0.050232
0.05304
0.041962
0.028961
0.012726
-0.007782
-0.025177
-0.032227
-0.036713
-0.035828
-0.022797
-0.019836
-0.017303
-0.014526
-0.015228
-0.012573
-0.0044556
0.00021362
3.0518e-05
0.0089417
0.011353
0.018463
0.033478
-0.026978
-0.076813
-0.11615
-0.18884
-0.16888
-0.10983
-0.061005
0.0044556
0.070038
0.0896
0.10315
0.15164
0.15671
0.18011
0.2106
0.18564
0.1546
0.10812
0.045441
-0.0050964
-0.031403
-0.055328
-0.078491
-0.087738
-0.11273
-0.13086
-0.13422
-0.13583
-0.11865
-0.083221
-0.041534
-0.011383
0.016663
0.036621
0.03595
0.04361
0.046295
0.043121
0.041534
0.034576
0.015778
-0.0014343
-0.010803
-0.021179
-0.016479
-0.0066223
-0.0051575
-0.0041809
-0.0053101
-0.012604
-0.018219
-0.015564
-0.012787
-0.0059814
0.0033569
0.0076904
0.0075989
0.0054321
0.00057983
0.0037537
0.0097046
0.013947
0.021851
0.021667
0.018616
0.014862
0.010529
0.0065918
0.0079041
0.0083923
0.0060425
0.0010681
-0.006073
-0.0097351
-0.011993
-0.01178
-0.011597
-0.017181
-0.026245
-0.030762
-0.035431
-0.029694
-0.019684
-0.0056152
0.0074463
0.015198
0.019928
0.022278
0.031555
0.036133
0.038849
0.03714
0.02066
0.003479
-0.0075989
-0.019745
-0.026215
-0.02829
-0.031586
-0.028595
-0.024811
-0.022491
-0.014893
-0.0088806
-0.0018616
0.0089111
0.018341
0.023987
0.030853
0.035065
0.034485
0.034973
0.029144
0.020813
0.013458
0.0033264
-0.0064697
-0.012939
-0.016174
-0.012299
-0.0063171
0.00057983
0.0080566
0.010376
0.0085754
0.0033569
-0.0020752
-0.0036011
-0.0046082
-0.0070496
-0.0091858
-0.014038
-0.018433
-0.026764
-0.030792
-0.031128
-0.029633
