6294
6182
4267
5011
5563
58258
51700
59893
41005
53946
182406
234709
179312
158242
175273
407703
332804
546109
479279
406185
898925
556923
539720
744290
585312
8
826
27
480
50
24243
26045
33024
22215
19490
108797
182041
91982
151870
129912
462724
425947
320605
360551
306281
829880
623357
749001
656713
599271
0
0
0
0
0
9478
11539
17169
8156
19912
87980
88101
97535
101572
56916
244066
401461
399212
309579
222810
640872
611420
623441
584631
575283
0
0
0
0
0
1498
317
1246
136
284
69295
84508
56011
55372
75668
248813
311151
326525
275222
316878
495516
637082
680273
622491
449742
0
0
0
0
0
0
1198
0
232
0
159297
174915
91749
168547
70573
370755
324572
246426
293736
267478
471240
570493
397235
431357
560796
