6567
6927
4779
5380
5814
61878
52950
62660
43522
56512
187656
239315
184232
161360
177762
411104
340784
549161
487012
418985
898935
556923
539740
744290
585306
8
926
27
480
50
26175
26381
33787
23658
20060
113512
186707
96964
158369
135666
462699
427620
323274
360587
306419
829927
623435
749127
656749
599406
0
0
0
0
0
10431
13140
19002
11111
20792
91514
95740
97849
102214
61506
244200
401554
399264
311334
222810
640902
611508
623522
584711
575391
0
0
0
0
0
1400
317
1148
136
284
70719
85178
58309
60841
75446
248953
311764
327201
275101
317124
495552
637141
680344
622532
449901
0
0
0
0
0
0
1430
0
232
0
161033
175043
92533
168740
72347
371214
324547
246511
293720
267644
471413
570694
397241
431396
561840
