7587
8218
5023
8292
6744
66967
60369
66888
48317
58714
195706
252810
197003
165255
184241
419256
342027
557600
483325
418509
899112
556923
539740
744290
585306
8
2110
1547
763
50
28643
36606
46076
26672
25103
135619
212317
107396
168271
148849
465434
433396
325864
374667
317241
830023
623638
749127
656804
599555
0
0
0
0
0
13133
26474
23318
12714
32994
93176
102907
104688
121748
79874
245077
403031
400874
316070
228898
641232
611427
623465
584711
575391
0
0
0
0
0
4155
317
5576
1867
2651
87739
90551
64444
66457
77690
251344
312188
327455
280313
320794
495549
637235
680344
623033
450333
0
0
0
0
0
0
2059
0
971
0
163795
180994
99176
168924
74049
371343
326633
247346
295334
268121
471916
570974
399396
432109
561319
