6426
6182
4267
5011
5563
58710
51700
60450
41492
54054
184910
236598
182311
158325
174352
409004
332804
548046
479792
406367
898994
556937
539906
744322
585306
8
1023
27
847
50
24669
26045
33787
24027
19821
114488
187771
91482
157441
131181
464874
428335
321510
362654
306859
830072
623577
749059
657148
599271
0
0
0
0
0
9730
15070
18010
8174
27300
87592
91839
102875
102593
61709
244742
401883
401293
310231
224359
640990
611453
623463
584635
575350
0
0
0
0
0
2167
317
2445
356
341
74602
86476
57998
56722
76243
249074
313071
327151
275924
318081
496980
637034
680447
622916
450130
0
0
0
0
0
0
1198
0
516
0
160840
177527
95171
168798
71405
371015
326377
246558
294305
267804
471965
570459
398129
431601
561662
