7587
8022
5219
8292
7173
66967
61693
64917
48317
58714
195706
252810
197003
165255
183580
423424
338349
557600
483325
418509
899112
556923
539725
744516
585306
8
2110
1547
763
50
28643
33672
43917
26672
25103
135619
210539
105496
168271
148849
475979
433396
325864
374622
317241
830023
623535
749127
656804
599493
0
0
0
0
0
13133
26474
23318
9587
32994
93176
110729
101266
116647
72042
244757
404707
400360
315410
228898
641490
611446
623465
584772
575992
0
0
0
0
0
4155
317
5576
1867
2651
81035
90551
63661
66457
83154
250575
312125
328718
276399
321253
495549
637158
681292
622648
450263
0
0
0
0
0
0
2059
0
971
0
170661
181877
99176
169056
74049
371938
326066
248939
295421
268068
471916
570665
397343
432062
561319
