7587
8218
5219
8292
7173
68115
57181
66078
48317
58714
195706
254431
197003
165255
184241
421247
342027
557600
483339
413900
899112
556923
539740
744294
585306
932
2110
1547
763
498
28643
36606
42325
24702
25103
133826
202873
100071
176996
148849
472915
432376
325864
374732
317241
830035
624064
749127
656804
600128
1696
0
0
46
323
13133
26474
23318
12714
32994
93169
97878
101266
121748
79874
244735
404363
401372
315410
224795
640902
611427
623465
584812
575391
121
351
2728
208
0
4155
1344
5576
1867
2935
81078
90584
62423
66457
77755
249399
312188
327410
280313
321253
495549
637902
680920
623033
450840
31
0
1030
76
93
1052
2557
2581
2792
2803
168820
180994
99176
170668
74049
371345
327472
247404
295359
268121
474650
573805
397343
432268
561319
