6850
7771
5663
7894
7038
59709
52760
65554
44648
56998
194323
245907
185794
165759
183189
410967
336817
553999
483244
415573
898925
557153
539850
744291
585343
8
1781
27
1810
50
26152
39446
42836
24324
24786
123649
191298
98465
168271
149812
464738
434270
326766
370414
317105
830959
623434
750092
656784
599691
0
0
0
0
0
12463
26474
24833
11251
29424
93708
94798
110740
121748
73326
245040
408237
402249
317603
226809
641451
612292
623847
586395
575855
0
0
0
0
0
2470
317
4208
136
284
91555
95067
64747
60144
77841
254277
314960
332937
280718
323166
496370
637301
680577
622870
450438
0
0
0
0
0
0
2783
0
232
0
168839
182541
106961
178167
80070
380980
327033
255781
299076
272120
478245
571516
400551
433430
564780
