ID    Dist Tree     BLEU Score    Lemma-Pos     Dist Lemma    Dist Word 
--    ----------    ----------    ----------    ----------    ----------
1:    2.76923077    0.06666667    0.30769231    0.20000000    0.30769231
2:    1.38461538    0.38611111    0.84615385    0.70000000    0.84615385
3:    3.15384615    0.50648148    0.69230769    0.70000000    0.69230769
4:    3.87500000    0.77447552    0.81250000    0.84615385    0.81250000
5:    1.93750000    0.32342657    0.62500000    0.53846154    0.62500000
6:    2.08333333    0.68888889    0.91666667    0.80000000    0.91666667
7:    3.18181818    0.34523810    0.81818182    0.75000000    0.90909091
8:    2.17647059    0.41605617    0.64705882    0.64285714    0.70588235
9:    2.07142857    0.47340067    0.92857143    0.90909091    0.92857143
10:    1.31250000    0.34393939    0.75000000    0.75000000    0.75000000
11:    3.00000000    0.52116402    0.83333333    0.77777778    0.83333333
12:    2.33333333    0.23333333    0.66666667    0.50000000    0.66666667
13:    3.69230769    0.41944444    0.76923077    0.70000000    0.76923077
14:    1.38095238    0.25262515    0.42857143    0.46666667    0.42857143
15:    3.46153846    0.10000000    0.38461538    0.30000000    0.38461538
16:    1.36363636    0.12500000    0.54545455    0.25000000    0.63636364
17:    1.86666667    0.68989899    0.73333333    0.83333333    0.73333333
18:    2.30000000    0.41587302    0.80000000    0.71428571    0.80000000
19:    2.38461538    0.10000000    0.38461538    0.30000000    0.38461538
20:    2.40000000    0.19047619    0.70000000    0.57142857    0.70000000
21:    1.11111111    0.22380952    0.55555556    0.53333333    0.55555556
22:    1.18750000    0.40248640    0.68750000    0.69230769    0.68750000
23:    3.44444444    0.35555556    0.77777778    0.66666667    0.77777778
24:    4.50000000    0.46349206    0.90000000    0.85714286    1.00000000
25:    5.90909091    0.33928571    0.72727273    0.75000000    0.72727273
26:    0.69230769    0.53752437    0.61538462    0.70000000    0.61538462
27:    2.58333333    0.72619048    1.00000000    1.00000000    1.00000000
28:    1.81250000    0.62878788    0.81250000    0.75000000    0.81250000
29:    1.76190476    0.19027778    0.57142857    0.37500000    0.61904762
30:    3.12500000    0.20000000    0.62500000    0.60000000    0.62500000
31:    5.80000000    0.41587302    0.80000000    0.71428571    0.80000000
32:    3.25000000    0.22685185    0.75000000    0.44444444    0.75000000
33:    2.30000000    0.29365079    0.80000000    0.71428571    0.80000000
34:    3.71428571    0.72154882    0.85714286    0.90909091    0.92857143
35:    6.70000000    0.81111111    1.00000000    1.00000000    1.00000000
36:    1.81818182    0.89682540    1.00000000    1.00000000    1.00000000
37:    2.52941176    0.31318681    0.70588235    0.78571429    0.76470588
38:    1.81818182    0.59325397    0.90909091    0.87500000    0.90909091
39:    1.45454545    0.25575397    0.63636364    0.56250000    0.63636364
40:    3.40000000    0.14285714    0.40000000    0.42857143    0.40000000
41:    5.16666667    0.20000000    0.66666667    0.60000000    0.66666667
42:    3.06250000    0.37946128    0.50000000    0.54545455    0.50000000
43:    2.90000000    0.34920635    0.60000000    0.71428571    0.70000000
44:    4.35714286    0.58080808    0.92857143    0.81818182    0.92857143
45:    3.18181818    0.34259259    0.81818182    0.77777778    0.81818182
46:    4.07692308    0.49814815    0.76923077    0.70000000    0.84615385
47:    2.10000000    0.75555556    1.00000000    1.00000000    1.00000000
48:    1.88888889    0.46666667    0.88888889    1.00000000    0.88888889
49:    2.90000000    0.29365079    0.70000000    0.57142857    0.80000000
50:    2.78947368    0.52106227    0.94736842    0.92857143    0.94736842
51:    4.40000000    0.46349206    0.80000000    0.71428571    0.90000000
52:    4.12500000    0.20000000    0.75000000    0.60000000    0.75000000
53:    2.69230769    0.53981481    0.84615385    0.80000000    0.84615385
54:    1.60000000    0.58571429    1.00000000    0.71428571    1.00000000
55:    1.29411765    0.42185592    0.70588235    0.71428571    0.70588235
56:    1.21428571    0.44983165    0.78571429    0.72727273    0.85714286
57:    0.94285714    0.16819923    0.45714286    0.36666667    0.45714286
58:    3.00000000    0.34920635    0.80000000    0.71428571    0.80000000
59:    3.18181818    0.79365079    1.00000000    1.00000000    1.00000000
60:    3.42857143    0.57685185    0.85714286    0.80000000    0.85714286
61:    2.23076923    0.57685185    0.92307692    0.80000000    0.92307692
62:    5.00000000    0.20000000    0.50000000    0.40000000    0.50000000
63:    4.00000000    0.29365079    0.80000000    0.71428571    0.80000000
64:    2.09090909    0.64880952    1.00000000    0.87500000    1.00000000
65:    1.50000000    0.20000000    0.62500000    0.40000000    0.75000000
66:    3.75000000    0.13333333    0.62500000    0.40000000    0.62500000
67:    1.00000000    0.31582492    0.53333333    0.63636364    0.53333333
68:    2.77777778    0.70000000    1.00000000    1.00000000    1.00000000
69:    0.70000000    0.12184343    0.37500000    0.30303030    0.37500000
70:    1.90909091    0.21428571    0.54545455    0.37500000    0.72727273
71:    1.90909091    0.33928571    0.90909091    0.87500000    0.90909091
72:    1.50000000    0.35317460    0.75000000    0.55555556    0.75000000
73:    1.14285714    0.36429739    0.76190476    0.64705882    0.80952381
74:    3.20000000    0.09523810    0.50000000    0.28571429    0.50000000
75:    4.33333333    0.52116402    0.83333333    0.77777778    0.83333333
76:    2.41176471    0.57631258    1.00000000    0.85714286    1.00000000
77:    3.66666667    0.26388889    0.83333333    0.66666667    0.83333333
78:    4.00000000    0.23333333    0.66666667    0.50000000    0.66666667
79:    3.20000000    0.19047619    0.70000000    0.57142857    0.80000000
80:    2.72727273    0.64087302    0.81818182    0.87500000    0.90909091
81:    0.73913043    0.58927875    0.78260870    0.80000000    0.82608696
82:    0.51351351    0.25242862    0.43243243    0.41935484    0.43243243
83:    2.21052632    0.16666667    0.52631579    0.43750000    0.52631579
84:    1.25000000    0.53496503    0.93750000    0.92307692    0.93750000
85:    6.00000000    0.29365079    0.70000000    0.71428571    0.80000000
86:    1.16129032    0.20714286    0.41935484    0.52380952    0.48387097
87:    4.18181818    0.31746032    0.63636364    0.50000000    0.63636364
88:    2.91666667    0.60582011    0.83333333    0.88888889    0.91666667
89:    1.84210526    0.27361111    0.68421053    0.68750000    0.68421053
90:    3.33333333    0.18981481    0.50000000    0.44444444    0.50000000
91:    4.18181818    0.25595238    0.54545455    0.62500000    0.63636364
92:    2.05000000    0.55647131    0.70000000    0.71428571    0.70000000
93:    2.38461538    0.41944444    0.84615385    0.80000000    0.84615385
94:    3.62500000    0.13333333    0.62500000    0.40000000    0.62500000
95:    0.71428571    0.55723906    0.78571429    0.72727273    0.85714286
96:    2.80000000    0.14285714    0.40000000    0.42857143    0.40000000
97:    1.38461538    0.35277778    0.61538462    0.60000000    0.69230769
98:    1.66666667    0.31613757    0.66666667    0.55555556    0.66666667
99:    4.55555556    0.11111111    0.44444444    0.33333333    0.44444444
100:    2.53333333    0.33838384    0.66666667    0.83333333    0.73333333
101:    2.25000000    0.52116402    0.66666667    0.66666667    0.75000000
102:    7.11111111    0.27777778    0.88888889    0.83333333    1.00000000
103:    4.62500000    0.06666667    0.50000000    0.20000000    0.50000000
104:    3.92307692    0.38611111    0.76923077    0.70000000    0.84615385
105:    1.33333333    0.08333333    0.40000000    0.25000000    0.40000000
106:    3.33333333    0.40000000    0.88888889    1.00000000    0.88888889
107:    4.88888889    0.34444444    0.77777778    0.83333333    0.77777778
108:    2.33333333    0.52116402    0.83333333    0.77777778    0.83333333
109:    1.00000000    0.61315013    0.80769231    0.91304348    0.80769231
110:    3.60000000    0.41587302    0.70000000    0.57142857    0.80000000
111:    1.81818182    0.64880952    1.00000000    0.75000000    1.00000000
112:    3.80000000    0.63333333    1.00000000    0.85714286    1.00000000
113:    0.88888889    0.20175439    0.48148148    0.50000000    0.51851852
114:    1.25000000    0.26388889    0.66666667    0.55555556    0.66666667
115:    1.75000000    0.52116402    0.91666667    0.77777778    0.91666667
116:    1.00000000    0.41587302    0.70000000    0.57142857    0.80000000
117:    1.61904762    0.20158730    0.52380952    0.46666667    0.57142857
118:    1.66666667    0.55067155    0.72222222    0.85714286    0.83333333
119:    2.63636364    0.59325397    0.90909091    0.87500000    0.90909091
120:    4.66666667    0.23333333    0.77777778    0.50000000    0.77777778
121:    2.87500000    0.26666667    0.75000000    0.80000000    0.75000000
122:    1.10000000    0.19047619    0.60000000    0.57142857    0.60000000
123:    1.44444444    0.63479853    0.66666667    0.80000000    0.66666667
124:    1.28571429    0.26284585    0.71428571    0.65217391    0.71428571
125:    4.91666667    0.55820106    0.75000000    0.77777778    0.75000000
126:    1.78571429    0.22685185    0.71428571    0.55555556    0.71428571
127:    3.81818182    0.40079365    0.63636364    0.75000000    0.72727273
128:    0.85365854    0.44750870    0.68292683    0.65714286    0.68292683
129:    0.69230769    0.30740741    0.69230769    0.70000000    0.69230769
130:    3.78571429    0.25595238    0.71428571    0.62500000    0.78571429
131:    0.92857143    0.19286616    0.45238095    0.48484848    0.52380952
132:    2.46153846    0.68888889    0.92307692    0.90000000    0.92307692
133:    1.59090909    0.32381608    0.54545455    0.63157895    0.54545455
134:    1.25000000    0.26851852    0.66666667    0.55555556    0.66666667
135:    0.50000000    0.44983165    0.78571429    0.72727273    0.78571429
136:    2.10000000    0.39682540    0.80000000    0.85714286    0.90000000
137:    2.00000000    0.35912698    0.63636364    0.50000000    0.63636364
138:    2.11111111    0.28888889    0.88888889    0.50000000    0.88888889
139:    1.66666667    0.41477411    0.83333333    0.73333333    0.83333333
140:    3.83333333    0.04166667    0.41666667    0.12500000    0.41666667
141:    3.70000000    0.14285714    0.50000000    0.42857143    0.50000000
142:    2.38461538    0.50648148    0.76923077    0.70000000    0.84615385
143:    3.06666667    0.65117845    0.93333333    0.90909091    0.93333333
144:    0.83333333    0.07407407    0.41666667    0.22222222    0.41666667
145:    6.40000000    0.34126984    0.80000000    0.85714286    0.90000000
146:    3.09090909    0.46230159    0.81818182    0.62500000    0.81818182
147:    3.00000000    0.36825397    0.80000000    0.57142857    0.80000000
148:    1.60000000    0.19047619    0.60000000    0.42857143    0.70000000
149:    2.87500000    0.20000000    0.75000000    0.20000000    0.75000000
150:    0.18181818    0.30357143    0.63636364    0.62500000    0.72727273
151:    1.60000000    0.64126984    0.60000000    0.85714286    0.70000000
152:    5.40000000    0.51904762    0.80000000    0.71428571    0.80000000
153:    2.60000000    0.51904762    0.70000000    0.85714286    0.70000000
154:    2.30000000    0.17936508    0.60000000    0.46666667    0.65000000
155:    2.33333333    0.43888889    0.77777778    0.50000000    0.77777778
156:    5.85714286    0.36111111    0.85714286    0.50000000    0.85714286
157:    1.78571429    0.48989899    0.71428571    0.63636364    0.71428571
158:    1.45454545    0.46230159    0.81818182    0.62500000    0.81818182
159:    2.54545455    0.21428571    0.54545455    0.50000000    0.54545455
160:    0.72093023    0.26923648    0.55813953    0.47058824    0.60465116
161:    1.52380952    0.22881563    0.66666667    0.40000000    0.66666667
162:    1.91666667    0.57936508    0.75000000    1.00000000    0.91666667
163:    2.33333333    0.28888889    0.88888889    0.66666667    0.88888889
164:    2.44444444    0.11111111    0.33333333    0.33333333    0.33333333
165:    1.89473684    0.43278943    0.68421053    0.69230769    0.68421053
166:    4.10000000    0.23809524    0.80000000    0.71428571    0.90000000
167:    6.90000000    0.29365079    0.80000000    0.71428571    0.80000000
168:    0.69444444    0.23023088    0.47222222    0.54545455    0.50000000
169:    1.80000000    0.46349206    0.90000000    0.85714286    0.90000000
170:    1.41176471    0.49511600    0.88235294    0.85714286    0.88235294
171:    2.33333333    0.35277778    0.66666667    0.60000000    0.66666667
172:    1.92307692    0.54351852    0.84615385    0.70000000    0.84615385
173:    2.76470588    0.91880342    1.00000000    1.00000000    1.00000000
174:    3.00000000    0.34444444    0.88888889    0.83333333    0.88888889
175:    6.18181818    0.29761905    0.72727273    0.75000000    0.72727273
176:    2.91666667    0.34259259    0.91666667    0.66666667    0.91666667
177:    2.60000000    0.30555556    0.80000000    0.66666667    0.86666667
178:    2.20000000    0.19841270    0.50000000    0.42857143    0.50000000
179:    2.20000000    0.19047619    0.80000000    0.42857143    0.80000000
180:    0.93939394    0.22106838    0.33333333    0.38461538    0.36363636
181:    2.44444444    0.44041514    0.77777778    0.73333333    0.77777778
182:    4.45454545    0.33928571    0.90909091    0.75000000    0.90909091
183:    2.40000000    0.63333333    0.90000000    0.85714286    1.00000000
184:    3.08333333    0.51653439    0.83333333    0.77777778    0.83333333
185:    2.75000000    0.33333333    0.75000000    0.80000000    1.00000000
186:    1.44444444    0.16666667    0.66666667    0.50000000    0.66666667
187:    5.70000000    0.34126984    0.70000000    0.85714286    0.70000000
188:    0.66666667    0.22572523    0.41666667    0.43333333    0.41666667
189:    0.92105263    0.16133005    0.52631579    0.41379310    0.52631579
190:    3.12500000    0.20000000    0.50000000    0.40000000    0.50000000
191:    1.33333333    0.65806878    0.83333333    0.77777778    0.83333333
192:    1.45454545    0.16666667    0.63636364    0.50000000    0.63636364
193:    1.91666667    0.08333333    0.25000000    0.25000000    0.25000000
194:    3.53846154    0.56851852    0.84615385    0.90000000    0.84615385
195:    0.90476190    0.14719982    0.42857143    0.31250000    0.42857143
196:    0.40000000    0.14141414    0.46666667    0.33333333    0.46666667
197:    3.72727273    0.35912698    0.72727273    0.62500000    0.72727273
198:    2.40000000    0.24603175    0.80000000    0.42857143    0.80000000
199:    0.71428571    0.65702076    0.80952381    0.86666667    0.85714286
200:    2.61904762    0.34493284    0.76190476    0.53333333    0.76190476
201:    0.56250000    0.74087369    0.87500000    0.85185185    0.87500000
202:    5.00000000    0.49444444    0.66666667    0.83333333    0.77777778
203:    3.08333333    0.26388889    0.75000000    0.66666667    0.75000000
204:    0.82352941    0.27712843    0.61764706    0.59090909    0.64705882
205:    4.72727273    0.35912698    0.72727273    0.50000000    0.72727273
206:    3.90909091    0.40079365    0.81818182    0.62500000    0.81818182
207:    3.25000000    0.20000000    0.75000000    0.60000000    0.75000000
208:    0.66666667    0.41565657    0.60000000    0.50000000    0.60000000
209:    2.75000000    0.13333333    0.62500000    0.40000000    0.62500000
210:    3.30000000    0.24603175    0.80000000    0.42857143    0.80000000
211:    2.00000000    0.26388889    0.58333333    0.66666667    0.75000000
212:    2.21428571    0.61414141    0.92857143    0.90909091    0.92857143
213:    4.36363636    0.29761905    0.81818182    0.75000000    0.81818182
214:    2.08333333    0.22685185    0.66666667    0.55555556    0.66666667
215:    1.33333333    0.80378510    0.88888889    0.86666667    0.88888889
216:    0.44444444    0.49444444    0.88888889    0.83333333    0.88888889
217:    1.08333333    0.91071429    1.00000000    1.00000000    1.00000000
218:    3.40000000    0.58571429    0.60000000    0.71428571    0.60000000
219:    2.75000000    0.20000000    0.50000000    0.60000000    0.62500000
220:    1.72727273    0.40079365    0.81818182    0.75000000    0.90909091
221:    3.11111111    0.23333333    0.77777778    0.50000000    0.88888889
222:    2.50000000    0.24603175    0.60000000    0.57142857    0.60000000
223:    6.57142857    0.25000000    0.85714286    0.75000000    0.85714286
224:    2.92307692    0.45277778    0.92307692    0.80000000    0.92307692
225:    6.76923077    0.42777778    0.69230769    0.70000000    0.84615385
226:    2.92857143    0.61784512    0.85714286    0.81818182    0.85714286
227:    2.44444444    0.23333333    0.44444444    0.50000000    0.66666667
228:    2.10000000    0.14285714    0.60000000    0.28571429    0.70000000
229:    6.50000000    0.81111111    1.00000000    1.00000000    1.00000000
230:    3.10000000    0.51111111    0.80000000    0.85714286    0.80000000
231:    3.76923077    0.46481481    0.76923077    0.70000000    0.84615385
232:    2.60000000    0.19047619    0.70000000    0.57142857    0.70000000
233:    0.60000000    0.54699166    0.50000000    0.54166667    0.53333333
234:    1.83333333    0.43882784    0.83333333    0.80000000    0.83333333
235:    4.20000000    0.09523810    0.40000000    0.28571429    0.40000000
236:    1.00000000    0.18162393    0.56250000    0.38461538    0.56250000
237:    2.33333333    0.14141414    0.33333333    0.33333333    0.33333333
238:    3.50000000    0.64748677    1.00000000    0.88888889    1.00000000
239:    2.78571429    0.48013468    0.71428571    0.81818182    0.71428571
240:    5.66666667    0.41111111    0.88888889    0.83333333    0.88888889
241:    2.23529412    0.27136752    0.47058824    0.50000000    0.52941176
242:    0.75000000    0.16700269    0.45000000    0.46875000    0.47500000
243:    1.47619048    0.17777778    0.57142857    0.46666667    0.61904762
244:    2.84615385    0.46481481    0.61538462    0.60000000    0.61538462
245:    4.33333333    0.16666667    0.55555556    0.50000000    0.55555556
246:    2.00000000    0.46891534    0.91666667    0.88888889    0.91666667
247:    3.70000000    0.14285714    0.60000000    0.42857143    0.70000000
248:    2.54545455    0.16666667    0.63636364    0.37500000    0.63636364
249:    1.28571429    0.48013468    0.78571429    0.72727273    0.85714286
250:    2.80000000    0.14285714    0.50000000    0.28571429    0.50000000
251:    1.76923077    0.17037037    0.46153846    0.40000000    0.46153846
252:    0.55000000    0.39096459    0.80000000    0.73333333    0.80000000
253:    0.96296296    0.23512212    0.48148148    0.42105263    0.48148148
254:    2.41666667    0.51653439    0.75000000    0.77777778    0.83333333
255:    3.18181818    0.29761905    0.81818182    0.62500000    0.81818182
256:    1.00000000    0.20793651    0.60000000    0.47619048    0.60000000
257:    2.72727273    0.25000000    0.81818182    0.75000000    0.81818182
258:    3.54545455    0.12500000    0.36363636    0.37500000    0.36363636
259:    2.09090909    0.63492063    1.00000000    1.00000000    1.00000000
260:    1.53846154    0.34907407    0.61538462    0.70000000    0.61538462
261:    1.03125000    0.18972332    0.56250000    0.47826087    0.56250000
262:    2.50000000    0.39484127    0.58333333    0.66666667    0.58333333
263:    4.18181818    0.29761905    0.81818182    0.75000000    0.81818182
264:    2.30000000    0.09523810    0.30000000    0.28571429    0.30000000
265:    1.15151515    0.40624881    0.48484848    0.55555556    0.63636364
266:    2.08333333    0.35317460    0.58333333    0.66666667    0.58333333
267:    1.60869565    0.73473748    1.00000000    0.92857143    1.00000000
268:    1.54545455    0.30357143    0.72727273    0.62500000    0.72727273
269:    1.50000000    0.14132554    0.40909091    0.36842105    0.40909091
270:    2.10000000    0.51904762    0.90000000    0.85714286    0.90000000
271:    2.26666667    0.22474747    0.53333333    0.58333333    0.53333333
272:    3.54545455    0.30357143    0.72727273    0.62500000    0.81818182
273:    3.33333333    0.26388889    0.75000000    0.66666667    0.75000000
274:    2.75000000    0.28552189    0.70000000    0.54545455    0.75000000
275:    3.37500000    0.10256410    0.25000000    0.23076923    0.25000000
276:    1.93333333    0.68989899    0.86666667    0.83333333    0.86666667
277:    0.28571429    0.75925926    1.00000000    1.00000000    1.00000000
278:    1.50000000    0.22727273    0.50000000    0.50000000    0.55555556
279:    1.57894737    0.38492063    0.68421053    0.68750000    0.73684211
280:    1.88888889    0.53931624    0.72222222    0.73333333    0.72222222
281:    3.20000000    0.46349206    0.90000000    0.71428571    0.90000000
282:    5.22222222    0.38333333    0.55555556    0.50000000    0.55555556
283:    3.00000000    0.27777778    0.88888889    0.83333333    0.88888889
284:    2.81818182    0.29761905    0.81818182    0.62500000    0.81818182
285:    1.70000000    0.41587302    0.80000000    0.57142857    0.80000000
286:    1.34375000    0.18759734    0.40625000    0.33333333    0.43750000
287:    3.62500000    0.35000000    0.87500000    0.60000000    1.00000000
288:    3.36363636    0.49007937    0.90909091    0.87500000    0.90909091
289:    4.07692308    0.49814815    0.76923077    0.80000000    0.84615385
290:    2.16666667    0.52116402    0.83333333    0.77777778    0.83333333
291:    3.33333333    0.28888889    0.77777778    0.50000000    0.77777778
292:    1.39285714    0.23095238    0.46428571    0.50000000    0.53571429
293:    2.20000000    0.08333333    0.26666667    0.25000000    0.33333333
294:    6.90000000    0.29365079    0.80000000    0.71428571    0.80000000
295:    0.56521739    0.63929739    0.86956522    0.83333333    0.86956522
296:    1.05000000    0.41170635    0.75000000    0.68750000    0.80000000
297:    2.31250000    0.26534577    0.62500000    0.46153846    0.62500000
298:    1.50000000    0.14285714    0.40000000    0.42857143    0.40000000
299:    4.57142857    0.35555556    0.71428571    0.66666667    0.71428571
300:    4.00000000    0.40000000    0.88888889    1.00000000    1.00000000
301:    1.33333333    0.56111111    1.00000000    0.83333333    1.00000000
302:    1.07692308    0.53148148    0.92307692    0.80000000    0.92307692
303:    1.85000000    0.21515152    0.70000000    0.54545455    0.75000000
304:    1.14285714    0.40976801    0.76190476    0.80000000    0.80952381
305:    2.16666667    0.22685185    0.66666667    0.33333333    0.66666667
306:    1.30000000    0.32478632    0.50000000    0.50000000    0.50000000
307:    1.80000000    0.14285714    0.40000000    0.42857143    0.60000000
308:    2.45454545    0.25595238    0.72727273    0.62500000    0.72727273
309:    1.14285714    0.51346801    0.78571429    0.81818182    0.78571429
310:    5.73333333    0.52676768    0.73333333    0.83333333    0.80000000
311:    3.00000000    0.40000000    1.00000000    1.00000000    1.00000000
312:    3.30000000    0.34126984    0.80000000    0.85714286    0.80000000
313:    2.00000000    0.40079365    0.54545455    0.75000000    0.72727273
314:    2.44444444    0.28888889    0.88888889    0.50000000    0.88888889
315:    3.53846154    0.38611111    0.69230769    0.70000000    0.76923077
316:    0.91666667    0.16243115    0.41666667    0.37037037    0.47222222
317:    1.64705882    0.51864802    0.70588235    0.69230769    0.70588235
318:    0.30769231    0.65555556    0.76923077    0.80000000    0.76923077
319:    1.65000000    0.24158497    0.45000000    0.47058824    0.50000000
320:    0.80555556    0.28132032    0.55555556    0.51724138    0.55555556
321:    3.44444444    0.56111111    1.00000000    0.83333333    1.00000000
322:    0.86666667    0.11111111    0.53333333    0.25000000    0.53333333
323:    1.73684211    0.38353175    0.78947368    0.81250000    0.78947368
324:    3.00000000    0.52929293    0.80000000    0.75000000    0.80000000
325:    1.57142857    0.35589226    0.64285714    0.54545455    0.64285714
326:    0.89473684    0.14468864    0.42105263    0.35714286    0.42105263
327:    4.66666667    0.28888889    0.77777778    0.50000000    0.77777778
328:    3.66666667    0.18518519    0.66666667    0.44444444    0.75000000
329:    1.55555556    0.39096459    0.72222222    0.66666667    0.77777778
330:    0.74193548    0.35512266    0.77419355    0.72727273    0.77419355
331:    1.00000000    0.55555556    1.00000000    1.00000000    1.00000000
332:    2.00000000    0.44983165    0.71428571    0.72727273    0.78571429
333:    0.81250000    0.31876457    0.56250000    0.61538462    0.68750000
334:    1.70000000    0.68888889    1.00000000    1.00000000    1.00000000
335:    0.87500000    1.00000000    1.00000000    1.00000000    1.00000000
336:    1.66666667    0.34444444    0.88888889    0.83333333    0.88888889
337:    0.28125000    0.64860562    0.87500000    0.79166667    0.87500000
338:    4.45454545    0.25595238    0.63636364    0.50000000    0.72727273
339:    1.66666667    0.12962963    0.28571429    0.27777778    0.38095238
340:    0.70588235    0.49908425    0.82352941    0.78571429    0.82352941
341:    1.41176471    0.70695971    0.82352941    0.92857143    0.88235294
342:    3.09090909    0.38690476    0.90909091    0.87500000    0.90909091
343:    2.80000000    0.24603175    0.70000000    0.57142857    0.70000000
344:    4.87500000    0.20000000    0.75000000    0.60000000    0.75000000
345:    2.66666667    0.28888889    0.77777778    0.66666667    0.77777778
346:    1.88888889    0.23333333    0.44444444    0.50000000    0.44444444
347:    1.11111111    0.32479074    0.59259259    0.52631579    0.62962963
348:    1.28571429    0.05797101    0.28571429    0.17391304    0.28571429
349:    1.92307692    0.17037037    0.46153846    0.40000000    0.46153846
350:    4.08333333    0.39021164    0.83333333    0.77777778    0.91666667
351:    1.50000000    0.27910053    0.58333333    0.33333333    0.58333333
352:    3.90000000    0.14285714    0.50000000    0.28571429    0.50000000
353:    3.50000000    0.57685185    0.85714286    0.80000000    0.85714286
354:    2.33333333    0.26388889    0.75000000    0.66666667    0.75000000
355:    2.27272727    0.21428571    0.63636364    0.37500000    0.63636364
356:    2.57142857    0.31582492    0.71428571    0.54545455    0.78571429
357:    3.63636364    0.29761905    0.72727273    0.75000000    0.81818182
358:    1.50000000    0.51346801    0.85714286    0.72727273    0.92857143
359:    1.82352941    0.68142968    0.94117647    0.92307692    0.94117647
360:    3.25000000    0.35317460    0.75000000    0.66666667    0.75000000
361:    1.23076923    0.76759259    0.92307692    0.90000000    1.00000000
362:    2.37500000    0.20000000    0.75000000    0.40000000    0.75000000
363:    4.75000000    0.20000000    0.75000000    0.60000000    0.75000000
364:    3.18181818    0.29761905    0.81818182    0.62500000    0.81818182
365:    1.66666667    0.22222222    0.66666667    0.66666667    0.77777778
366:    1.50000000    0.27484737    0.61111111    0.46666667    0.61111111
367:    7.37500000    0.13333333    0.62500000    0.40000000    0.62500000
368:    0.79591837    0.22541952    0.59183673    0.39393939    0.59183673
369:    2.42857143    0.20370370    0.42857143    0.30000000    0.42857143
370:    1.27272727    0.21428571    0.63636364    0.37500000    0.63636364
371:    1.23809524    0.22380952    0.61904762    0.53333333    0.61904762
372:    1.81818182    0.30357143    0.72727273    0.62500000    0.81818182
373:    3.40000000    0.34126984    0.60000000    0.71428571    0.70000000
374:    1.26666667    0.39444444    0.66666667    0.60000000    0.66666667
375:    1.25000000    0.34259259    0.75000000    0.77777778    0.83333333
376:    2.11111111    0.37218337    0.61111111    0.69230769    0.66666667
377:    2.23529412    0.14468864    0.47058824    0.35714286    0.52941176
378:    0.93333333    0.55050505    0.86666667    0.81818182    0.86666667
379:    1.94444444    0.46080586    0.83333333    0.73333333    0.83333333
380:    0.36363636    0.55158730    0.81818182    0.75000000    0.81818182
381:    2.77777778    0.28888889    0.88888889    0.66666667    0.88888889
382:    2.56250000    0.62801088    0.81250000    0.84615385    0.81250000
383:    2.90000000    0.24603175    0.60000000    0.42857143    0.70000000
384:    2.12500000    0.68989899    0.75000000    0.83333333    0.81250000
385:    2.70000000    0.14285714    0.50000000    0.42857143    0.50000000
386:    1.00000000    0.16666667    0.53333333    0.50000000    0.53333333
387:    2.11111111    0.64444444    0.88888889    0.83333333    0.88888889
388:    0.72727273    1.00000000    1.00000000    1.00000000    1.00000000
389:    1.57142857    0.64444444    1.00000000    1.00000000    1.00000000
390:    2.36363636    0.30357143    0.72727273    0.62500000    0.72727273
391:    1.85000000    0.12424242    0.30000000    0.27272727    0.35000000
392:    3.66666667    0.43187831    0.83333333    0.77777778    0.91666667
393:    4.25000000    0.13333333    0.62500000    0.40000000    0.62500000
394:    2.35714286    0.24848485    0.64285714    0.54545455    0.64285714
395:    3.45454545    0.25595238    0.72727273    0.50000000    0.72727273
396:    1.06666667    0.50707071    0.73333333    0.66666667    0.73333333
397:    3.54545455    0.47619048    1.00000000    1.00000000    1.00000000
398:    2.37500000    0.37004662    0.75000000    0.76923077    0.75000000
399:    3.62500000    0.20000000    0.75000000    0.40000000    0.75000000
400:    0.62162162    0.42694892    0.48648649    0.56250000    0.56756757
401:    1.47619048    0.18888889    0.57142857    0.50000000    0.57142857
402:    4.07692308    0.46481481    0.84615385    0.70000000    0.84615385
403:    1.23076923    0.76759259    0.92307692    0.90000000    0.92307692
404:    3.00000000    0.44841270    0.72727273    0.62500000    0.72727273
405:    4.44444444    0.16666667    0.55555556    0.50000000    0.77777778
406:    1.83333333    0.72619048    1.00000000    1.00000000    1.00000000
407:    3.00000000    0.55820106    0.83333333    0.88888889    0.83333333
408:    4.72727273    0.44841270    0.81818182    0.75000000    0.90909091
409:    3.33333333    0.70647131    0.77777778    0.86666667    0.77777778
410:    3.70000000    0.19841270    0.60000000    0.42857143    0.70000000
411:    2.30000000    0.24603175    0.60000000    0.42857143    0.60000000
412:    2.15384615    0.38240741    0.69230769    0.70000000    0.76923077
413:    1.45454545    0.89682540    1.00000000    1.00000000    1.00000000
414:    0.61538462    0.38611111    0.76923077    0.70000000    0.76923077
415:    1.57142857    0.35912698    0.64285714    0.62500000    0.64285714
416:    2.10000000    0.14285714    0.60000000    0.28571429    0.70000000
417:    2.84615385    0.38611111    0.76923077    0.70000000    0.76923077
418:    2.00000000    0.40079365    0.72727273    0.75000000    0.72727273
419:    1.06666667    0.90303030    0.86666667    1.00000000    0.86666667
420:    2.90909091    0.20833333    0.63636364    0.62500000    0.81818182
421:    3.00000000    0.14583333    0.47368421    0.43750000    0.47368421
422:    3.16666667    0.39021164    0.75000000    0.77777778    0.75000000
423:    2.41666667    0.43187831    0.83333333    0.77777778    0.91666667
424:    1.07317073    0.11491935    0.36585366    0.31250000    0.41463415
425:    2.72727273    0.29761905    0.63636364    0.62500000    0.81818182
426:    1.90909091    0.12500000    0.54545455    0.37500000    0.54545455
427:    2.46153846    0.61018519    0.76923077    0.90000000    0.76923077
428:    3.61538462    0.34907407    0.69230769    0.60000000    0.76923077
429:    4.80000000    0.24603175    0.60000000    0.57142857    0.60000000
430:    2.00000000    0.24603175    0.54545455    0.57142857    0.63636364
431:    3.06666667    0.56515152    0.73333333    0.75000000    0.80000000
432:    0.44444444    0.49101307    0.77777778    0.70588235    0.83333333
433:    3.75000000    0.26851852    0.66666667    0.55555556    0.75000000
434:    1.41666667    0.30555556    0.75000000    0.66666667    0.83333333
435:    2.00000000    0.55158730    0.54545455    0.75000000    0.63636364
436:    3.25000000    0.34920635    0.62500000    0.71428571    0.62500000
437:    2.00000000    0.40248640    0.71428571    0.69230769    0.71428571
438:    5.90909091    0.40079365    0.90909091    0.75000000    0.90909091
439:    3.71428571    0.21515152    0.71428571    0.54545455    0.71428571
440:    1.00000000    0.55158730    0.81818182    0.75000000    0.81818182
441:    3.00000000    0.35912698    0.72727273    0.50000000    0.72727273
442:    3.30769231    0.30092593    0.61538462    0.77777778    0.61538462
443:    2.40000000    0.29365079    0.80000000    0.71428571    0.80000000
444:    1.86666667    0.71464646    0.80000000    0.83333333    0.80000000
445:    0.94736842    0.80378510    0.84210526    0.93333333    0.94736842
446:    0.85185185    0.15000000    0.44444444    0.45000000    0.59259259
447:    0.65625000    0.24512821    0.65625000    0.61538462    0.68750000
448:    2.25000000    0.14814815    0.50000000    0.44444444    0.50000000
449:    2.93333333    0.22474747    0.60000000    0.58333333    0.60000000
450:    3.33333333    0.22222222    0.88888889    0.66666667    0.88888889
451:    2.53846154    0.46481481    0.76923077    0.70000000    0.76923077
452:    0.93333333    0.47669173    0.80000000    0.71428571    0.83333333
453:    1.55555556    0.34444444    0.88888889    0.83333333    0.88888889
454:    2.22222222    0.28888889    0.66666667    0.50000000    0.66666667
455:    5.00000000    0.11111111    0.40000000    0.33333333    0.46666667
456:    0.84210526    0.61666667    0.78947368    0.75000000    0.78947368
457:    1.50000000    0.14814815    0.58333333    0.44444444    0.58333333
458:    2.25000000    0.26388889    0.58333333    0.66666667    0.66666667
459:    3.66666667    0.39021164    0.50000000    0.77777778    0.50000000
460:    6.88888889    0.49444444    0.77777778    0.66666667    0.88888889
461:    1.75000000    0.08333333    0.25000000    0.25000000    0.25000000
462:    3.44444444    0.49444444    0.88888889    0.66666667    0.88888889
463:    3.14285714    0.62087542    0.78571429    0.81818182    0.78571429
464:    4.09090909    0.38690476    0.90909091    0.87500000    0.90909091
465:    4.20000000    0.29365079    0.70000000    0.71428571    0.70000000
466:    1.80000000    0.56515152    0.86666667    0.75000000    0.86666667
467:    3.10000000    0.28571429    0.90000000    0.71428571    0.90000000
468:    5.22222222    0.28888889    1.00000000    0.66666667    1.00000000
469:    1.23076923    0.72222222    1.00000000    1.00000000    1.00000000
470:    1.25000000    0.13949275    0.35714286    0.37500000    0.35714286
471:    3.81818182    0.20833333    0.81818182    0.50000000    0.81818182
472:    1.45454545    0.89682540    1.00000000    1.00000000    1.00000000
473:    2.07692308    0.49444444    0.69230769    0.80000000    0.76923077
474:    0.88888889    0.11111111    0.33333333    0.33333333    0.41666667
475:    2.50000000    0.37946128    0.78571429    0.72727273    0.78571429
476:    1.75000000    0.18484848    0.43750000    0.45454545    0.43750000
477:    2.00000000    0.42777778    0.53846154    0.70000000    0.69230769
478:    4.00000000    0.49444444    0.88888889    0.83333333    0.88888889
479:    1.16000000    0.35656566    0.60000000    0.63636364    0.60000000
480:    2.36363636    0.49007937    1.00000000    0.87500000    1.00000000
481:    3.78571429    0.41649832    0.71428571    0.72727273    0.78571429
482:    3.00000000    0.31613757    0.75000000    0.55555556    0.83333333
483:    1.25000000    0.14814815    0.41666667    0.44444444    0.50000000
484:    3.83333333    0.35317460    0.66666667    0.66666667    0.66666667
485:    3.11111111    0.28888889    0.88888889    0.50000000    0.88888889
486:    2.46153846    0.64722222    1.00000000    0.90000000    1.00000000
487:    1.54545455    0.21428571    0.63636364    0.37500000    0.63636364
488:    1.50000000    0.54444444    0.87500000    0.80000000    0.87500000
489:    2.58333333    0.56878307    0.83333333    0.66666667    0.91666667
490:    2.26666667    0.40757576    0.86666667    0.75000000    0.86666667
491:    5.35714286    0.55050505    0.78571429    0.72727273    0.85714286
492:    3.16666667    0.45833333    1.00000000    0.88888889    1.00000000
493:    5.12500000    0.28333333    0.75000000    0.40000000    0.75000000
494:    0.75000000    0.74417249    0.81250000    0.84615385    0.87500000
495:    1.41176471    0.47527473    0.64705882    0.71428571    0.70588235
496:    3.08333333    0.77380952    1.00000000    1.00000000    1.00000000
497:    1.53846154    0.54351852    0.84615385    0.70000000    0.84615385
498:    4.14285714    0.71481481    0.92857143    1.00000000    0.92857143
499:    3.46153846    0.13333333    0.38461538    0.40000000    0.46153846
500:    5.00000000    0.28888889    0.77777778    0.66666667    0.88888889
501:    0.72972973    0.24962864    0.43243243    0.35294118    0.43243243
502:    1.70588235    0.52503053    0.82352941    0.85714286    0.82352941
503:    1.30000000    0.14285714    0.70000000    0.42857143    0.70000000
504:    2.85714286    0.31885522    0.64285714    0.54545455    0.64285714
505:    3.11111111    0.43888889    0.77777778    0.50000000    0.77777778
506:    2.57142857    0.52020202    0.85714286    0.72727273    0.85714286
507:    0.64000000    0.86228070    0.96000000    1.00000000    1.00000000
508:    2.00000000    0.17261905    0.54545455    0.37500000    0.54545455
509:    1.53333333    0.28282828    0.53333333    0.58333333    0.53333333
510:    1.32142857    0.13109354    0.28571429    0.34782609    0.28571429
511:    1.87500000    0.20000000    0.50000000    0.40000000    0.50000000
512:    6.75000000    0.47949735    0.91666667    0.77777778    0.91666667
513:    3.00000000    0.28888889    0.77777778    0.50000000    0.88888889
514:    3.00000000    0.39484127    0.83333333    0.66666667    0.83333333
515:    3.00000000    0.41666667    0.75000000    0.80000000    0.87500000
516:    4.11111111    0.22222222    0.44444444    0.66666667    0.66666667
517:    0.30000000    0.36825397    0.70000000    0.57142857    0.70000000
518:    3.00000000    0.13703704    0.46153846    0.30000000    0.53846154
519:    1.23809524    0.75260865    0.95238095    0.89473684    0.95238095
520:    2.60000000    0.13888889    0.40000000    0.33333333    0.40000000
521:    5.10000000    0.63333333    1.00000000    1.00000000    1.00000000
522:    1.61538462    0.46481481    0.76923077    0.70000000    0.76923077
523:    3.40000000    0.13888889    0.46666667    0.41666667    0.46666667
524:    2.64285714    0.47643098    0.85714286    0.81818182    0.85714286
525:    5.15384615    0.49814815    0.69230769    0.70000000    0.69230769
526:    4.25000000    0.20000000    0.75000000    0.60000000    0.75000000
527:    1.17241379    0.22403382    0.48275862    0.54166667    0.51724138
528:    5.00000000    0.19047619    0.60000000    0.57142857    0.60000000
529:    1.22727273    0.42582418    0.72727273    0.64285714    0.72727273
530:    4.16666667    0.22685185    0.58333333    0.55555556    0.58333333
531:    0.89473684    0.14468864    0.42105263    0.35714286    0.42105263
532:    3.08333333    0.43187831    0.83333333    0.77777778    0.83333333
533:    4.11111111    0.85000000    1.00000000    1.00000000    1.00000000
534:    2.81818182    0.44841270    0.81818182    0.75000000    0.81818182
535:    4.12500000    0.20000000    0.87500000    0.60000000    0.87500000
536:    1.55555556    0.28888889    0.66666667    0.66666667    0.66666667
537:    3.07692308    0.41944444    0.76923077    0.80000000    0.84615385
538:    2.44444444    0.56111111    0.88888889    0.83333333    0.88888889
539:    1.64285714    0.16666667    0.57142857    0.50000000    0.64285714
540:    1.44444444    0.06666667    0.29629630    0.20000000    0.40740741
541:    1.00000000    0.34126984    0.90000000    0.71428571    0.90000000
542:    3.11111111    0.17261905    0.44444444    0.37500000    0.44444444
543:    0.91666667    0.40005447    0.79166667    0.72222222    0.79166667
544:    0.72000000    0.24810606    0.52000000    0.47058824    0.56000000
545:    1.85714286    0.34242424    0.78571429    0.72727273    0.78571429
546:    2.10000000    0.24603175    0.70000000    0.42857143    0.70000000
547:    6.00000000    0.28888889    0.77777778    0.66666667    0.77777778
548:    1.53333333    0.22685185    0.73333333    0.44444444    0.80000000
549:    1.83333333    0.39484127    0.75000000    0.66666667    0.75000000
550:    3.77777778    0.22222222    0.66666667    0.50000000    0.77777778
551:    1.50000000    0.22685185    0.66666667    0.55555556    0.66666667
552:    1.32000000    0.43253968    0.68000000    0.68750000    0.68000000
553:    1.30000000    0.51904762    0.70000000    0.85714286    0.90000000
554:    4.25000000    0.33333333    0.62500000    0.80000000    0.62500000
555:    1.70000000    0.41587302    0.80000000    0.71428571    0.90000000
556:    3.58333333    0.31613757    0.66666667    0.55555556    0.75000000
557:    1.92857143    0.72154882    0.71428571    0.90909091    0.78571429
558:    4.81818182    0.54563492    0.81818182    0.87500000    0.81818182
559:    1.09090909    0.73809524    1.00000000    1.00000000    1.00000000
560:    2.91666667    0.60582011    1.00000000    0.88888889    1.00000000
561:    2.66666667    0.26388889    0.66666667    0.66666667    0.66666667
562:    2.90000000    0.24603175    0.60000000    0.57142857    0.70000000
563:    2.50000000    0.23809524    0.70000000    0.71428571    0.80000000
564:    3.50000000    0.13333333    0.62500000    0.40000000    0.62500000
565:    1.13333333    0.16738817    0.43333333    0.45454545    0.50000000
566:    2.45454545    0.38690476    0.90909091    0.87500000    0.90909091
567:    3.50000000    0.19841270    0.60000000    0.42857143    0.70000000
568:    1.75000000    0.85353535    1.00000000    0.92307692    1.00000000
569:    3.55555556    0.23333333    0.44444444    0.50000000    0.44444444
570:    1.28571429    0.42626263    0.64285714    0.45454545    0.64285714
571:    1.00000000    0.41587302    0.70000000    0.57142857    0.70000000
572:    1.90909091    0.08333333    0.45454545    0.12500000    0.54545455
573:    1.83333333    0.47949735    0.66666667    0.66666667    0.83333333
574:    0.92857143    0.24987023    0.57142857    0.54838710    0.64285714
575:    1.77777778    0.61666667    1.00000000    1.00000000    1.00000000
576:    0.64285714    0.37272727    0.92857143    0.81818182    0.92857143
577:    1.03448276    0.16769231    0.41379310    0.42307692    0.44827586
578:    0.56521739    0.73265107    0.69565217    0.75000000    0.73913043
579:    0.78787879    0.34046403    0.51515152    0.58620690    0.57575758
580:    2.82352941    0.65750916    0.94117647    0.85714286    0.94117647
581:    3.83333333    0.52116402    0.83333333    0.77777778    0.83333333
582:    0.71428571    0.61784512    0.78571429    0.81818182    0.85714286
583:    7.87500000    0.61111111    0.37500000    0.80000000    0.50000000
584:    1.25000000    0.35317460    0.83333333    0.55555556    0.91666667
585:    2.54545455    0.25595238    0.63636364    0.62500000    0.63636364
586:    0.65306122    0.24628915    0.57142857    0.48648649    0.59183673
587:    3.81818182    0.49007937    0.90909091    0.75000000    0.90909091
588:    4.00000000    0.27777778    0.77777778    0.66666667    0.88888889
589:    3.16666667    0.30555556    0.75000000    0.66666667    0.75000000
590:    3.00000000    0.24603175    0.60000000    0.57142857    0.60000000
591:    5.00000000    0.13333333    0.75000000    0.40000000    0.75000000
592:    0.80000000    0.70793651    0.90000000    0.85714286    0.90000000
593:    3.72727273    0.30357143    0.72727273    0.62500000    0.81818182
594:    2.80000000    0.19047619    0.50000000    0.57142857    0.50000000
595:    1.15000000    0.26984127    0.60000000    0.66666667    0.70000000
596:    4.45454545    0.59325397    0.90909091    0.75000000    0.90909091
597:    2.28571429    0.72154882    0.92857143    0.90909091    0.92857143
598:    2.88888889    0.28888889    0.77777778    0.66666667    0.77777778
599:    1.05000000    0.24545455    0.80000000    0.54545455    0.85000000
600:    2.38461538    0.57685185    0.84615385    0.80000000    1.00000000
601:    1.70000000    0.29365079    0.90000000    0.71428571    0.90000000
602:    0.86666667    0.13949275    0.46666667    0.37500000    0.46666667
603:    3.44444444    0.34444444    0.88888889    0.66666667    0.88888889
604:    2.66666667    0.37962963    0.91666667    0.88888889    0.91666667
605:    1.55555556    0.34444444    0.33333333    0.50000000    0.44444444
606:    3.00000000    0.27878788    0.57142857    0.63636364    0.57142857
607:    5.00000000    0.50000000    1.00000000    0.85714286    1.00000000
608:    0.53846154    0.36471447    0.58974359    0.55172414    0.58974359
609:    0.93750000    0.45932148    0.75000000    0.62500000    0.78125000
610:    2.07142857    0.26388889    0.71428571    0.66666667    0.71428571
611:    1.33333333    0.28888889    0.77777778    0.66666667    0.77777778
612:    1.40000000    0.52777778    0.86666667    1.00000000    0.93333333
613:    3.09090909    0.50396825    0.81818182    0.75000000    0.81818182
614:    1.64285714    0.17037037    0.21428571    0.20000000    0.21428571
615:    1.76470588    0.54895105    0.76470588    0.69230769    0.76470588
616:    1.43478261    0.38789683    0.73913043    0.68750000    0.82608696
617:    1.92307692    0.68888889    0.84615385    0.80000000    0.84615385
618:    2.28571429    0.68821549    0.85714286    0.90909091    0.92857143
619:    1.09090909    0.53174603    0.54545455    1.00000000    0.63636364
620:    2.06250000    0.56526807    0.93750000    0.92307692    0.93750000
621:    2.05882353    0.20726496    0.52941176    0.53846154    0.52941176
622:    2.10000000    0.41587302    0.80000000    0.71428571    0.80000000
623:    3.63636364    0.29166667    0.81818182    0.75000000    0.90909091
624:    3.12500000    0.13333333    0.50000000    0.40000000    0.50000000
625:    3.85714286    0.25000000    0.85714286    0.75000000    0.85714286
626:    3.91666667    0.64748677    0.75000000    0.88888889    0.83333333
627:    3.21428571    0.52020202    0.78571429    0.63636364    0.78571429
628:    3.76923077    0.54351852    0.84615385    0.70000000    0.84615385
629:    0.83333333    0.32124183    0.66666667    0.58823529    0.66666667
630:    4.33333333    0.38333333    0.44444444    0.50000000    0.44444444
631:    0.55000000    0.21140233    0.52500000    0.37500000    0.52500000
632:    3.27272727    0.63492063    1.00000000    1.00000000    1.00000000
633:    2.72727273    0.34523810    0.81818182    0.75000000    0.81818182
634:    0.90000000    0.14558630    0.43333333    0.39130435    0.43333333
635:    1.44444444    0.70000000    1.00000000    1.00000000    1.00000000
636:    1.28571429    0.54563492    0.78571429    0.87500000    0.78571429
637:    4.30000000    0.40079365    0.80000000    0.75000000    0.80000000
638:    3.00000000    0.35000000    1.00000000    0.80000000    1.00000000
639:    2.41666667    0.35780423    0.41666667    0.55555556    0.41666667
640:    0.85714286    0.15555556    0.42857143    0.40000000    0.42857143
641:    2.06666667    0.50151515    0.80000000    0.75000000    0.80000000
642:    2.84615385    0.41944444    0.84615385    0.80000000    0.84615385
643:    1.00000000    0.54221133    0.68181818    0.66666667    0.77272727
644:    2.00000000    0.10256410    0.31250000    0.30769231    0.31250000
645:    1.69230769    0.87962963    1.00000000    1.00000000    1.00000000
646:    5.45454545    0.21428571    0.54545455    0.50000000    0.54545455
647:    2.33333333    0.34646465    0.73333333    0.66666667    0.73333333
648:    2.40000000    0.24603175    0.50000000    0.57142857    0.60000000
649:    3.60000000    0.29365079    0.90000000    0.71428571    0.90000000
650:    2.17647059    0.16666667    0.58823529    0.50000000    0.58823529
651:    2.50000000    0.39484127    0.66666667    0.66666667    0.75000000
652:    1.00000000    0.54444444    0.87500000    0.80000000    0.87500000
653:    4.85714286    0.41111111    0.71428571    0.66666667    0.71428571
654:    2.00000000    0.44444444    1.00000000    1.00000000    1.00000000
655:    3.38461538    0.45277778    0.84615385    0.90000000    0.92307692
656:    1.50000000    0.12500000    0.25000000    0.37500000    0.25000000
657:    3.18181818    0.44841270    0.90909091    0.62500000    0.90909091
658:    1.53333333    0.37424242    0.66666667    0.75000000    0.66666667
659:    4.15384615    0.41944444    0.84615385    0.80000000    0.84615385
660:    2.27272727    0.40079365    0.72727273    0.75000000    0.72727273
661:    4.70000000    0.19047619    0.50000000    0.57142857    0.60000000
662:    5.90000000    0.19047619    0.50000000    0.57142857    0.50000000
663:    2.50000000    0.24603175    0.60000000    0.42857143    0.60000000
664:    2.13333333    0.34646465    0.73333333    0.66666667    0.80000000
665:    2.36363636    0.59325397    0.90909091    0.87500000    0.90909091
666:    1.00000000    0.21978022    0.55000000    0.42857143    0.55000000
667:    1.28571429    0.14365079    0.46428571    0.38095238    0.46428571
668:    3.80000000    0.24603175    0.60000000    0.42857143    0.60000000
669:    2.90909091    0.64880952    0.90909091    0.75000000    0.90909091
670:    4.00000000    0.25595238    0.72727273    0.62500000    0.72727273
671:    0.93750000    0.60236985    0.81250000    0.76923077    0.81250000
672:    1.56250000    0.29312354    0.43750000    0.46153846    0.56250000
673:    0.25000000    0.36691176    0.65000000    0.52941176    0.65000000
674:    1.17391304    0.52992776    0.82608696    0.73684211    0.82608696
675:    2.75000000    0.35317460    0.58333333    0.66666667    0.58333333
676:    1.58333333    0.42129630    0.66666667    0.88888889    0.83333333
677:    2.50000000    0.31868687    0.61111111    0.58333333    0.61111111
678:    1.61538462    0.49814815    0.84615385    0.80000000    0.84615385
679:    6.08333333    0.34259259    0.58333333    0.66666667    0.75000000
680:    1.84615385    0.54351852    0.69230769    0.70000000    0.76923077
681:    1.43750000    0.34440559    0.68750000    0.61538462    0.75000000
682:    1.08333333    0.47558244    0.47222222    0.66666667    0.50000000
683:    5.06666667    0.34646465    0.53333333    0.58333333    0.60000000
684:    5.18750000    0.62070707    0.93750000    0.83333333    0.93750000
685:    2.80000000    0.51111111    0.90000000    1.00000000    1.00000000
686:    3.28571429    0.34242424    0.71428571    0.72727273    0.78571429
687:    1.61111111    0.68266178    0.66666667    0.80000000    0.72222222
688:    0.72413793    0.50966184    0.65517241    0.69565217    0.68965517
689:    1.38461538    0.19730392    0.53846154    0.52941176    0.57692308
690:    5.00000000    0.20000000    0.75000000    0.40000000    0.75000000
691:    2.33333333    0.54761905    0.91666667    1.00000000    1.00000000
692:    8.00000000    0.28888889    0.66666667    0.66666667    0.66666667
693:    1.62500000    0.20000000    0.50000000    0.40000000    0.50000000
694:    0.88888889    0.11111111    0.33333333    0.33333333    0.41666667
695:    2.20000000    0.58571429    0.80000000    0.71428571    0.80000000
696:    2.08333333    0.12500000    0.54166667    0.37500000    0.54166667
697:    3.66666667    0.28888889    0.44444444    0.50000000    0.44444444
698:    0.92857143    0.22416714    0.32142857    0.34782609    0.32142857
699:    1.81818182    0.50396825    0.81818182    0.62500000    0.81818182
700:    1.35000000    0.15454545    0.60000000    0.36363636    0.60000000
701:    1.81818182    0.35912698    0.72727273    0.62500000    0.72727273
702:    3.36363636    0.44841270    0.81818182    0.75000000    0.81818182
703:    2.75000000    0.55820106    0.83333333    0.88888889    0.83333333
704:    0.73913043    0.55228758    0.73913043    0.82352941    0.78260870
705:    3.30000000    0.64126984    1.00000000    0.71428571    1.00000000
706:    1.50000000    0.34907407    0.66666667    0.60000000    0.66666667
707:    2.61538462    0.76759259    0.92307692    0.90000000    0.92307692
708:    2.13333333    0.29646465    0.46666667    0.41666667    0.46666667
709:    1.22222222    0.29365079    0.72222222    0.53333333    0.77777778
710:    1.25000000    0.26851852    0.75000000    0.55555556    0.75000000
711:    3.00000000    0.25595238    0.72727273    0.50000000    0.72727273
712:    3.00000000    0.47142857    0.80000000    0.71428571    0.80000000
713:    6.66666667    0.13333333    0.33333333    0.20000000    0.33333333
714:    2.82352941    0.33585859    0.82352941    0.91666667    0.88235294
715:    0.78571429    0.71481481    1.00000000    1.00000000    1.00000000
716:    2.70000000    0.14285714    0.50000000    0.42857143    0.50000000
717:    3.12500000    0.13333333    0.62500000    0.20000000    0.62500000
718:    2.00000000    0.34393939    0.73333333    0.75000000    0.73333333
719:    3.63636364    0.30357143    0.72727273    0.62500000    0.81818182
720:    2.18750000    0.20158730    0.56250000    0.53333333    0.56250000
721:    2.25000000    0.18518519    0.33333333    0.33333333    0.41666667
722:    0.55555556    0.22222222    0.77777778    0.66666667    0.77777778
723:    0.71428571    0.46230159    0.57142857    0.62500000    0.64285714
724:    0.54545455    0.21428571    0.54545455    0.50000000    0.54545455
725:    3.62500000    0.26666667    0.50000000    0.60000000    0.62500000
726:    1.72727273    0.34523810    0.81818182    0.75000000    0.81818182
727:    3.45454545    0.38690476    0.81818182    0.87500000    0.90909091
728:    5.40000000    0.58571429    0.90000000    0.71428571    0.90000000
729:    4.07692308    0.46111111    0.84615385    0.80000000    0.84615385
730:    1.03846154    0.37836257    0.69230769    0.60000000    0.69230769
731:    2.76923077    0.52685185    0.76923077    0.90000000    0.84615385
732:    3.90909091    0.44841270    0.81818182    0.75000000    0.81818182
733:    1.61111111    0.18000000    0.61111111    0.50000000    0.63888889
734:    1.72727273    0.20833333    0.72727273    0.50000000    0.72727273
735:    3.09090909    0.42857143    0.81818182    0.87500000    1.00000000
736:    0.68750000    0.82789433    0.93750000    0.84615385    0.93750000
737:    0.18181818    0.30357143    0.72727273    0.62500000    0.72727273
738:    2.11764706    0.44983165    0.70588235    0.72727273    0.70588235
739:    6.62500000    0.28333333    0.75000000    0.40000000    0.75000000
740:    1.77777778    0.23333333    0.88888889    0.50000000    0.88888889
741:    1.23076923    0.21052632    0.61538462    0.63157895    0.61538462
742:    3.75000000    0.35000000    0.62500000    0.60000000    0.75000000
743:    3.55555556    0.23333333    0.77777778    0.50000000    0.77777778
744:    1.06666667    0.83939394    0.93333333    0.91666667    0.93333333
745:    4.46153846    0.27037037    0.76923077    0.70000000    0.76923077
746:    2.16666667    0.22222222    0.50000000    0.66666667    0.50000000
747:    1.32000000    0.19325397    0.44000000    0.37500000    0.44000000
748:    4.54545455    0.49007937    0.90909091    0.75000000    0.90909091
749:    1.42307692    0.40236928    0.65384615    0.66666667    0.65384615
750:    1.75000000    0.39484127    0.75000000    0.55555556    0.83333333
751:    3.05882353    0.42002442    0.70588235    0.64285714    0.76470588
752:    3.27272727    0.25595238    0.72727273    0.50000000    0.72727273
753:    5.00000000    0.23333333    0.44444444    0.50000000    0.44444444
754:    4.00000000    0.61111111    0.75000000    0.80000000    0.75000000
755:    2.72727273    0.35912698    0.72727273    0.62500000    0.72727273
756:    2.41666667    0.26388889    0.75000000    0.55555556    0.83333333
757:    3.00000000    0.53809524    0.70000000    0.71428571    0.70000000
758:    0.89473684    0.10416667    0.26315789    0.21875000    0.26315789
759:    1.00000000    0.15277778    0.25000000    0.11111111    0.25000000
760:    0.96875000    0.24400871    0.56250000    0.50000000    0.59375000
761:    3.36363636    0.59325397    1.00000000    0.75000000    1.00000000
762:    5.50000000    0.14814815    0.58333333    0.33333333    0.58333333
763:    2.00000000    0.24761905    0.57142857    0.53333333    0.61904762
764:    2.11764706    0.71092796    0.88235294    0.85714286    0.88235294
765:    2.63636364    0.25000000    0.81818182    0.75000000    0.81818182
766:    1.61111111    0.39096459    0.61111111    0.66666667    0.66666667
767:    1.92857143    0.28552189    0.35714286    0.45454545    0.35714286
768:    2.00000000    0.23290598    0.62500000    0.61538462    0.68750000
769:    1.03225806    0.12500000    0.38709677    0.37500000    0.45161290
770:    0.65517241    0.91167106    0.79310345    0.95833333    0.82758621
771:    1.75000000    0.32489107    0.66666667    0.50000000    0.70833333
772:    1.10526316    0.20311987    0.44736842    0.40000000    0.44736842
773:    4.20000000    0.41587302    0.80000000    0.71428571    0.80000000
774:    3.23076923    0.65185185    0.92307692    0.90000000    0.92307692
775:    5.66666667    0.16666667    0.44444444    0.50000000    0.44444444
776:    6.00000000    0.55050505    0.92857143    0.72727273    0.92857143
777:    1.88888889    0.41111111    0.77777778    0.83333333    0.88888889
778:    1.78571429    0.10000000    0.28571429    0.30000000    0.28571429
779:    3.66666667    0.22685185    0.50000000    0.44444444    0.50000000
780:    2.08333333    0.39021164    0.58333333    0.77777778    0.75000000
781:    2.91666667    0.08333333    0.50000000    0.25000000    0.50000000
782:    0.56250000    0.17706477    0.58333333    0.47058824    0.58333333
783:    1.83333333    0.68452381    1.00000000    1.00000000    1.00000000
784:    2.17647059    0.35202020    0.64705882    0.58333333    0.70588235
785:    6.25000000    0.13333333    0.75000000    0.40000000    0.75000000
786:    2.27272727    0.80827887    0.90909091    1.00000000    0.90909091
787:    1.21212121    0.11948854    0.33333333    0.32142857    0.33333333
788:    1.41666667    0.60582011    0.75000000    0.88888889    0.75000000
789:    2.20000000    0.08333333    0.40000000    0.25000000    0.40000000
790:    1.37500000    0.20000000    0.50000000    0.60000000    0.75000000
791:    3.20000000    0.58571429    0.90000000    0.71428571    0.90000000
792:    2.77777778    0.43888889    0.77777778    0.50000000    0.77777778
793:    1.85714286    0.72140523    0.80952381    0.77777778    0.85714286
794:    2.37500000    0.25252525    0.62500000    0.66666667    0.68750000
795:    2.20000000    0.31616162    0.73333333    0.58333333    0.73333333
796:    4.27272727    0.59325397    0.81818182    0.75000000    0.90909091
797:    3.54545455    0.34523810    0.81818182    0.62500000    0.81818182
798:    1.45454545    0.07017544    0.31818182    0.15789474    0.31818182
799:    1.77272727    0.29334554    0.63636364    0.57142857    0.68181818
800:    1.28571429    0.18095238    0.47619048    0.40000000    0.47619048
