ID    Dist Tree     BLEU Score    Lemma-Pos     Dist Lemma    Dist Word 
--    ----------    ----------    ----------    ----------    ----------
1:    0.21414141    0.62500000    0.62500000    0.54545455    0.00000000
2:    0.16666667    1.00000000    1.00000000    0.66666667    1.00000000
3:    0.38965618    0.87500000    0.81250000    0.69230769    0.00000000
4:    0.58809524    1.00000000    1.00000000    0.80000000    1.00000000
5:    0.17500000    0.62500000    0.62500000    0.33333333    0.00000000
6:    0.74678363    0.95833333    0.95833333    0.95238095    1.00000000
7:    0.11842105    0.39130435    0.34782609    0.42105263    0.00000000
8:    0.12500000    0.55555556    0.55555556    0.50000000    0.00000000
9:    0.32390873    0.91666667    0.91666667    0.77777778    0.00000000
10:    0.43035714    0.70000000    0.60000000    0.57142857    0.00000000
11:    0.18452381    0.70000000    0.70000000    0.42857143    0.00000000
12:    0.12500000    0.88888889    0.88888889    0.33333333    1.00000000
13:    0.30059524    0.72727273    0.72727273    0.75000000    0.00000000
14:    0.19900932    0.58823529    0.52941176    0.53846154    0.00000000
15:    0.44412879    0.85714286    0.85714286    0.63636364    0.00000000
16:    0.25833333    0.88888889    0.77777778    0.83333333    1.00000000
17:    0.14236111    0.50000000    0.50000000    0.44444444    0.00000000
18:    0.24093137    0.72727273    0.68181818    0.64705882    0.00000000
19:    0.36816735    0.64285714    0.64285714    0.55000000    0.00000000
20:    0.25892857    0.81818182    0.72727273    0.75000000    0.00000000
21:    0.22569444    0.75000000    0.75000000    0.77777778    0.00000000
22:    0.42797619    0.72727273    0.72727273    0.75000000    0.00000000
23:    0.15000000    0.71428571    0.71428571    0.60000000    0.00000000
24:    0.15000000    0.83333333    0.83333333    0.60000000    1.00000000
25:    0.18452381    0.70000000    0.70000000    0.57142857    0.00000000
26:    0.37595997    0.61904762    0.52380952    0.83333333    0.00000000
27:    0.26250000    0.62500000    0.62500000    0.80000000    1.00000000
28:    0.26250000    0.87500000    0.87500000    0.80000000    0.00000000
29:    0.23055556    0.61538462    0.61538462    0.70000000    0.00000000
30:    0.20601504    0.74074074    0.74074074    0.57142857    0.00000000
31:    0.21666667    0.77777778    0.77777778    0.33333333    0.00000000
32:    0.28958333    0.84615385    0.84615385    0.70000000    0.00000000
33:    0.21703297    0.61111111    0.61111111    0.64285714    0.00000000
34:    0.30833333    0.71428571    0.71428571    0.60000000    0.00000000
35:    0.15119048    0.65000000    0.55000000    0.46666667    0.00000000
36:    0.65763889    1.00000000    1.00000000    0.90909091    0.00000000
37:    0.33630952    0.81818182    0.81818182    0.75000000    0.00000000
38:    0.50178571    0.90000000    0.90000000    0.85714286    0.00000000
39:    0.22767857    0.72727273    0.63636364    0.62500000    0.00000000
40:    0.07142857    0.60000000    0.40000000    0.14285714    1.00000000
41:    0.16071429    0.45454545    0.45454545    0.50000000    0.00000000
42:    0.58767483    0.87500000    0.87500000    0.84615385    0.00000000
43:    0.38219697    0.71428571    0.64285714    0.45454545    0.00000000
44:    0.29761905    0.80000000    0.70000000    0.85714286    0.00000000
45:    0.56894841    0.83333333    0.83333333    0.88888889    0.00000000
46:    0.80659341    0.94444444    0.88888889    0.93333333    0.00000000
47:    0.43907828    0.92857143    0.92857143    0.90909091    0.00000000
48:    0.05000000    0.42857143    0.42857143    0.20000000    0.00000000
49:    0.16071429    0.50000000    0.50000000    0.37500000    0.00000000
50:    0.69741300    0.85714286    0.80952381    0.81250000    0.00000000
51:    0.21022727    0.63157895    0.57894737    0.66666667    0.00000000
52:    0.88750000    1.00000000    1.00000000    1.00000000    0.00000000
53:    0.26166842    0.43478261    0.43478261    0.52941176    0.00000000
54:    0.22569444    0.58333333    0.58333333    0.77777778    1.00000000
55:    0.30059524    0.92857143    0.92857143    0.62500000    0.00000000
56:    0.09065934    0.38095238    0.38095238    0.28571429    0.00000000
57:    0.29761905    0.80000000    0.70000000    0.85714286    0.00000000
58:    0.43253968    0.91666667    0.91666667    0.77777778    0.00000000
59:    0.10000000    0.57142857    0.57142857    0.40000000    1.00000000
60:    0.21666667    0.66666667    0.66666667    0.66666667    0.00000000
61:    0.08333333    0.62500000    0.62500000    0.33333333    0.00000000
62:    0.29761905    0.90000000    0.90000000    0.85714286    1.00000000
63:    0.45833333    1.00000000    1.00000000    1.00000000    0.00000000
64:    0.27083333    0.85714286    0.71428571    0.50000000    0.00000000
65:    0.20000000    1.00000000    1.00000000    0.80000000    0.00000000
66:    0.22321429    0.36363636    0.36363636    0.62500000    0.00000000
67:    0.12500000    0.66666667    0.66666667    0.50000000    0.00000000
68:    0.08333333    0.60000000    0.40000000    0.33333333    1.00000000
69:    0.44494048    0.90909091    0.72727273    0.87500000    0.00000000
70:    0.42797619    0.81818182    0.81818182    0.75000000    0.00000000
71:    0.31458333    0.92307692    0.92307692    0.80000000    0.00000000
72:    0.37083333    0.87500000    0.87500000    0.83333333    0.00000000
73:    0.40128968    0.83333333    0.83333333    0.77777778    0.00000000
74:    0.65357143    1.00000000    1.00000000    1.00000000    0.00000000
75:    0.26666667    0.77777778    0.77777778    0.66666667    0.00000000
76:    0.36755952    0.90909091    0.90909091    0.87500000    0.00000000
77:    0.33630952    0.90909091    0.81818182    0.62500000    1.00000000
78:    0.46031746    0.91666667    0.91666667    0.77777778    0.00000000
79:    0.27566004    0.65384615    0.61538462    0.57894737    0.00000000
80:    0.31988844    0.46666667    0.46666667    0.64285714    0.00000000
81:    0.87261905    1.00000000    1.00000000    1.00000000    0.00000000
82:    0.33154762    0.73333333    0.53333333    0.60000000    0.00000000
83:    0.91597222    1.00000000    1.00000000    0.90909091    0.00000000
84:    0.33333333    1.00000000    0.90000000    1.00000000    0.00000000
85:    0.38510101    0.78571429    0.78571429    0.81818182    0.00000000
86:    0.38308081    0.66666667    0.60000000    0.66666667    0.00000000
87:    0.22916667    0.83333333    0.83333333    0.66666667    0.00000000
88:    0.82385191    0.95454545    0.95454545    0.94736842    0.00000000
89:    0.20833333    0.88888889    0.88888889    0.83333333    0.00000000
90:    0.09375000    0.63636364    0.63636364    0.37500000    0.00000000
91:    0.15000000    0.61111111    0.50000000    0.60000000    0.00000000
92:    0.16071429    0.63636364    0.63636364    0.50000000    1.00000000
93:    0.22023810    0.90000000    0.90000000    0.71428571    0.00000000
94:    0.30535714    0.59090909    0.59090909    0.62500000    0.00000000
95:    0.08333333    0.46666667    0.46666667    0.16666667    0.00000000
96:    0.39880952    1.00000000    1.00000000    1.00000000    0.00000000
97:    0.28680556    0.61538462    0.61538462    0.80000000    1.00000000
98:    0.22767857    0.81818182    0.72727273    0.62500000    0.00000000
99:    0.04545455    0.35714286    0.35714286    0.18181818    0.00000000
100:    0.08333333    0.53333333    0.53333333    0.22222222    0.00000000
101:    0.25732601    0.72222222    0.72222222    0.60000000    0.00000000
102:    0.52906746    0.84615385    0.84615385    0.90000000    0.00000000
103:    0.27619048    0.60000000    0.60000000    0.57142857    0.00000000
104:    0.10000000    0.28571429    0.28571429    0.40000000    0.00000000
105:    0.43095238    0.80000000    0.80000000    0.85714286    0.00000000
106:    0.06250000    0.45454545    0.45454545    0.25000000    0.00000000
107:    0.39880952    1.00000000    0.90909091    1.00000000    0.00000000
108:    0.20932540    0.46666667    0.46666667    0.44444444    0.00000000
109:    0.35654762    0.76923077    0.76923077    0.70000000    0.00000000
110:    0.47744755    0.68750000    0.62500000    0.84615385    0.00000000
111:    0.56666667    0.91666667    0.91666667    0.83333333    0.00000000
112:    0.72527473    0.83333333    0.77777778    1.00000000    0.00000000
113:    0.16666667    0.66666667    0.66666667    0.66666667    0.00000000
114:    0.27619048    0.80000000    0.80000000    0.57142857    0.00000000
115:    0.21666667    0.77777778    0.66666667    0.66666667    1.00000000
116:    0.23680556    0.69230769    0.61538462    0.50000000    0.00000000
117:    0.28459596    0.71428571    0.71428571    0.72727273    0.00000000
118:    0.29816919    0.62500000    0.62500000    0.45454545    0.00000000
119:    0.19791667    0.75000000    0.66666667    0.55555556    0.00000000
120:    0.56968032    0.90000000    0.90000000    0.78571429    0.00000000
121:    0.25845010    0.51851852    0.51851852    0.50000000    0.00000000
122:    0.31250000    1.00000000    1.00000000    1.00000000    1.00000000
123:    0.08333333    0.55555556    0.55555556    0.33333333    0.00000000
124:    0.68606934    0.85185185    0.85185185    0.85714286    0.00000000
125:    0.14880952    0.60000000    0.60000000    0.42857143    0.00000000
126:    0.16211957    0.48275862    0.44827586    0.48000000    1.00000000
127:    0.13888889    0.58333333    0.58333333    0.55555556    0.00000000
128:    0.46835317    0.84615385    0.84615385    0.70000000    0.00000000
129:    0.34441392    0.88888889    0.88888889    0.80000000    0.00000000
130:    0.64863542    0.69696970    0.69696970    0.73913043    0.00000000
131:    0.45922619    1.00000000    1.00000000    0.87500000    0.00000000
132:    0.21666667    0.66666667    0.66666667    0.50000000    0.00000000
133:    0.80812937    0.94117647    0.94117647    0.78571429    0.00000000
134:    0.27083333    1.00000000    1.00000000    0.75000000    0.00000000
135:    0.60357143    1.00000000    1.00000000    1.00000000    1.00000000
136:    0.37702020    0.86666667    0.86666667    0.75000000    0.00000000
137:    0.29464286    0.81818182    0.72727273    0.75000000    0.00000000
138:    0.74523810    1.00000000    1.00000000    1.00000000    0.00000000
139:    0.21212121    0.77777778    0.77777778    0.66666667    0.00000000
140:    0.10968379    0.46428571    0.46428571    0.34782609    0.00000000
141:    0.33630952    0.78571429    0.78571429    0.75000000    0.00000000
142:    0.49494048    0.90909091    0.72727273    0.75000000    0.00000000
143:    0.15625000    0.72727273    0.72727273    0.62500000    0.00000000
144:    0.14236111    0.50000000    0.50000000    0.44444444    0.00000000
145:    0.17013889    0.50000000    0.50000000    0.55555556    0.00000000
146:    0.29761905    0.90000000    0.90000000    0.71428571    0.00000000
147:    0.08333333    0.66666667    0.66666667    0.16666667    0.00000000
148:    0.38928571    0.90000000    0.90000000    0.85714286    1.00000000
149:    0.23686869    0.64285714    0.57142857    0.45454545    0.00000000
150:    0.16856061    0.66666667    0.66666667    0.58333333    0.00000000
151:    0.13888889    0.53333333    0.46666667    0.44444444    0.00000000
152:    0.38928571    0.90000000    0.90000000    0.85714286    0.00000000
153:    0.32916667    0.88888889    0.77777778    0.50000000    0.00000000
154:    0.18939394    0.70588235    0.70588235    0.58333333    0.00000000
155:    0.12500000    0.77777778    0.77777778    0.50000000    0.00000000
156:    0.56666667    0.77777778    0.77777778    0.83333333    0.00000000
157:    0.71577381    0.94117647    0.94117647    1.00000000    1.00000000
158:    0.32500000    0.87500000    0.87500000    0.60000000    0.00000000
159:    0.29017857    0.90909091    0.90909091    0.75000000    0.00000000
160:    0.22530637    0.73913043    0.69565217    0.64705882    0.00000000
161:    0.05555556    0.41666667    0.41666667    0.22222222    0.00000000
162:    0.21180556    0.61538462    0.53846154    0.50000000    0.00000000
163:    0.16666667    0.77777778    0.66666667    0.66666667    0.00000000
164:    0.87261905    1.00000000    1.00000000    1.00000000    0.00000000
165:    0.22023810    0.80000000    0.80000000    0.71428571    0.00000000
166:    0.39861111    0.92307692    0.92307692    0.90000000    0.00000000
167:    0.46332834    0.78947368    0.78947368    0.64285714    0.00000000
168:    0.21666667    0.77777778    0.77777778    0.66666667    0.00000000
169:    0.14285714    0.80000000    0.80000000    0.57142857    0.00000000
170:    0.43907828    0.92857143    0.92857143    0.90909091    0.00000000
171:    0.25833333    0.88888889    0.88888889    0.83333333    0.00000000
172:    0.33958333    0.92307692    0.84615385    0.80000000    0.00000000
173:    0.22023810    0.75000000    0.62500000    0.71428571    0.00000000
174:    0.52803030    0.86666667    0.86666667    0.75000000    0.00000000
175:    0.31250000    0.87500000    0.87500000    1.00000000    0.00000000
176:    0.54583333    0.92857143    0.92857143    0.90909091    0.00000000
177:    0.21634615    0.75000000    0.62500000    0.61538462    0.00000000
178:    0.20555556    0.53846154    0.53846154    0.30000000    0.00000000
179:    0.18750000    0.85714286    0.85714286    0.75000000    0.00000000
180:    0.21666667    0.77777778    0.77777778    0.66666667    0.00000000
181:    0.65126263    0.86666667    0.86666667    0.83333333    0.00000000
182:    0.15625000    0.64285714    0.57142857    0.50000000    1.00000000
183:    0.11111111    0.52173913    0.43478261    0.44444444    0.00000000
184:    0.39793233    0.79166667    0.79166667    0.76190476    1.00000000
185:    0.30827313    0.73076923    0.69230769    0.80000000    0.00000000
186:    0.10416667    0.38888889    0.33333333    0.41666667    0.00000000
187:    0.22023810    0.61538462    0.53846154    0.57142857    0.00000000
188:    0.21666667    0.77777778    0.77777778    0.66666667    0.00000000
189:    0.14236111    0.50000000    0.41666667    0.44444444    0.00000000
190:    0.14880952    0.50000000    0.50000000    0.42857143    1.00000000
191:    0.00000000    0.11111111    0.11111111    0.00000000    0.00000000
192:    0.68888889    1.00000000    1.00000000    1.00000000    0.00000000
193:    0.65833333    1.00000000    1.00000000    1.00000000    0.00000000
194:    0.25700264    0.68750000    0.68750000    0.60000000    0.00000000
195:    0.65357143    1.00000000    1.00000000    1.00000000    1.00000000
196:    0.23907343    0.68421053    0.68421053    0.61538462    0.00000000
197:    0.15277778    0.61538462    0.61538462    0.50000000    0.00000000
198:    0.33630952    0.90909091    0.90909091    0.75000000    0.00000000
199:    0.10606061    0.40000000    0.33333333    0.33333333    0.00000000
200:    0.12500000    0.66666667    0.66666667    0.50000000    0.00000000
201:    0.47628968    0.92307692    0.92307692    0.80000000    0.00000000
202:    0.13888889    0.57142857    0.50000000    0.44444444    0.00000000
203:    0.33333333    0.90000000    0.90000000    1.00000000    0.00000000
204:    0.14880952    0.70000000    0.60000000    0.42857143    0.00000000
205:    0.17777778    0.61538462    0.46153846    0.50000000    0.00000000
206:    0.18409091    0.75000000    0.62500000    0.63636364    0.00000000
207:    0.23680556    0.68750000    0.68750000    0.60000000    0.00000000
208:    0.15000000    0.75000000    0.75000000    0.60000000    0.00000000
209:    0.54583333    1.00000000    1.00000000    1.00000000    0.00000000
210:    0.36900183    0.72222222    0.72222222    0.66666667    0.00000000
211:    0.37083333    0.88888889    0.88888889    0.83333333    0.00000000
212:    0.38928571    1.00000000    0.92307692    0.71428571    0.00000000
213:    0.68283730    0.92307692    0.92307692    0.90000000    0.00000000
214:    0.46250000    1.00000000    1.00000000    0.83333333    0.00000000
215:    0.26250000    0.87500000    0.87500000    0.80000000    1.00000000
216:    0.42500000    1.00000000    1.00000000    1.00000000    1.00000000
217:    0.12685277    0.46666667    0.46666667    0.33333333    0.00000000
218:    0.18680556    0.38461538    0.38461538    0.30000000    0.00000000
219:    0.26250000    0.66666667    0.66666667    0.80000000    0.00000000
220:    0.27095960    0.76190476    0.76190476    0.50000000    0.00000000
221:    0.21078431    0.66666667    0.66666667    0.61111111    0.00000000
222:    0.22767857    0.72727273    0.72727273    0.62500000    0.00000000
223:    0.20863971    0.65000000    0.65000000    0.58823529    0.00000000
224:    0.29017857    0.70000000    0.70000000    0.87500000    0.00000000
225:    0.28068182    0.80000000    0.80000000    0.66666667    0.00000000
226:    0.35000000    1.00000000    0.88888889    0.83333333    0.00000000
227:    0.08333333    0.55555556    0.44444444    0.33333333    0.00000000
228:    0.29265873    0.91666667    0.91666667    0.66666667    0.00000000
229:    0.37397338    0.76000000    0.76000000    0.68421053    0.00000000
230:    0.18939394    0.73333333    0.73333333    0.58333333    0.00000000
231:    0.26250000    1.00000000    1.00000000    0.60000000    0.00000000
232:    0.21666667    0.88888889    0.88888889    0.66666667    0.00000000
233:    0.12500000    0.77777778    0.55555556    0.33333333    0.00000000
234:    0.38333333    1.00000000    0.92307692    0.85714286    0.00000000
235:    0.25892857    0.63636364    0.63636364    0.75000000    0.00000000
236:    0.26405678    0.45454545    0.45454545    0.53333333    0.00000000
237:    0.18571429    0.52380952    0.47619048    0.46666667    0.00000000
238:    0.42013889    1.00000000    0.92307692    1.00000000    0.00000000
239:    0.21666667    0.88888889    0.77777778    0.50000000    0.00000000
240:    0.33184524    0.90909091    0.81818182    0.87500000    1.00000000
241:    0.34589646    0.78571429    0.78571429    0.63636364    0.00000000
242:    0.07142857    0.61538462    0.53846154    0.14285714    0.00000000
243:    0.10000000    0.57142857    0.57142857    0.20000000    0.00000000
244:    0.18452381    0.70000000    0.70000000    0.42857143    0.00000000
245:    0.38928571    0.90000000    0.90000000    0.85714286    0.00000000
246:    0.45922619    0.90909091    0.90909091    0.87500000    0.00000000
247:    0.82475490    1.00000000    1.00000000    1.00000000    0.00000000
248:    0.19780220    0.65000000    0.60000000    0.64285714    0.00000000
249:    0.16666667    0.88888889    0.88888889    0.50000000    0.00000000
250:    0.52728175    0.91666667    0.91666667    0.88888889    0.00000000
251:    0.82569444    0.92857143    0.92857143    0.90909091    0.00000000
252:    0.22619048    0.60000000    0.60000000    0.42857143    1.00000000
253:    0.73333333    1.00000000    1.00000000    1.00000000    0.00000000
254:    0.63491162    1.00000000    0.92857143    0.90909091    0.00000000
255:    0.29166667    1.00000000    0.90000000    1.00000000    0.00000000
256:    0.15544872    0.62500000    0.62500000    0.53846154    0.00000000
257:    0.26190476    0.80000000    0.80000000    0.57142857    0.00000000
258:    0.18571429    0.66666667    0.61111111    0.60000000    1.00000000
259:    0.17467949    0.72222222    0.72222222    0.53846154    1.00000000
260:    0.21666667    0.66666667    0.55555556    0.66666667    0.00000000
261:    0.17500000    0.66666667    0.66666667    0.50000000    1.00000000
262:    0.25555556    0.69230769    0.61538462    0.70000000    0.00000000
263:    0.18452381    0.69230769    0.61538462    0.57142857    0.00000000
264:    0.15000000    0.57142857    0.42857143    0.40000000    0.00000000
265:    0.22023810    0.80000000    0.80000000    0.71428571    1.00000000
266:    0.08333333    0.37500000    0.37500000    0.16666667    0.00000000
267:    0.18452381    0.70000000    0.70000000    0.42857143    0.00000000
268:    0.42083333    0.88888889    0.88888889    0.83333333    0.00000000
269:    0.49047619    0.90909091    0.81818182    1.00000000    0.00000000
270:    0.44412879    0.85714286    0.85714286    0.63636364    0.00000000
271:    0.29613095    0.83333333    0.75000000    0.66666667    0.00000000
272:    0.46031746    0.91666667    0.83333333    0.88888889    0.00000000
273:    0.23327313    0.54166667    0.50000000    0.50000000    0.00000000
274:    0.21250000    0.66666667    0.66666667    0.60000000    0.00000000
275:    0.22321429    0.81818182    0.81818182    0.75000000    0.00000000
276:    0.05555556    0.33333333    0.33333333    0.22222222    0.00000000
277:    0.66616162    0.92857143    0.92857143    0.90909091    0.00000000
278:    0.52619048    1.00000000    1.00000000    1.00000000    0.00000000
279:    0.49185606    0.92857143    0.92857143    0.90909091    1.00000000
280:    0.37083333    0.88888889    0.88888889    0.83333333    0.00000000
281:    0.19196429    0.81818182    0.81818182    0.62500000    0.00000000
282:    0.50178571    0.90000000    0.90000000    0.85714286    0.00000000
283:    0.36755952    1.00000000    1.00000000    0.75000000    0.00000000
284:    0.22023810    0.70000000    0.70000000    0.71428571    0.00000000
285:    0.18571429    0.76190476    0.76190476    0.60000000    0.00000000
286:    0.25892857    0.81818182    0.81818182    0.75000000    0.00000000
287:    0.07692308    0.36842105    0.36842105    0.30769231    0.00000000
288:    0.31250000    0.83333333    0.83333333    0.80000000    0.00000000
289:    0.26666667    0.77777778    0.77777778    0.66666667    0.00000000
290:    0.15625000    0.75000000    0.75000000    0.62500000    1.00000000
291:    0.29265873    0.91666667    0.83333333    0.66666667    0.00000000
292:    0.56121795    0.76190476    0.76190476    0.75000000    0.00000000
293:    0.42500000    0.80000000    0.80000000    1.00000000    0.00000000
294:    0.17922794    0.64000000    0.64000000    0.52941176    0.00000000
295:    0.33154762    0.69230769    0.69230769    0.50000000    0.00000000
296:    0.61785714    1.00000000    1.00000000    1.00000000    1.00000000
297:    0.90525794    1.00000000    1.00000000    0.90000000    0.00000000
298:    0.62232143    0.90909091    0.90909091    0.75000000    0.00000000
299:    0.36755952    1.00000000    1.00000000    0.87500000    0.00000000
300:    0.51934524    1.00000000    0.83333333    0.88888889    0.00000000
301:    0.39880952    1.00000000    1.00000000    1.00000000    0.00000000
302:    0.19141414    0.50000000    0.50000000    0.45454545    0.00000000
303:    0.30766512    0.70270270    0.67567568    0.62068966    0.00000000
304:    0.43169192    0.66666667    0.66666667    0.75000000    0.00000000
305:    0.26250000    1.00000000    1.00000000    0.80000000    0.00000000
306:    0.23055556    0.76923077    0.76923077    0.70000000    0.00000000
307:    0.45265152    0.85714286    0.78571429    0.72727273    0.00000000
308:    0.25833333    0.88888889    0.88888889    0.83333333    0.00000000
309:    0.41250000    0.88888889    0.88888889    0.83333333    0.00000000
310:    0.45922619    0.90909091    0.90909091    0.75000000    0.00000000
311:    0.74659091    1.00000000    1.00000000    0.92307692    0.00000000
312:    0.12500000    0.55555556    0.55555556    0.50000000    0.00000000
313:    0.22767857    0.81818182    0.72727273    0.50000000    0.00000000
314:    0.42013889    1.00000000    1.00000000    1.00000000    0.00000000
315:    0.59672619    1.00000000    0.91666667    1.00000000    0.00000000
316:    0.86954365    1.00000000    1.00000000    1.00000000    0.00000000
317:    0.08333333    0.50000000    0.50000000    0.16666667    0.00000000
318:    0.51666667    1.00000000    0.80000000    1.00000000    0.00000000
319:    0.53769841    0.90909091    0.90909091    0.88888889    1.00000000
320:    0.21666667    0.66666667    0.44444444    0.50000000    0.00000000
321:    0.36736111    0.92307692    0.92307692    0.90000000    0.00000000
322:    0.25595238    0.80000000    0.80000000    0.71428571    1.00000000
323:    0.47628968    0.84615385    0.84615385    0.60000000    0.00000000
324:    0.16071429    0.64285714    0.57142857    0.37500000    0.00000000
325:    0.52500000    0.77777778    0.66666667    0.66666667    0.00000000
326:    0.44747475    0.80000000    0.80000000    0.75000000    0.00000000
327:    0.26934524    0.90909091    0.90909091    0.62500000    0.00000000
328:    0.23686869    0.76470588    0.76470588    0.63636364    0.00000000
329:    0.63491162    1.00000000    0.92857143    0.72727273    0.00000000
330:    0.31190476    0.92307692    0.92307692    0.57142857    0.00000000
331:    0.21666667    0.77777778    0.77777778    0.66666667    0.00000000
332:    0.45833333    1.00000000    1.00000000    0.80000000    0.00000000
333:    0.08333333    0.55555556    0.55555556    0.33333333    0.00000000
334:    0.46607143    0.60000000    0.50000000    0.57142857    0.00000000
335:    0.71921772    0.88571429    0.85714286    0.84000000    0.00000000
336:    0.44494048    0.90909091    0.90909091    0.87500000    0.00000000
337:    0.44494048    0.90909091    0.90909091    0.87500000    0.00000000
338:    0.45128968    0.92307692    0.84615385    0.70000000    0.00000000
339:    0.39135101    0.85714286    0.85714286    0.72727273    0.00000000
340:    0.37083333    0.88888889    0.88888889    0.83333333    0.00000000
341:    0.38928571    0.92307692    0.84615385    0.71428571    0.00000000
342:    0.60357143    1.00000000    1.00000000    1.00000000    0.00000000
343:    0.46250000    1.00000000    0.88888889    1.00000000    0.00000000
344:    0.30505952    0.81818182    0.72727273    0.62500000    0.00000000
345:    0.41250000    0.88888889    0.88888889    1.00000000    0.00000000
346:    0.51835317    0.92307692    0.92307692    1.00000000    1.00000000
347:    0.74659091    1.00000000    1.00000000    0.92307692    0.00000000
348:    0.52728175    0.93750000    0.81250000    0.88888889    0.00000000
349:    0.17013889    0.66666667    0.66666667    0.44444444    0.00000000
350:    0.12500000    0.66666667    0.66666667    0.50000000    1.00000000
351:    0.35654762    0.84615385    0.84615385    0.70000000    0.00000000
352:    0.29613095    0.75000000    0.75000000    0.66666667    0.00000000
353:    0.19444444    0.84615385    0.76923077    0.66666667    0.00000000
354:    0.42500000    1.00000000    1.00000000    1.00000000    0.00000000
355:    0.18452381    0.60000000    0.60000000    0.42857143    0.00000000
356:    0.26250000    0.62500000    0.62500000    0.60000000    0.00000000
357:    0.31458333    0.92307692    0.92307692    0.80000000    0.00000000
358:    0.10714286    0.60000000    0.50000000    0.42857143    0.00000000
359:    0.26934524    0.63636364    0.63636364    0.50000000    0.00000000
360:    0.14236111    0.46666667    0.46666667    0.33333333    0.00000000
361:    0.45265152    0.78571429    0.78571429    0.72727273    0.00000000
362:    0.04166667    0.37500000    0.37500000    0.16666667    1.00000000
363:    0.30059524    0.81818182    0.72727273    0.50000000    0.00000000
364:    0.19791667    0.83333333    0.83333333    0.55555556    0.00000000
365:    0.70535714    1.00000000    0.93333333    1.00000000    0.00000000
366:    0.25744048    0.52631579    0.47368421    0.62500000    0.00000000
367:    0.49494048    0.90909091    0.81818182    0.87500000    0.00000000
368:    0.23914141    0.50000000    0.50000000    0.54545455    0.00000000
369:    0.31190476    0.80000000    0.80000000    0.71428571    0.00000000
370:    0.18055556    0.46153846    0.46153846    0.50000000    0.00000000
371:    0.52906746    1.00000000    0.92307692    0.90000000    0.00000000
372:    0.18770655    0.60000000    0.51428571    0.44444444    0.00000000
373:    0.13888889    0.52000000    0.48000000    0.55555556    0.00000000
374:    0.53750000    1.00000000    0.90000000    0.85714286    0.00000000
375:    0.45218636    0.62500000    0.62500000    0.62500000    0.00000000
376:    0.08333333    0.50000000    0.50000000    0.16666667    0.00000000
377:    0.51934524    1.00000000    1.00000000    1.00000000    1.00000000
378:    0.67234432    0.94736842    0.89473684    1.00000000    0.00000000
379:    0.22916667    0.75000000    0.75000000    0.66666667    0.00000000
380:    0.21474359    0.68750000    0.62500000    0.69230769    0.00000000
381:    0.18452381    0.90000000    0.80000000    0.42857143    0.00000000
382:    0.15000000    0.57142857    0.42857143    0.40000000    0.00000000
383:    0.28819444    0.91666667    0.83333333    0.77777778    0.00000000
384:    0.18452381    0.70000000    0.70000000    0.57142857    0.00000000
385:    0.16071429    0.54545455    0.54545455    0.50000000    0.00000000
386:    0.25833333    0.88888889    0.88888889    0.83333333    0.00000000
387:    0.31920163    0.81250000    0.68750000    0.69230769    0.00000000
388:    0.19589461    0.56521739    0.56521739    0.52941176    0.00000000
389:    0.20555556    0.69230769    0.69230769    0.40000000    0.00000000
390:    0.23626374    0.57894737    0.57894737    0.50000000    0.00000000
391:    0.11111111    0.55172414    0.55172414    0.44444444    1.00000000
392:    0.30059524    0.81818182    0.81818182    0.62500000    0.00000000
393:    0.19196429    0.81818182    0.81818182    0.62500000    0.00000000
394:    0.21666667    0.77777778    0.77777778    0.66666667    0.00000000
395:    0.25694444    0.80000000    0.80000000    0.55555556    0.00000000
396:    0.40838328    0.78260870    0.78260870    0.64285714    1.00000000
397:    0.69292929    1.00000000    1.00000000    0.91666667    0.00000000
398:    0.60833333    1.00000000    1.00000000    1.00000000    0.00000000
399:    0.65833333    0.88888889    0.88888889    1.00000000    0.00000000
400:    0.90833333    1.00000000    1.00000000    1.00000000    0.00000000
401:    0.26250000    0.66666667    0.33333333    0.80000000    0.00000000
402:    0.27619048    0.69230769    0.61538462    0.57142857    0.00000000
403:    0.47525253    0.80000000    0.80000000    0.75000000    0.00000000
404:    0.21401515    0.62500000    0.62500000    0.58333333    0.00000000
405:    0.38333333    0.90000000    0.90000000    0.85714286    0.00000000
406:    0.20000000    0.87500000    0.87500000    0.80000000    0.00000000
407:    0.22916667    0.58333333    0.58333333    0.66666667    0.00000000
408:    0.31262626    0.71428571    0.71428571    0.58333333    0.00000000
409:    0.36862374    0.78571429    0.78571429    0.72727273    0.00000000
410:    0.53667929    0.85714286    0.85714286    0.72727273    0.00000000
411:    0.30833333    0.66666667    0.66666667    0.83333333    0.00000000
412:    0.26250000    0.87500000    0.87500000    0.80000000    0.00000000
413:    0.26190476    0.80000000    0.80000000    0.71428571    0.00000000
414:    0.67757937    1.00000000    1.00000000    0.88888889    0.00000000
415:    0.30833333    0.88888889    0.88888889    0.83333333    0.00000000
416:    0.15000000    1.00000000    1.00000000    0.40000000    1.00000000
417:    0.32500000    0.87500000    0.87500000    0.80000000    0.00000000
418:    0.32390873    0.91666667    0.83333333    0.77777778    0.00000000
419:    0.25959596    0.62500000    0.62500000    0.72727273    0.00000000
420:    0.22619048    0.70000000    0.70000000    0.57142857    0.00000000
421:    0.16666667    0.80000000    0.60000000    0.50000000    0.00000000
422:    0.12500000    0.50000000    0.50000000    0.50000000    0.00000000
423:    0.41250000    1.00000000    1.00000000    1.00000000    0.00000000
424:    0.15000000    0.75000000    0.50000000    0.60000000    0.00000000
425:    0.50406746    0.84615385    0.84615385    0.80000000    0.00000000
426:    0.52906746    0.92307692    0.92307692    0.90000000    0.00000000
427:    0.06250000    0.27272727    0.27272727    0.12500000    0.00000000
428:    0.38928571    0.90000000    0.90000000    0.85714286    0.00000000
429:    0.12500000    0.55555556    0.55555556    0.50000000    0.00000000
430:    0.46607143    0.80000000    0.70000000    0.71428571    0.00000000
431:    0.52619048    1.00000000    1.00000000    1.00000000    0.00000000
432:    0.35168651    0.66666667    0.66666667    0.66666667    0.00000000
433:    0.16666667    0.77777778    0.77777778    0.50000000    0.00000000
434:    0.17013889    0.50000000    0.33333333    0.44444444    0.00000000
435:    0.12500000    0.71428571    0.57142857    0.50000000    1.00000000
436:    0.21984266    0.57894737    0.57894737    0.46153846    0.00000000
437:    0.21250000    0.87500000    0.75000000    0.60000000    0.00000000
438:    0.35618687    0.80000000    0.80000000    0.75000000    0.00000000
439:    0.00000000    0.33333333    0.33333333    0.00000000    0.00000000
440:    0.26934524    0.81818182    0.81818182    0.62500000    0.00000000
441:    0.78273810    1.00000000    1.00000000    1.00000000    0.00000000
442:    0.22023810    0.60000000    0.60000000    0.71428571    0.00000000
443:    0.31599130    0.61904762    0.61904762    0.56250000    0.00000000
444:    0.28958333    0.76923077    0.76923077    0.70000000    0.00000000
445:    0.27786172    0.63636364    0.59090909    0.62500000    0.00000000
446:    0.44747475    0.80000000    0.80000000    0.75000000    0.00000000
447:    0.73181818    0.85714286    0.85714286    0.83333333    0.00000000
448:    0.36309524    0.50000000    0.50000000    0.55555556    0.00000000
449:    0.14236111    0.50000000    0.33333333    0.44444444    1.00000000
450:    0.23907343    0.62500000    0.62500000    0.61538462    0.00000000
451:    0.18452381    0.92307692    0.92307692    0.28571429    0.00000000
452:    0.26190476    0.90000000    0.90000000    0.71428571    0.00000000
453:    0.20000000    0.87500000    0.87500000    0.60000000    0.00000000
454:    0.22777778    0.92307692    0.92307692    0.80000000    0.00000000
455:    0.21666667    0.77777778    0.77777778    0.66666667    0.00000000
456:    0.25761524    0.60869565    0.60869565    0.65000000    0.00000000
457:    0.12500000    0.66666667    0.66666667    0.33333333    0.00000000
458:    0.06250000    0.36363636    0.36363636    0.12500000    0.00000000
459:    0.25595238    0.80000000    0.80000000    0.71428571    0.00000000
460:    0.14236111    0.40000000    0.33333333    0.44444444    1.00000000
461:    0.50178571    1.00000000    0.90000000    0.85714286    0.00000000
462:    0.23914141    0.56250000    0.56250000    0.54545455    0.00000000
463:    0.29179293    0.60000000    0.53333333    0.58333333    0.00000000
464:    0.85871212    1.00000000    1.00000000    1.00000000    0.00000000
465:    0.43253968    0.83333333    0.83333333    0.66666667    0.00000000
466:    0.34761905    0.90000000    0.90000000    0.85714286    0.00000000
467:    0.12500000    0.70000000    0.60000000    0.33333333    0.00000000
468:    0.15705128    0.35294118    0.35294118    0.38461538    0.00000000
469:    0.26190476    0.80000000    0.70000000    0.71428571    1.00000000
470:    0.24644608    0.40740741    0.40740741    0.44444444    0.00000000
471:    0.11698718    0.52380952    0.52380952    0.30769231    1.00000000
472:    0.17500000    0.66666667    0.66666667    0.50000000    0.00000000
473:    0.25833333    1.00000000    0.88888889    0.83333333    0.00000000
474:    0.59672619    1.00000000    0.91666667    1.00000000    0.00000000
475:    0.27034314    0.82608696    0.82608696    0.76470588    0.00000000
476:    0.65357143    1.00000000    1.00000000    0.87500000    0.00000000
477:    0.26250000    0.87500000    0.87500000    0.80000000    0.00000000
478:    0.16071429    0.63636364    0.63636364    0.50000000    0.00000000
479:    0.22916667    0.75000000    0.75000000    0.66666667    0.00000000
480:    0.42500000    0.90000000    0.90000000    1.00000000    0.00000000
481:    0.16666667    0.77777778    0.77777778    0.50000000    0.00000000
482:    0.33333333    0.90000000    0.90000000    0.85714286    0.00000000
483:    0.48446970    0.60000000    0.60000000    0.75000000    0.00000000
484:    0.18452381    0.80000000    0.70000000    0.57142857    0.00000000
485:    0.20277778    0.84615385    0.69230769    0.70000000    0.00000000
486:    0.33630952    0.90909091    0.90909091    0.75000000    0.00000000
487:    0.22023810    1.00000000    0.90000000    0.71428571    0.00000000
488:    0.31458333    0.68750000    0.68750000    0.50000000    0.00000000
489:    0.22023810    0.69230769    0.69230769    0.71428571    0.00000000
490:    0.75265152    0.93333333    0.93333333    0.91666667    0.00000000
491:    0.46551891    0.67857143    0.67857143    0.77272727    0.00000000
492:    0.42797619    0.78571429    0.78571429    0.62500000    0.00000000
493:    0.26666667    0.66666667    0.66666667    0.66666667    0.00000000
494:    0.24557005    0.76190476    0.76190476    0.56250000    0.00000000
495:    0.35168651    0.75000000    0.75000000    0.88888889    0.00000000
496:    0.45922619    0.72727273    0.54545455    0.50000000    0.00000000
497:    0.26458333    0.69230769    0.61538462    0.60000000    0.00000000
498:    0.33151552    0.69565217    0.65217391    0.72222222    0.00000000
499:    0.12946429    0.54545455    0.54545455    0.25000000    0.00000000
500:    0.16071429    0.45454545    0.36363636    0.50000000    0.00000000
501:    0.10000000    0.62500000    0.62500000    0.40000000    0.00000000
502:    0.29613095    0.66666667    0.66666667    0.66666667    0.00000000
503:    0.43253968    0.83333333    0.83333333    0.77777778    0.00000000
504:    0.22023810    0.80000000    0.80000000    0.71428571    1.00000000
505:    0.44412879    0.71428571    0.64285714    0.72727273    0.00000000
506:    0.22321429    0.92307692    0.92307692    0.75000000    0.00000000
507:    0.16208791    0.70000000    0.70000000    0.57142857    0.00000000
508:    0.20744048    0.60000000    0.60000000    0.62500000    0.00000000
509:    0.19545455    0.60000000    0.60000000    0.50000000    0.00000000
510:    0.21666667    0.70000000    0.60000000    0.66666667    0.00000000
511:    0.14935065    0.35483871    0.32258065    0.45454545    0.00000000
512:    0.22321429    0.81818182    0.81818182    0.75000000    0.00000000
513:    0.33535354    0.80000000    0.73333333    0.50000000    0.00000000
514:    0.14772727    0.68421053    0.68421053    0.50000000    0.00000000
515:    0.17500000    0.55555556    0.55555556    0.50000000    0.00000000
516:    0.50178571    0.80000000    0.80000000    0.85714286    0.00000000
517:    0.49494048    0.81818182    0.81818182    0.87500000    0.00000000
518:    0.49494048    0.90909091    0.90909091    0.87500000    0.00000000
519:    0.22023810    1.00000000    1.00000000    0.57142857    0.00000000
520:    0.32390873    0.66666667    0.50000000    0.77777778    0.00000000
521:    0.12500000    0.57142857    0.57142857    0.37500000    0.00000000
522:    0.15000000    0.87500000    0.87500000    0.60000000    0.00000000
523:    0.37083333    0.88888889    0.88888889    0.83333333    0.00000000
524:    0.14166667    0.66666667    0.66666667    0.50000000    0.00000000
525:    0.27619048    0.70000000    0.70000000    0.57142857    0.00000000
526:    0.16648284    0.52173913    0.52173913    0.41176471    1.00000000
527:    0.42638889    0.76923077    0.76923077    0.80000000    0.00000000
528:    0.10000000    0.42857143    0.42857143    0.40000000    0.00000000
529:    0.55505952    0.83333333    0.83333333    0.88888889    0.00000000
530:    0.32390873    0.80000000    0.80000000    0.66666667    0.00000000
531:    0.12500000    0.52941176    0.47058824    0.42857143    0.00000000
532:    0.16136364    0.42857143    0.42857143    0.54545455    0.00000000
533:    0.20000000    0.87500000    0.75000000    0.80000000    0.00000000
534:    0.46250000    0.88888889    0.77777778    1.00000000    0.00000000
535:    0.47628968    0.93750000    0.93750000    0.70000000    0.00000000
536:    0.65595238    0.90000000    0.90000000    0.57142857    0.00000000
537:    0.59570707    0.78571429    0.78571429    0.63636364    0.00000000
538:    0.62380952    1.00000000    1.00000000    0.90000000    1.00000000
539:    0.22767857    0.81818182    0.72727273    0.62500000    1.00000000
540:    0.06250000    0.54545455    0.36363636    0.25000000    0.00000000
541:    0.17857143    0.50000000    0.50000000    0.71428571    0.00000000
542:    0.21250000    0.75000000    0.75000000    0.60000000    0.00000000
543:    0.46830808    0.93750000    0.93750000    0.83333333    0.00000000
544:    0.33184524    1.00000000    0.90909091    0.75000000    0.00000000
545:    0.51666667    0.90000000    0.90000000    0.85714286    1.00000000
546:    0.25833333    0.77777778    0.77777778    0.66666667    1.00000000
547:    0.29761905    0.90000000    0.90000000    0.71428571    0.00000000
548:    0.14546784    0.62962963    0.59259259    0.52631579    1.00000000
549:    0.38928571    0.90000000    0.90000000    0.85714286    0.00000000
550:    0.32590462    0.50000000    0.50000000    0.62500000    0.00000000
551:    0.29265873    0.83333333    0.75000000    0.77777778    0.00000000
552:    0.50406746    0.84615385    0.84615385    0.80000000    0.00000000
553:    0.15625000    0.71428571    0.71428571    0.50000000    0.00000000
554:    0.12946429    0.50000000    0.50000000    0.25000000    0.00000000
555:    0.54048848    0.95652174    0.95652174    0.90000000    0.00000000
556:    0.15000000    0.57142857    0.42857143    0.40000000    0.00000000
557:    0.39558824    0.90476190    0.90476190    0.88235294    0.00000000
558:    0.21666667    0.66666667    0.66666667    0.50000000    0.00000000
559:    0.08333333    0.46666667    0.46666667    0.33333333    0.00000000
560:    0.29265873    0.75000000    0.75000000    0.77777778    0.00000000
561:    0.28459596    0.78571429    0.78571429    0.63636364    0.00000000
562:    0.12500000    0.72727273    0.72727273    0.37500000    0.00000000
563:    0.12500000    0.63636364    0.54545455    0.50000000    0.00000000
564:    0.21666667    0.77777778    0.77777778    0.66666667    0.00000000
565:    0.27619048    0.69230769    0.61538462    0.57142857    0.00000000
566:    0.16666667    0.66666667    0.66666667    0.66666667    0.00000000
567:    0.58660714    0.90909091    0.90909091    0.87500000    0.00000000
568:    0.26250000    0.87500000    0.87500000    0.80000000    0.00000000
569:    0.20555556    0.61538462    0.53846154    0.60000000    0.00000000
570:    0.35168651    0.83333333    0.83333333    0.77777778    0.00000000
571:    0.52677739    0.75000000    0.75000000    0.76923077    0.00000000
572:    0.33333333    1.00000000    1.00000000    1.00000000    0.00000000
573:    0.08333333    0.44444444    0.44444444    0.33333333    0.00000000
574:    0.12500000    0.53846154    0.53846154    0.50000000    0.00000000
575:    0.37083333    0.88888889    0.88888889    0.83333333    1.00000000
576:    0.56940559    0.87500000    0.87500000    0.84615385    0.00000000
577:    0.12500000    0.77777778    0.77777778    0.33333333    0.00000000
578:    0.22321429    0.81818182    0.81818182    0.75000000    0.00000000
579:    0.23626374    0.76470588    0.76470588    0.71428571    0.00000000
580:    0.19196429    0.72727273    0.63636364    0.62500000    0.00000000
581:    0.33333333    0.90000000    0.90000000    1.00000000    0.00000000
582:    0.47628968    0.84615385    0.76923077    0.80000000    0.00000000
583:    0.33333333    1.00000000    0.90000000    1.00000000    0.00000000
584:    0.15000000    0.75000000    0.75000000    0.60000000    1.00000000
585:    0.40492424    0.64285714    0.64285714    0.63636364    0.00000000
586:    0.79015152    1.00000000    1.00000000    1.00000000    0.00000000
587:    0.26934524    0.72727273    0.72727273    0.50000000    0.00000000
588:    0.44494048    0.90909091    0.90909091    0.87500000    0.00000000
589:    0.22000916    0.70588235    0.70588235    0.64285714    0.00000000
590:    0.11041667    0.48000000    0.48000000    0.37500000    0.00000000
591:    0.28472222    0.91666667    0.91666667    0.88888889    0.00000000
592:    0.16071429    0.71428571    0.71428571    0.12500000    0.00000000
593:    0.48365385    0.68421053    0.57894737    0.66666667    0.00000000
594:    0.15000000    0.42857143    0.42857143    0.60000000    0.00000000
595:    0.14797794    0.59090909    0.54545455    0.47058824    1.00000000
596:    0.45128968    0.76923077    0.76923077    0.70000000    0.00000000
597:    0.35898079    0.74074074    0.70370370    0.66666667    0.00000000
598:    0.33630952    0.81818182    0.81818182    0.62500000    0.00000000
599:    0.10461957    0.54838710    0.54838710    0.33333333    0.00000000
600:    0.19196429    0.72727273    0.63636364    0.50000000    0.00000000
601:    0.30505952    0.72727273    0.72727273    0.62500000    0.00000000
602:    0.26250000    0.83333333    0.83333333    0.80000000    0.00000000
603:    0.37083333    0.88888889    0.77777778    0.66666667    0.00000000
604:    0.21414141    0.71428571    0.71428571    0.54545455    0.00000000
605:    0.21666667    0.75000000    0.75000000    0.66666667    0.00000000
606:    0.46250000    1.00000000    1.00000000    1.00000000    0.00000000
607:    0.22619048    0.69230769    0.61538462    0.42857143    0.00000000
608:    0.62380952    1.00000000    1.00000000    0.90000000    0.00000000
609:    0.14285714    0.50000000    0.50000000    0.42857143    0.00000000
610:    0.45922619    0.90909091    0.90909091    0.75000000    0.00000000
611:    0.20138889    0.66666667    0.66666667    0.55555556    0.00000000
612:    0.12946429    0.28571429    0.21428571    0.37500000    0.00000000
613:    0.26190476    0.80000000    0.80000000    0.71428571    0.00000000
614:    0.30340909    0.80000000    0.60000000    0.75000000    0.00000000
615:    0.45858586    0.73333333    0.73333333    0.66666667    0.00000000
616:    0.49494048    1.00000000    1.00000000    0.87500000    0.00000000
617:    0.14285714    0.60000000    0.60000000    0.57142857    0.00000000
618:    0.30833333    1.00000000    1.00000000    0.83333333    0.00000000
619:    0.30059524    0.90909091    0.81818182    0.75000000    0.00000000
620:    0.08333333    0.55555556    0.44444444    0.33333333    0.00000000
621:    0.17777778    0.69230769    0.61538462    0.60000000    0.00000000
622:    0.10000000    0.42857143    0.42857143    0.40000000    1.00000000
623:    0.37083333    0.88888889    0.88888889    0.66666667    0.00000000
624:    0.80257937    1.00000000    1.00000000    1.00000000    0.00000000
625:    0.31262626    0.66666667    0.66666667    0.66666667    0.00000000
626:    0.60353535    0.86666667    0.86666667    0.83333333    0.00000000
627:    0.53769841    0.92857143    0.92857143    0.88888889    1.00000000
628:    0.22023810    0.80000000    0.80000000    0.57142857    0.00000000
629:    0.15000000    0.87500000    0.75000000    0.60000000    0.00000000
630:    0.74760101    0.93333333    0.93333333    0.91666667    0.00000000
631:    0.43452381    1.00000000    1.00000000    0.87500000    0.00000000
632:    0.52113095    1.00000000    1.00000000    0.90000000    0.00000000
633:    0.11458333    0.50000000    0.50000000    0.33333333    0.00000000
634:    0.33184524    1.00000000    0.90909091    0.87500000    0.00000000
635:    0.25833333    1.00000000    1.00000000    0.66666667    0.00000000
636:    0.28472222    0.91666667    0.91666667    0.88888889    0.00000000
637:    0.23680556    0.61538462    0.61538462    0.60000000    0.00000000
638:    0.34573413    0.75000000    0.66666667    0.44444444    1.00000000
639:    0.29108018    0.68181818    0.68181818    0.64705882    0.00000000
640:    0.12500000    0.60000000    0.60000000    0.50000000    0.00000000
641:    0.18452381    0.70000000    0.70000000    0.42857143    0.00000000
642:    0.63600668    0.87500000    0.87500000    0.80952381    0.00000000
643:    0.61785714    0.81818182    0.81818182    1.00000000    0.00000000
644:    0.91597222    1.00000000    0.92857143    1.00000000    0.00000000
645:    0.15544872    0.68421053    0.68421053    0.46153846    1.00000000
646:    0.72748085    0.94117647    0.94117647    0.92857143    0.00000000
647:    0.26250000    1.00000000    1.00000000    0.80000000    0.00000000
648:    0.36736111    0.92307692    0.84615385    0.80000000    1.00000000
649:    0.68888889    0.78571429    0.78571429    1.00000000    0.00000000
650:    0.15277778    0.53846154    0.46153846    0.50000000    0.00000000
651:    0.14797794    0.57142857    0.52380952    0.47058824    0.00000000
652:    0.66119297    0.88235294    0.88235294    0.92857143    0.00000000
653:    0.14772727    0.66666667    0.66666667    0.41666667    0.00000000
654:    0.12500000    0.66666667    0.66666667    0.50000000    0.00000000
655:    0.32390873    0.83333333    0.83333333    0.77777778    0.00000000
656:    0.20277778    0.84615385    0.69230769    0.70000000    0.00000000
657:    0.16208791    0.61111111    0.61111111    0.57142857    0.00000000
658:    0.25892857    0.90909091    0.90909091    0.62500000    0.00000000
659:    0.52728175    0.91666667    0.91666667    0.88888889    0.00000000
660:    0.23710317    0.58333333    0.58333333    0.55555556    0.00000000
661:    0.19791667    0.66666667    0.66666667    0.66666667    0.00000000
662:    0.59603175    0.92307692    0.92307692    0.80000000    0.00000000
663:    0.57232143    0.90909091    0.90909091    0.75000000    0.00000000
664:    0.14583333    0.56250000    0.37500000    0.50000000    0.00000000
665:    0.18452381    0.70000000    0.70000000    0.57142857    0.00000000
666:    0.21666667    0.77777778    0.77777778    0.66666667    1.00000000
667:    0.17500000    0.55555556    0.55555556    0.50000000    0.00000000
668:    0.16666667    0.77777778    0.77777778    0.66666667    0.00000000
669:    0.10000000    0.61538462    0.53846154    0.40000000    0.00000000
670:    0.05000000    0.42857143    0.42857143    0.20000000    0.00000000
671:    0.20357143    0.77777778    0.72222222    0.60000000    1.00000000
672:    0.27078755    0.50000000    0.50000000    0.40000000    0.00000000
673:    0.37351190    0.75000000    0.75000000    0.66666667    0.00000000
674:    0.45833333    1.00000000    1.00000000    1.00000000    0.00000000
675:    0.57232143    0.72727273    0.63636364    0.62500000    0.00000000
676:    0.42797619    0.81818182    0.81818182    0.75000000    0.00000000
677:    0.32916667    0.88888889    0.77777778    0.66666667    0.00000000
678:    0.81398810    1.00000000    1.00000000    1.00000000    0.00000000
679:    0.26250000    0.87500000    0.87500000    0.80000000    1.00000000
680:    0.11666667    0.57142857    0.47619048    0.46666667    0.00000000
681:    0.08392857    0.34482759    0.27586207    0.23809524    0.00000000
682:    0.07894737    0.45454545    0.40909091    0.31578947    0.00000000
683:    0.22321429    0.90909091    0.81818182    0.75000000    0.00000000
684:    0.17628205    0.44444444    0.44444444    0.53846154    0.00000000
685:    0.15000000    0.75000000    0.75000000    0.60000000    0.00000000
686:    0.38282828    0.61538462    0.53846154    0.72727273    0.00000000
687:    0.25613553    0.66666667    0.66666667    0.73333333    0.00000000
688:    0.10000000    0.42857143    0.42857143    0.40000000    1.00000000
689:    0.18452381    0.80000000    0.70000000    0.42857143    0.00000000
690:    0.14236111    0.58333333    0.58333333    0.33333333    0.00000000
691:    0.31759907    0.93750000    0.93750000    0.76923077    0.00000000
692:    0.25595238    0.92307692    0.92307692    0.85714286    0.00000000
693:    0.46031746    0.91666667    0.91666667    0.88888889    0.00000000
694:    0.12500000    0.66666667    0.66666667    0.33333333    0.00000000
695:    0.25480769    0.68750000    0.68750000    0.69230769    0.00000000
696:    0.21666667    0.77777778    0.77777778    0.66666667    0.00000000
697:    0.33864469    0.70000000    0.70000000    0.53333333    0.00000000
698:    0.81051587    1.00000000    1.00000000    1.00000000    0.00000000
699:    0.35515873    0.83333333    0.83333333    0.66666667    0.00000000
700:    0.31250000    0.75000000    0.75000000    0.88888889    0.00000000
701:    0.35000000    0.88888889    0.88888889    1.00000000    0.00000000
702:    0.40833333    0.66666667    0.66666667    0.80000000    0.00000000
703:    0.23809524    0.54545455    0.54545455    0.50000000    0.00000000
704:    0.21666667    0.77777778    0.66666667    0.66666667    0.00000000
705:    0.20848214    0.63157895    0.57894737    0.56250000    0.00000000
706:    0.08333333    0.37500000    0.37500000    0.16666667    1.00000000
707:    0.08333333    0.55555556    0.55555556    0.33333333    0.00000000
708:    0.14880952    0.50000000    0.50000000    0.28571429    0.00000000
709:    0.74166667    1.00000000    1.00000000    0.81818182    0.00000000
710:    0.34589646    0.71428571    0.71428571    0.63636364    1.00000000
711:    0.21666667    0.77777778    0.77777778    0.66666667    1.00000000
712:    0.32916667    0.77777778    0.77777778    0.66666667    0.00000000
713:    0.31190476    0.80000000    0.80000000    0.57142857    0.00000000
714:    0.84583333    1.00000000    1.00000000    1.00000000    1.00000000
715:    0.23055556    0.76923077    0.76923077    0.70000000    0.00000000
716:    0.32916667    0.77777778    0.77777778    0.66666667    0.00000000
717:    0.45128968    0.69230769    0.69230769    0.70000000    0.00000000
718:    0.58809524    1.00000000    1.00000000    0.90000000    0.00000000
719:    0.31190476    0.84615385    0.76923077    0.57142857    0.00000000
720:    0.15625000    0.72727273    0.63636364    0.62500000    0.00000000
721:    0.33630952    0.72727273    0.63636364    0.75000000    1.00000000
722:    0.10131579    0.32142857    0.32142857    0.30000000    0.00000000
723:    0.33630952    0.81818182    0.72727273    0.62500000    0.00000000
724:    0.19196429    0.72727273    0.72727273    0.62500000    0.00000000
725:    0.10000000    0.62500000    0.62500000    0.40000000    0.00000000
726:    0.80416667    1.00000000    1.00000000    1.00000000    0.00000000
727:    0.00000000    0.09090909    0.09090909    0.00000000    0.00000000
728:    0.44835804    0.80000000    0.80000000    0.76000000    0.00000000
729:    0.85871212    0.93750000    0.87500000    1.00000000    0.00000000
730:    0.43253968    0.83333333    0.83333333    0.77777778    0.00000000
731:    0.25595238    0.80000000    0.80000000    0.71428571    0.00000000
732:    0.36862374    0.85714286    0.85714286    0.72727273    0.00000000
733:    0.59659091    0.90476190    0.90476190    0.91666667    0.00000000
734:    0.25892857    0.85714286    0.85714286    0.62500000    1.00000000
735:    0.27619048    0.69230769    0.61538462    0.42857143    0.00000000
736:    0.25833333    0.66666667    0.66666667    0.66666667    0.00000000
737:    0.55406746    1.00000000    1.00000000    1.00000000    0.00000000
738:    0.71312021    0.82352941    0.82352941    0.78571429    0.00000000
739:    0.12500000    0.63636364    0.63636364    0.50000000    0.00000000
740:    0.31190476    0.80000000    0.80000000    0.71428571    0.00000000
741:    0.40488678    0.70588235    0.64705882    0.57142857    0.00000000
742:    0.52619048    0.90909091    0.81818182    0.87500000    0.00000000
743:    0.34761905    1.00000000    0.80000000    0.71428571    0.00000000
744:    0.10000000    0.62500000    0.50000000    0.40000000    0.00000000
745:    0.16071429    0.57142857    0.57142857    0.50000000    0.00000000
746:    0.33086768    0.41379310    0.37931034    0.47826087    0.00000000
747:    0.17777778    0.69230769    0.69230769    0.50000000    0.00000000
748:    0.14285714    0.69230769    0.61538462    0.57142857    0.00000000
749:    0.18452381    0.84615385    0.84615385    0.42857143    0.00000000
750:    0.53769841    0.66666667    0.66666667    0.77777778    0.00000000
751:    0.48446970    0.80000000    0.80000000    0.66666667    0.00000000
752:    0.42906746    0.91666667    0.91666667    0.88888889    0.00000000
753:    0.46136364    0.94444444    0.94444444    1.00000000    0.00000000
754:    0.35654762    0.76923077    0.76923077    0.60000000    0.00000000
755:    0.13888889    0.53333333    0.53333333    0.44444444    0.00000000
756:    0.21666667    0.77777778    0.77777778    0.50000000    0.00000000
757:    0.20833333    0.88888889    0.88888889    0.83333333    0.00000000
758:    0.65833333    0.88888889    0.88888889    0.83333333    0.00000000
759:    0.26250000    0.66666667    0.66666667    0.80000000    0.00000000
760:    0.41369048    0.81818182    0.81818182    0.75000000    0.00000000
761:    0.80416667    0.77777778    0.77777778    1.00000000    0.00000000
762:    0.36755952    0.63636364    0.63636364    0.75000000    0.00000000
763:    0.16054779    0.52380952    0.42857143    0.38461538    0.00000000
764:    0.21250000    0.75000000    0.75000000    0.60000000    1.00000000
765:    0.05000000    0.30769231    0.23076923    0.20000000    0.00000000
766:    0.10000000    0.75000000    0.75000000    0.40000000    0.00000000
767:    0.37083333    0.88888889    0.88888889    0.83333333    0.00000000
768:    0.15625000    0.64285714    0.64285714    0.50000000    0.00000000
769:    0.62797619    0.91666667    0.91666667    1.00000000    0.00000000
770:    0.15000000    0.50000000    0.50000000    0.60000000    0.00000000
771:    0.31190476    0.69230769    0.69230769    0.57142857    0.00000000
772:    0.21666667    0.88888889    0.77777778    0.66666667    0.00000000
773:    0.32773477    0.70588235    0.64705882    0.57142857    0.00000000
774:    0.16071429    0.72727273    0.72727273    0.37500000    0.00000000
775:    0.12500000    0.77777778    0.66666667    0.50000000    0.00000000
776:    0.58809524    0.92307692    0.92307692    0.90000000    0.00000000
777:    0.29613095    0.75000000    0.75000000    0.66666667    0.00000000
778:    0.33630952    0.81818182    0.81818182    0.75000000    0.00000000
779:    0.58630952    1.00000000    1.00000000    1.00000000    0.00000000
780:    0.49494048    1.00000000    0.90909091    0.87500000    0.00000000
781:    0.72159091    1.00000000    1.00000000    1.00000000    1.00000000
782:    0.20215201    0.60000000    0.60000000    0.57142857    0.00000000
783:    0.49494048    0.90909091    0.81818182    0.87500000    0.00000000
784:    0.57575758    0.73684211    0.73684211    0.83333333    0.00000000
785:    0.22321429    0.85714286    0.85714286    0.75000000    0.00000000
786:    0.33184524    0.85714286    0.85714286    0.75000000    0.00000000
787:    0.17045455    0.47058824    0.47058824    0.41666667    0.00000000
788:    0.45252525    0.86666667    0.86666667    0.83333333    0.00000000
789:    0.63956876    0.75000000    0.68750000    0.84615385    0.00000000
790:    0.19511524    0.60000000    0.52000000    0.40000000    0.00000000
791:    0.21666667    0.66666667    0.66666667    0.50000000    0.00000000
792:    0.33154762    0.69230769    0.69230769    0.50000000    0.00000000
793:    0.38928571    0.90000000    0.90000000    0.85714286    0.00000000
794:    0.27682005    0.66666667    0.66666667    0.68750000    0.00000000
795:    0.26190476    0.80000000    0.80000000    0.71428571    0.00000000
796:    0.11538462    0.50000000    0.50000000    0.46153846    0.00000000
797:    0.80416667    1.00000000    0.77777778    1.00000000    0.00000000
798:    0.59603175    0.92307692    0.92307692    0.90000000    0.00000000
799:    0.16666667    0.88888889    0.88888889    0.50000000    0.00000000
800:    0.41250000    1.00000000    1.00000000    1.00000000    0.00000000
